,accuracy,balanced_accuracy,recall,precision,auc,pr_auc,f1_score,f2_score,log_loss
0,0.9441666666666667,0.7709921177773436,0.5503875968992248,0.8875,0.7709921177773436,0.743110465116279,0.6794258373205742,0.5956375838926175,1.9284210123632404
1,0.9416666666666667,0.7593642108005993,0.5271317829457365,0.8831168831168831,0.7593642108005995,0.7305409996979764,0.6601941747572817,0.5733558178752108,2.014767953350517
2,0.9433333333333334,0.7671161487850955,0.5426356589147286,0.8860759493670886,0.7671161487850955,0.7389391374742419,0.673076923076923,0.5882352941176471,1.9572033260256656
3,0.9433333333333334,0.7602979176166591,0.5271317829457365,0.9066666666666666,0.7602979176166591,0.7423158914728683,0.6666666666666666,0.5752961082910323,1.9572019933632825
4,0.945,0.7680498556011552,0.5426356589147286,0.9090909090909091,0.7680498556011552,0.7504466173361523,0.6796116504854368,0.5902192242833052,1.899637366038431
5,0.9383333333333334,0.7506785660000435,0.5116279069767442,0.8571428571428571,0.7506785660000435,0.7106353820598007,0.6407766990291262,0.5564924114671164,2.1298985406626034
6,0.9408333333333333,0.7623064729767877,0.5348837209302325,0.8625,0.7623064729767877,0.7236918604651164,0.6602870813397129,0.5788590604026845,2.043551599675326
7,0.9408333333333333,0.7588973573925695,0.5271317829457365,0.8717948717948718,0.7588973573925695,0.7248799940369708,0.6570048309178744,0.5723905723905724,2.0435509333441346
8,0.9425,0.7530128330401928,0.5116279069767442,0.9166666666666666,0.7530128330401928,0.7403972868217055,0.6567164179104478,0.5612244897959182,1.9859836406945162
9,0.9416666666666667,0.7661824419690357,0.5426356589147286,0.8641975308641975,0.7661824419690358,0.7279999282227964,0.6666666666666666,0.5862646566164154,2.0147692860129007
10,0.9433333333333334,0.7637070332008773,0.5348837209302325,0.8961038961038961,0.7637070332008773,0.7404938085170643,0.6699029126213591,0.5817875210792579,1.9572026596944743
11,0.9433333333333334,0.7602979176166591,0.5271317829457365,0.9066666666666666,0.7602979176166591,0.7423158914728683,0.6666666666666666,0.5752961082910323,1.9572019933632825
12,0.9441666666666667,0.7641738866089072,0.5348837209302325,0.9078947368421053,0.7641738866089073,0.7463892288861689,0.673170731707317,0.5827702702702702,1.9284196797008568
13,0.9441666666666667,0.7641738866089072,0.5348837209302325,0.9078947368421053,0.7641738866089073,0.7463892288861689,0.673170731707317,0.5827702702702702,1.9284196797008568
14,0.9483333333333334,0.7801446159859293,0.5658914728682171,0.9240506329113924,0.7801446159859293,0.768304386223138,0.7019230769230769,0.6134453781512604,1.784507445057537
15,0.945,0.7714589711853734,0.5503875968992248,0.8987341772151899,0.7714589711853734,0.748727553723874,0.6826923076923076,0.5966386554621849,1.8996380323696231
16,0.9441666666666667,0.7641738866089072,0.5348837209302325,0.9078947368421053,0.7641738866089073,0.7463892288861689,0.673170731707317,0.5827702702702702,1.9284196797008568
17,0.945,0.764640740016937,0.5348837209302325,0.92,0.764640740016937,0.7524418604651163,0.6764705882352942,0.583756345177665,1.8996366997072396
18,0.9475,0.7762686469936813,0.5581395348837209,0.9230769230769231,0.7762686469936813,0.7643582289803219,0.6956521739130436,0.6060606060606061,1.8132897587199628
19,0.9458333333333333,0.7719258245934033,0.5503875968992248,0.9102564102564102,0.7719258245934033,0.7544886702444842,0.6859903381642511,0.5976430976430976,1.8708550523760057
20,0.945,0.764640740016937,0.5348837209302325,0.92,0.764640740016937,0.7524418604651163,0.6764705882352942,0.583756345177665,1.8996366997072391
21,0.9466666666666667,0.7723926780014332,0.5503875968992248,0.922077922077922,0.7723926780014332,0.76039942615524,0.6893203883495146,0.5986509274873525,1.842072072382388
22,0.9458333333333333,0.7651075934249669,0.5348837209302325,0.9324324324324325,0.7651075934249669,0.7586580766813324,0.6798029556650246,0.5847457627118643,1.8708537197136217
23,0.9491666666666667,0.7874297005623956,0.5813953488372093,0.9146341463414634,0.7874297005623956,0.7705147475893364,0.7109004739336493,0.6270903010033446,1.7557257977263032
24,0.9466666666666667,0.768983562417215,0.5426356589147286,0.9333333333333333,0.768983562417215,0.7625678294573643,0.6862745098039216,0.5922165820642978,1.8420714060511962
25,0.945,0.764640740016937,0.5348837209302325,0.92,0.764640740016937,0.7524418604651163,0.6764705882352942,0.583756345177665,1.8996366997072396
26,0.9408333333333333,0.7452608950556967,0.49612403100775193,0.9142857142857143,0.7452608950556967,0.7322882059800664,0.6432160804020101,0.546075085324232,2.043548268019367
27,0.9458333333333333,0.7685167090091851,0.5426356589147286,0.9210526315789473,0.7685167090091851,0.7564274785801713,0.6829268292682926,0.591216216216216,1.8708543860448137
28,0.9441666666666667,0.7709921177773436,0.5503875968992248,0.8875,0.7709921177773436,0.743110465116279,0.6794258373205742,0.5956375838926175,1.9284210123632402
29,0.9491666666666667,0.7840205849781774,0.5736434108527132,0.925,0.7840205849781774,0.7722383720930233,0.7081339712918661,0.6208053691275168,1.7557251313951114
30,0.9508333333333333,0.7917725229626735,0.5891472868217055,0.926829268292683,0.7917725229626735,0.7800716108905275,0.7203791469194313,0.6354515050167225,1.6981605040702603
31,0.9516666666666667,0.7922393763707034,0.5891472868217055,0.9382716049382716,0.7922393763707034,0.7857927792133218,0.7238095238095239,0.6365159128978224,1.6693775240766429
32,0.9475,0.7728595314094631,0.5503875968992248,0.9342105263157895,0.7728595314094631,0.7664657282741737,0.6926829268292682,0.5996621621621622,1.813289092388771
33,0.9483333333333334,0.7801446159859293,0.5658914728682171,0.9240506329113924,0.7801446159859293,0.768304386223138,0.7019230769230769,0.6134453781512604,1.784507445057537
34,0.9508333333333333,0.7883634073784553,0.5813953488372093,0.9375,0.7883634073784553,0.7819476744186047,0.7177033492822967,0.6291946308724833,1.6981598377390683
35,0.9466666666666667,0.768983562417215,0.5426356589147286,0.9333333333333333,0.768983562417215,0.7625678294573643,0.6862745098039216,0.5922165820642978,1.8420714060511962
36,0.9483333333333334,0.7869628471543657,0.5813953488372093,0.9036144578313253,0.7869628471543657,0.7650049033342674,0.7075471698113207,0.626043405676127,1.7845087777199204
37,0.9525,0.7961153453629514,0.5968992248062015,0.9390243902439024,0.7961153453629514,0.7896284741917187,0.7298578199052131,0.6438127090301003,1.6405952104142172
38,0.9458333333333333,0.7685167090091851,0.5426356589147286,0.9210526315789473,0.7685167090091851,0.7564274785801713,0.6829268292682926,0.591216216216216,1.870854386044814
39,0.95,0.7878965539704255,0.5813953488372093,0.9259259259259259,0.7878965539704255,0.7761606373815677,0.7142857142857142,0.628140703517588,1.7269428177326858
40,0.9475,0.7796777625778994,0.5658914728682171,0.9125,0.7796777625778994,0.7625290697674418,0.6985645933014354,0.6124161073825504,1.8132904250511546
41,0.9466666666666667,0.7826200247540878,0.5736434108527132,0.891566265060241,0.7826200247540878,0.7555215046231437,0.6981132075471698,0.6176961602671118,1.8420740713759638
42,0.95,0.7878965539704255,0.5813953488372093,0.9259259259259259,0.7878965539704255,0.7761606373815677,0.7142857142857142,0.628140703517588,1.7269428177326858
43,0.95,0.7947147851388617,0.5968992248062015,0.9058823529411765,0.7947147851388617,0.7730574555403555,0.7196261682242989,0.6405990016638935,1.7269441503950695
44,0.9516666666666667,0.7990576075391397,0.6046511627906976,0.9176470588235294,0.7990576075391397,0.7823991108071134,0.7289719626168223,0.64891846921797,1.6693788567390266
45,0.9475,0.7830868781621176,0.5736434108527132,0.9024390243902439,0.7830868781621176,0.7609578842881453,0.7014218009478673,0.6187290969899667,1.8132910913823466
46,0.9483333333333334,0.7835537315701475,0.5736434108527132,0.9135802469135802,0.7835537315701475,0.7665284955498135,0.7047619047619048,0.6197654941373535,1.7845081113887287
47,0.9508333333333333,0.7985907541311098,0.6046511627906976,0.9069767441860465,0.7985907541311098,0.7770639534883721,0.7255813953488371,0.6478405315614618,1.6981618367326439
48,0.9483333333333334,0.7903719627385839,0.5891472868217055,0.8941176470588236,0.7903719627385839,0.7637158002735979,0.7102803738317758,0.6322795341098171,1.7845094440511127
49,0.9516666666666667,0.7956484919549215,0.5968992248062015,0.927710843373494,0.7956484919549216,0.7839717007565145,0.7264150943396226,0.6427378964941569,1.6693781904078349
50,0.9491666666666667,0.7908388161466138,0.5891472868217055,0.9047619047619048,0.7908388161466138,0.7690379291251384,0.7136150234741784,0.6333333333333334,1.755726464057495
51,0.9525,0.8097518076998241,0.627906976744186,0.9,0.8097518076998241,0.7839534883720931,0.7397260273972602,0.6683168316831684,1.6405978757389845
52,0.9541666666666667,0.8106855145158839,0.627906976744186,0.9204545454545454,0.8106855145158839,0.7941807610993658,0.7465437788018433,0.6705298013245032,1.5830319157517498
53,0.9508333333333333,0.7985907541311098,0.6046511627906976,0.9069767441860465,0.7985907541311098,0.7770639534883721,0.7255813953488371,0.6478405315614618,1.6981618367326439
54,0.9558333333333333,0.81843745250038,0.6434108527131783,0.9222222222222223,0.81843745250038,0.801983204134367,0.7579908675799087,0.6848184818481848,1.525467288426899
55,0.955,0.814561483508132,0.6356589147286822,0.9213483146067416,0.814561483508132,0.7980869480010453,0.7522935779816514,0.6776859504132231,1.5542496020893244
56,0.9533333333333334,0.810218661107854,0.627906976744186,0.9101123595505618,0.810218661107854,0.7890096681473739,0.7431192660550459,0.6694214876033057,1.6118148957453675
57,0.9525,0.8063426921156059,0.6201550387596899,0.9090909090909091,0.8063426921156059,0.7850396405919662,0.7373271889400922,0.6622516556291391,1.640597209407793
58,0.95,0.7981239007230799,0.6046511627906976,0.896551724137931,0.7981239007230799,0.7718514434643143,0.7222222222222221,0.6467661691542287,1.7269448167262613
59,0.9525,0.7995244609471696,0.6046511627906976,0.9285714285714286,0.7995244609471696,0.7878612956810631,0.7323943661971831,0.6499999999999999,1.640595876745409
60,0.95,0.7947147851388617,0.5968992248062015,0.9058823529411765,0.7947147851388617,0.7730574555403555,0.7196261682242989,0.6405990016638935,1.7269441503950695
61,0.9533333333333334,0.8068095455236358,0.6201550387596899,0.9195402298850575,0.8068095455236358,0.7902643009890404,0.7407407407407407,0.6633499170812602,1.6118142294141753
62,0.9525,0.8097518076998241,0.627906976744186,0.9,0.8097518076998241,0.7839534883720931,0.7397260273972602,0.6683168316831684,1.6405978757389845
63,0.9541666666666667,0.8072763989316657,0.6201550387596899,0.9302325581395349,0.8072763989316657,0.795610465116279,0.7441860465116279,0.6644518272425249,1.583031249420558
64,0.9525,0.7961153453629514,0.5968992248062015,0.9390243902439024,0.7961153453629514,0.7896284741917187,0.7298578199052131,0.6438127090301003,1.6405952104142172
65,0.9516666666666667,0.8024667231233579,0.6124031007751938,0.9080459770114943,0.8024667231233579,0.7810578722266773,0.7314814814814815,0.6550580431177446,1.6693795230702182
66,0.9525,0.8063426921156059,0.6201550387596899,0.9090909090909091,0.8063426921156059,0.7850396405919662,0.7373271889400922,0.6622516556291391,1.6405972094077927
67,0.9541666666666667,0.8175037456843203,0.6434108527131783,0.9021739130434783,0.8175037456843203,0.791959049544995,0.751131221719457,0.6825657894736843,1.5830332484141336
68,0.9508333333333333,0.8088181008837644,0.627906976744186,0.8804347826086957,0.8088181008837645,0.7741708796764409,0.733031674208145,0.6661184210526316,1.6981638357262194
69,0.9483333333333334,0.793781078322802,0.5968992248062015,0.8850574712643678,0.7937810783228021,0.7626450147019512,0.7129629629629628,0.6384742951907131,1.7845101103823042
70,0.9525,0.8029335765313877,0.6124031007751938,0.9186046511627907,0.8029335765313877,0.7863372093023255,0.7348837209302325,0.6561461794019935,1.640596543076601
71,0.9508333333333333,0.8054089852995462,0.6201550387596899,0.8888888888888888,0.8054089852995462,0.7749386304909561,0.730593607305936,0.6600660066006601,1.6981631693950276
72,0.9541666666666667,0.8106855145158839,0.627906976744186,0.9204545454545454,0.8106855145158839,0.7941807610993658,0.7465437788018433,0.6705298013245032,1.5830319157517498
73,0.9516666666666667,0.8092849542917943,0.627906976744186,0.8901098901098901,0.8092849542917943,0.7790084334270381,0.7363636363636363,0.6672158154859967,1.6693808557326022
74,0.9541666666666667,0.8106855145158839,0.627906976744186,0.9204545454545454,0.8106855145158839,0.7941807610993658,0.7465437788018433,0.6705298013245032,1.5830319157517498
75,0.9525,0.8097518076998241,0.627906976744186,0.9,0.8097518076998241,0.7839534883720931,0.7397260273972602,0.6683168316831684,1.6405978757389847
76,0.9533333333333334,0.8170368922762904,0.6434108527131783,0.8924731182795699,0.8170368922762904,0.7871086521630408,0.7477477477477478,0.6814449917898193,1.6118162284077509
77,0.9508333333333333,0.8156363320522008,0.6434108527131783,0.8645833333333334,0.8156363320522008,0.7731637596899226,0.7377777777777779,0.6781045751633988,1.6981651683886032
78,0.9533333333333334,0.8238551234447267,0.6589147286821705,0.8762886597938144,0.8238551234447268,0.7859350275713258,0.752212389380531,0.6933115823817292,1.6118175610701349
79,0.9533333333333334,0.8136277766920722,0.6356589147286822,0.9010989010989011,0.8136277766920722,0.787962241247125,0.7454545454545455,0.6754530477759474,1.6118155620765593
80,0.95,0.8049421318915163,0.6201550387596899,0.8791208791208791,0.8049421318915163,0.7700546256069513,0.7272727272727273,0.6589785831960462,1.7269461493886449
81,0.955,0.8213797146765683,0.6511627906976745,0.9032258064516129,0.8213797146765683,0.7959442985746437,0.7567567567567568,0.6896551724137931,1.5542509347517077
82,0.9516666666666667,0.8092849542917943,0.627906976744186,0.8901098901098901,0.8092849542917943,0.7790084334270381,0.7363636363636363,0.6672158154859967,1.669380855732602
83,0.95,0.8083512474757345,0.627906976744186,0.8709677419354839,0.8083512474757345,0.7694373593398349,0.7297297297297297,0.6650246305418719,1.7269468157198367
84,0.9508333333333333,0.8156363320522008,0.6434108527131783,0.8645833333333334,0.8156363320522008,0.7731637596899226,0.7377777777777779,0.6781045751633988,1.6981651683886032
85,0.9525,0.8199791544524787,0.6511627906976745,0.875,0.8199791544524787,0.7818313953488373,0.7466666666666667,0.6862745098039216,1.6405998747325603
86,0.9508333333333333,0.8122272164679826,0.6356589147286822,0.8723404255319149,0.8122272164679826,0.773583003463632,0.7354260089686099,0.6721311475409836,1.6981645020574112
87,0.9516666666666667,0.8092849542917943,0.627906976744186,0.8901098901098901,0.8092849542917943,0.7790084334270381,0.7363636363636363,0.6672158154859967,1.6693808557326022
88,0.9525,0.8131609232840423,0.6356589147286822,0.8913043478260869,0.8131609232840424,0.7830649646107178,0.7420814479638008,0.674342105263158,1.6405985420701767
89,0.9516666666666667,0.8161031854602306,0.6434108527131783,0.8736842105263158,0.8161031854602306,0.7777141982864137,0.7410714285714286,0.6792144026186578,1.6693821883949858
90,0.9508333333333333,0.8122272164679826,0.6356589147286822,0.8723404255319149,0.8122272164679826,0.773583003463632,0.7354260089686099,0.6721311475409836,1.6981645020574114
91,0.9558333333333333,0.8320739148372527,0.6744186046511628,0.8877551020408163,0.8320739148372527,0.7985868533459894,0.7665198237885462,0.7084690553745927,1.525469953751666
92,0.9516666666666667,0.8161031854602306,0.6434108527131783,0.8736842105263158,0.8161031854602306,0.7777141982864137,0.7410714285714286,0.6792144026186578,1.669382188394986
93,0.9533333333333334,0.8204460078605086,0.6511627906976745,0.8842105263157894,0.8204460078605086,0.7864366585067321,0.7500000000000001,0.6873977086743045,1.6118168947389426
94,0.9533333333333334,0.8204460078605086,0.6511627906976745,0.8842105263157894,0.8204460078605086,0.7864366585067321,0.7500000000000001,0.6873977086743045,1.6118168947389426
95,0.9541666666666667,0.8311402080211929,0.6744186046511628,0.87,0.8311402080211929,0.7897093023255813,0.759825327510917,0.7061688311688311,1.583035913738901
96,0.955,0.8316070614292228,0.6744186046511628,0.8787878787878788,0.8316070614292228,0.7941032417195208,0.7631578947368421,0.7073170731707317,1.5542529337452833
97,0.9533333333333334,0.8170368922762904,0.6434108527131783,0.8924731182795699,0.8170368922762904,0.7871086521630408,0.7477477477477478,0.6814449917898193,1.6118162284077509
98,0.955,0.8247888302607864,0.6589147286821705,0.8947368421052632,0.8247888302607864,0.7951591187270503,0.7589285714285714,0.6955810147299509,1.5542516010829
99,0.9508333333333333,0.8122272164679826,0.6356589147286822,0.8723404255319149,0.8122272164679826,0.773583003463632,0.7354260089686099,0.6721311475409836,1.6981645020574112
100,0.9558333333333333,0.8354830304214709,0.6821705426356589,0.88,0.8354830304214709,0.7981686046511628,0.7685589519650655,0.7142857142857143,1.5254706200828578
101,0.9533333333333334,0.8272642390289449,0.6666666666666666,0.8686868686868687,0.8272642390289449,0.7855934343434343,0.7543859649122807,0.6991869918699185,1.6118182274013262
102,0.9516666666666667,0.8229214166286669,0.6589147286821705,0.8585858585858586,0.8229214166286669,0.7770836269673479,0.7456140350877193,0.6910569105691056,1.6693835210573695
103,0.9525,0.8165700388682605,0.6434108527131783,0.8829787234042553,0.8165700388682605,0.7823614547253835,0.7443946188340808,0.6803278688524592,1.6405992084013683
104,0.9516666666666667,0.8195123010444488,0.6511627906976745,0.865979381443299,0.8195123010444488,0.7773210860704867,0.7433628318584071,0.6851549755301795,1.6693828547261778
105,0.9525,0.8165700388682605,0.6434108527131783,0.8829787234042553,0.8165700388682605,0.7823614547253835,0.7443946188340808,0.6803278688524592,1.6405992084013683
106,0.9541666666666667,0.8311402080211929,0.6744186046511628,0.87,0.8311402080211929,0.7897093023255813,0.759825327510917,0.7061688311688311,1.583035913738901
107,0.9525,0.8199791544524787,0.6511627906976745,0.875,0.8199791544524787,0.7818313953488373,0.7466666666666667,0.6862745098039216,1.6405998747325603
108,0.955,0.8281979458450046,0.6666666666666666,0.8865979381443299,0.8281979458450046,0.794548969072165,0.7610619469026548,0.701468189233279,1.5542522674140917
109,0.9575,0.8398258528217488,0.689922480620155,0.89,0.8398258528217488,0.8066279069767442,0.7772925764192139,0.7224025974025974,1.467905326426815
110,0.9541666666666667,0.8277310924369747,0.6666666666666666,0.8775510204081632,0.8277310924369747,0.7900255102040816,0.7577092511013216,0.7003257328990228,1.5830352474077092
111,0.9541666666666667,0.8277310924369747,0.6666666666666666,0.8775510204081632,0.8277310924369747,0.7900255102040816,0.7577092511013216,0.7003257328990228,1.5830352474077094
112,0.9566666666666667,0.8291316526610644,0.6666666666666666,0.9052631578947369,0.8291316526610644,0.8038815789473684,0.7678571428571428,0.7037643207855973,1.4966863074268568
113,0.9525,0.8233882700366968,0.6589147286821705,0.8673469387755102,0.8233882700366968,0.7814641670621736,0.748898678414097,0.6921824104234526,1.640600541063752
114,0.9541666666666667,0.8379584391896293,0.689922480620155,0.8557692307692307,0.8379584391896293,0.7895125223613596,0.7639484978540771,0.717741935483871,1.5830372464012847
115,0.9525,0.8233882700366968,0.6589147286821705,0.8673469387755102,0.8233882700366968,0.7814641670621736,0.748898678414097,0.6921824104234526,1.640600541063752
116,0.9533333333333334,0.8204460078605086,0.6511627906976745,0.8842105263157894,0.8204460078605086,0.7864366585067321,0.7500000000000001,0.6873977086743045,1.6118168947389429
117,0.9566666666666667,0.8427681149979371,0.6976744186046512,0.8737864077669902,0.8427681149979372,0.8019804131858208,0.7758620689655172,0.7269789983844912,1.4966889727516242
118,0.9541666666666667,0.8277310924369747,0.6666666666666666,0.8775510204081632,0.8277310924369747,0.7900255102040816,0.7577092511013216,0.7003257328990228,1.583035247407709
119,0.9541666666666667,0.8311402080211929,0.6744186046511628,0.87,0.8311402080211929,0.7897093023255813,0.759825327510917,0.7061688311688311,1.583035913738901
120,0.9575,0.8398258528217488,0.689922480620155,0.89,0.8398258528217488,0.8066279069767442,0.7772925764192139,0.7224025974025974,1.467905326426815
121,0.9541666666666667,0.8243219768527565,0.6589147286821705,0.8854166666666666,0.8243219768527565,0.7904990310077519,0.7555555555555554,0.6944444444444444,1.5830345810765172
122,0.9541666666666667,0.8209128612685385,0.6511627906976745,0.8936170212765957,0.8209128612685385,0.7911399059871351,0.7533632286995515,0.6885245901639344,1.5830339147453254
123,0.9525,0.826797385620915,0.6666666666666666,0.86,0.826797385620915,0.7812499999999999,0.7510917030567684,0.698051948051948,1.6406012073949439
124,0.9525,0.8233882700366968,0.6589147286821705,0.8673469387755102,0.8233882700366968,0.7814641670621736,0.748898678414097,0.6921824104234526,1.640600541063752
125,0.955,0.8316070614292228,0.6744186046511628,0.8787878787878788,0.8316070614292228,0.7941032417195208,0.7631578947368421,0.7073170731707317,1.5542529337452835
126,0.9566666666666667,0.8359498838295008,0.6821705426356589,0.8888888888888888,0.8359498838295008,0.8026130490956072,0.7719298245614036,0.7154471544715447,1.4966876400892404
127,0.9558333333333333,0.8388921460056891,0.689922480620155,0.8725490196078431,0.8388921460056892,0.7979024167806659,0.7705627705627706,0.7200647249190938,1.5254712864140496
128,0.9566666666666667,0.8359498838295008,0.6821705426356589,0.8888888888888888,0.8359498838295008,0.8026130490956072,0.7719298245614036,0.7154471544715447,1.4966876400892404
129,0.9558333333333333,0.8320739148372527,0.6744186046511628,0.8877551020408163,0.8320739148372527,0.7985868533459894,0.7665198237885462,0.7084690553745927,1.525469953751666
130,0.9533333333333334,0.830673354613163,0.6744186046511628,0.8613861386138614,0.830673354613163,0.785402371632512,0.7565217391304347,0.7050243111831442,1.6118188937325182
131,0.955,0.8316070614292228,0.6744186046511628,0.8787878787878788,0.8316070614292228,0.7941032417195208,0.7631578947368421,0.7073170731707317,1.5542529337452833
132,0.9525,0.8233882700366968,0.6589147286821705,0.8673469387755102,0.8233882700366968,0.7814641670621736,0.748898678414097,0.6921824104234526,1.640600541063752
133,0.9541666666666667,0.8243219768527565,0.6589147286821705,0.8854166666666666,0.8243219768527565,0.7904990310077519,0.7555555555555554,0.6944444444444444,1.5830345810765174
134,0.9575,0.8364167372375306,0.6821705426356589,0.8979591836734694,0.8364167372375306,0.8071481964878975,0.7753303964757708,0.7166123778501629,1.467904660095623
135,0.9575,0.843234968405967,0.6976744186046512,0.8823529411764706,0.843234968405967,0.8062636798905609,0.7792207792207793,0.7281553398058253,1.467905992758007
136,0.9575,0.8364167372375306,0.6821705426356589,0.8979591836734694,0.8364167372375306,0.8071481964878975,0.7753303964757708,0.7166123778501629,1.4679046600956231
137,0.9575,0.8398258528217488,0.689922480620155,0.89,0.8398258528217488,0.8066279069767442,0.7772925764192139,0.7224025974025974,1.467905326426815
138,0.9608333333333333,0.8553297287907411,0.7209302325581395,0.8942307692307693,0.8553297287907411,0.8225805008944542,0.7982832618025751,0.75,1.3527760717771125
139,0.9575,0.843234968405967,0.6976744186046512,0.8823529411764706,0.843234968405967,0.8062636798905609,0.7792207792207793,0.7281553398058253,1.467905992758007
140,0.9566666666666667,0.8393589994137189,0.689922480620155,0.8811881188118812,0.8393589994137189,0.8022219663826848,0.7739130434782608,0.7212317666126419,1.4966883064204324
141,0.9566666666666667,0.8427681149979371,0.6976744186046512,0.8737864077669902,0.8427681149979372,0.8019804131858208,0.7758620689655172,0.7269789983844912,1.4966889727516242
142,0.9575,0.843234968405967,0.6976744186046512,0.8823529411764706,0.843234968405967,0.8062636798905609,0.7792207792207793,0.7281553398058253,1.467905992758007
143,0.9608333333333333,0.8519206132065229,0.7131782945736435,0.9019607843137255,0.851920613206523,0.8229862061103511,0.7965367965367965,0.7443365695792881,1.352775405445921
144,0.9541666666666667,0.8345493236054111,0.6821705426356589,0.8627450980392157,0.8345493236054111,0.7895411536707706,0.761904761904762,0.7119741100323624,1.5830365800700925
145,0.9608333333333333,0.8587388443749593,0.7286821705426356,0.8867924528301887,0.8587388443749594,0.8223206450197456,0.7999999999999999,0.7556270096463024,1.3527767381083045
146,0.9558333333333333,0.8491194927583436,0.7131782945736435,0.8518518518518519,0.8491194927583436,0.7979317398794143,0.7763713080168776,0.7371794871794872,1.5254732854076254
147,0.9591666666666666,0.8578051375588995,0.7286821705426356,0.8703703703703703,0.8578051375588995,0.8141096037898363,0.7932489451476793,0.7532051282051282,1.4103426980955394
148,0.9541666666666667,0.8413675547738475,0.6976744186046512,0.8490566037735849,0.8413675547738475,0.7896155111891181,0.7659574468085107,0.7234726688102894,1.5830379127324763
149,0.9616666666666667,0.8660239289514255,0.7441860465116279,0.8807339449541285,0.8660239289514255,0.8262099957328782,0.8067226890756303,0.768,1.3239950907770708
150,0.96,0.851453759798493,0.7131782945736435,0.8932038834951457,0.8514537597984931,0.8186077557010613,0.7931034482758621,0.7431340872374798,1.3815583854395384
151,0.9575,0.8568714307428398,0.7286821705426356,0.8545454545454545,0.8568714307428398,0.8061971458773783,0.7866108786610878,0.7507987220447285,1.4679086580827743
152,0.9641666666666666,0.8742427203439516,0.7596899224806202,0.8909090909090909,0.8742427203439516,0.8382161733615221,0.8200836820083682,0.7827476038338658,1.2376474834586022
153,0.96,0.8582719909669294,0.7286821705426356,0.8785046728971962,0.8582719909669294,0.8181767550532493,0.7966101694915255,0.7544141252006421,1.381559718101922
154,0.9575,0.843234968405967,0.6976744186046512,0.8823529411764706,0.843234968405967,0.8062636798905609,0.7792207792207793,0.7281553398058253,1.4679059927580067
155,0.9583333333333334,0.8573382841508697,0.7286821705426356,0.8623853211009175,0.8573382841508697,0.8101170791551099,0.7899159663865546,0.752,1.4391256780891568
156,0.9583333333333334,0.8607473997350878,0.7364341085271318,0.8558558558558559,0.860747399735088,0.8103116488581605,0.7916666666666666,0.7575757575757577,1.4391263444203486
157,0.9608333333333333,0.8621479599591775,0.7364341085271318,0.8796296296296297,0.8621479599591775,0.8221985357450474,0.80168776371308,0.7612179487179487,1.3527774044394965
158,0.96,0.8616811065511476,0.7364341085271318,0.8715596330275229,0.8616811065511476,0.8181635374439941,0.7983193277310925,0.76,1.3815603844331137
159,0.9566666666666667,0.8427681149979371,0.6976744186046512,0.8737864077669902,0.8427681149979372,0.8019804131858208,0.7758620689655172,0.7269789983844912,1.4966889727516242
160,0.9616666666666667,0.8626148133672074,0.7364341085271318,0.8878504672897196,0.8626148133672074,0.8263089545750923,0.8050847457627118,0.7624398073836277,1.3239944244458788
161,0.9608333333333333,0.8553297287907411,0.7209302325581395,0.8942307692307693,0.8553297287907411,0.8225805008944542,0.7982832618025751,0.75,1.3527760717771127
162,0.9625,0.87671812911211,0.7674418604651163,0.868421052631579,0.87671812911211,0.8304314565483476,0.8148148148148148,0.7857142857142856,1.2952141097770289
163,0.9566666666666667,0.8461772305821553,0.7054263565891473,0.8666666666666667,0.8461772305821553,0.8018798449612403,0.7777777777777779,0.7326892109500805,1.4966896390828162
164,0.9616666666666667,0.8694330445356437,0.751937984496124,0.8738738738738738,0.8694330445356437,0.8262392625183324,0.8083333333333333,0.7735247208931421,1.3239957571082626
165,0.9566666666666667,0.8529954617505917,0.7209302325581395,0.8532110091743119,0.8529954617505917,0.8020706208662257,0.7815126050420168,0.744,1.4966909717452
166,0.9575,0.8466440839901852,0.7054263565891473,0.875,0.8466440839901852,0.806046511627907,0.7811158798283262,0.7338709677419354,1.4679066590891987
167,0.9566666666666667,0.8529954617505917,0.7209302325581395,0.8532110091743119,0.8529954617505917,0.8020706208662257,0.7815126050420168,0.744,1.4966909717452
168,0.965,0.8815278049204178,0.7751937984496124,0.8849557522123894,0.8815278049204178,0.8421581086643343,0.8264462809917357,0.7949125596184422,1.2088658361273685
169,0.9641666666666666,0.8844700670966061,0.7829457364341085,0.8706896551724138,0.8844700670966062,0.8384843624699277,0.8244897959183672,0.7990506329113924,1.2376494824521778
170,0.9625,0.8698998979436736,0.751937984496124,0.8818181818181818,0.8698998979436736,0.8302114164904864,0.8117154811715481,0.7747603833865816,1.2952127771146453
171,0.9591666666666666,0.8646233687273359,0.7441860465116279,0.8571428571428571,0.864623368727336,0.8144144518272425,0.7966804979253111,0.7643312101910829,1.410344030757923
172,0.9641666666666666,0.8776518359281698,0.7674418604651163,0.8839285714285714,0.8776518359281698,0.8381852159468439,0.8215767634854771,0.788216560509554,1.2376481497897942
173,0.9591666666666666,0.8578051375588995,0.7286821705426356,0.8703703703703703,0.8578051375588995,0.8141096037898363,0.7932489451476793,0.7532051282051282,1.4103426980955394
174,0.965,0.8815278049204178,0.7751937984496124,0.8849557522123894,0.8815278049204178,0.8421581086643343,0.8264462809917357,0.7949125596184422,1.2088658361273685
175,0.96,0.8719084533038022,0.7596899224806202,0.8521739130434782,0.8719084533038022,0.8188485844287159,0.8032786885245902,0.7765451664025357,1.3815623834266892
176,0.9616666666666667,0.8728421601198619,0.7596899224806202,0.8672566371681416,0.872842160119862,0.8263899464910476,0.8099173553719009,0.7790143084260732,1.3239964234394543
177,0.9608333333333333,0.872375306711832,0.7596899224806202,0.8596491228070176,0.872375306711832,0.8225861893104855,0.8065843621399177,0.7777777777777778,1.352779403433072
178,0.9683333333333334,0.9038499120578465,0.8217054263565892,0.8760330578512396,0.9038499120578465,0.8584525754372477,0.848,0.8320251177394036,1.09373791414005
179,0.9625,0.8801272446963282,0.7751937984496124,0.8620689655172413,0.8801272446963282,0.8307147153167602,0.8163265306122449,0.7911392405063291,1.2952147761082207
180,0.9658333333333333,0.8922220050811023,0.7984496124031008,0.8728813559322034,0.8922220050811023,0.8464988175009853,0.8340080971659919,0.8123028391167193,1.1800848551273266
181,0.9641666666666666,0.8912882982650424,0.7984496124031008,0.8583333333333333,0.8912882982650425,0.8392248062015504,0.8273092369477911,0.8097484276729559,1.2376508151145613
182,0.9616666666666667,0.8796603912882983,0.7751937984496124,0.8547008547008547,0.8796603912882983,0.827030659908567,0.8130081300813007,0.7898894154818326,1.3239977561018381
183,0.965,0.8883460360888542,0.7906976744186046,0.8717948717948718,0.8883460360888542,0.8424962731067382,0.8292682926829267,0.8056872037914693,1.2088671687897523
184,0.9641666666666666,0.8878791826808243,0.7906976744186046,0.864406779661017,0.8878791826808243,0.8388022270398108,0.825910931174089,0.8044164037854888,1.2376501487833698
185,0.9666666666666667,0.889279742904914,0.7906976744186046,0.8869565217391304,0.889279742904914,0.8500770980788676,0.8360655737704918,0.8082408874801902,1.1513012088025174
186,0.965,0.8883460360888542,0.7906976744186046,0.8717948717948718,0.8883460360888542,0.8424962731067382,0.8292682926829267,0.8056872037914693,1.2088671687897523
187,0.965,0.884936920504636,0.7829457364341085,0.8782608695652174,0.884936920504636,0.8422699696663296,0.8278688524590164,0.8003169572107766,1.2088665024585603
188,0.9625,0.8698998979436736,0.751937984496124,0.8818181818181818,0.8698998979436736,0.8302114164904864,0.8117154811715481,0.7747603833865816,1.2952127771146453
189,0.9666666666666667,0.8858706273206958,0.7829457364341085,0.8938053097345132,0.8858706273206959,0.8500421897509775,0.8347107438016528,0.8028616852146263,1.1513005424713256
190,0.9658333333333333,0.8922220050811023,0.7984496124031008,0.8728813559322034,0.8922220050811023,0.8464988175009853,0.8340080971659919,0.8123028391167193,1.1800848551273266
191,0.9675,0.8897465963129438,0.7906976744186046,0.8947368421052632,0.8897465963129438,0.853967258261934,0.8395061728395061,0.8095238095238094,1.1225182288089
192,0.9633333333333334,0.8805940981043581,0.7751937984496124,0.8695652173913043,0.8805940981043581,0.8344628412537917,0.8196721311475411,0.7923930269413629,1.2664317961146032
193,0.9691666666666666,0.89749853429744,0.8062015503875969,0.896551724137931,0.89749853429744,0.8617933039294307,0.8489795918367347,0.8227848101265822,1.0649536014840488
194,0.965,0.884936920504636,0.7829457364341085,0.8782608695652174,0.884936920504636,0.8422699696663296,0.8278688524590164,0.8003169572107766,1.2088665024585603
195,0.9658333333333333,0.8854037739126659,0.7829457364341085,0.8859649122807017,0.8854037739126659,0.8461219910240717,0.831275720164609,0.8015873015873015,1.180083522464943
196,0.9666666666666667,0.8926888584891322,0.7984496124031008,0.8803418803418803,0.8926888584891322,0.8502290797058238,0.8373983739837397,0.8135860979462877,1.1513018751337094
197,0.9675,0.8965648274813802,0.8062015503875969,0.8813559322033898,0.8965648274813802,0.85419540796216,0.8421052631578947,0.8201892744479495,1.1225195614712837
198,0.9683333333333334,0.9004407964736283,0.813953488372093,0.8823529411764706,0.9004407964736284,0.8581532147742817,0.846774193548387,0.8267716535433072,1.093737247808858
199,0.9666666666666667,0.889279742904914,0.7906976744186046,0.8869565217391304,0.889279742904914,0.8500770980788676,0.8360655737704918,0.8082408874801902,1.1513012088025176
200,0.97,0.901374503289688,0.813953488372093,0.8974358974358975,0.901374503289688,0.8656946929039953,0.8536585365853658,0.8293838862559242,1.0361712878216236
201,0.9675,0.8965648274813802,0.8062015503875969,0.8813559322033898,0.8965648274813802,0.85419540796216,0.8421052631578947,0.8201892744479495,1.1225195614712837
202,0.9658333333333333,0.8922220050811023,0.7984496124031008,0.8728813559322034,0.8922220050811023,0.8464988175009853,0.8340080971659919,0.8123028391167193,1.1800848551273266
203,0.9641666666666666,0.8844700670966061,0.7829457364341085,0.8706896551724138,0.8844700670966062,0.8384843624699277,0.8244897959183672,0.7990506329113924,1.2376494824521778
204,0.9683333333333334,0.8970316808894101,0.8062015503875969,0.8888888888888888,0.8970316808894101,0.8579618863049094,0.8455284552845528,0.8214849921011059,1.0937365814776665
205,0.9658333333333333,0.8819946583284477,0.7751937984496124,0.8928571428571429,0.8819946583284477,0.846108803986711,0.8298755186721992,0.7961783439490446,1.180082856133751
206,0.97,0.9081927344581244,0.8294573643410853,0.8842975206611571,0.9081927344581244,0.8660441091677878,0.856,0.8398744113029828,1.0361726204840072
207,0.965,0.8815278049204178,0.7751937984496124,0.8849557522123894,0.8815278049204178,0.8421581086643343,0.8264462809917357,0.7949125596184422,1.2088658361273685
208,0.965,0.8747095737519814,0.7596899224806202,0.8990825688073395,0.8747095737519816,0.8423029123106465,0.823529411764706,0.784,1.2088645034649848
209,0.9675,0.893155711897162,0.7984496124031008,0.8879310344827587,0.893155711897162,0.854023656776263,0.8408163265306123,0.8148734177215191,1.1225188951400917
210,0.9608333333333333,0.8655570755433957,0.7441860465116279,0.8727272727272727,0.8655570755433957,0.8222066596194503,0.803347280334728,0.7667731629392971,1.3527780707706882
211,0.96,0.8753175688880204,0.7674418604651163,0.8461538461538461,0.8753175688880203,0.8192978533094812,0.8048780487804877,0.7819905213270142,1.381563049757881
212,0.9683333333333334,0.8970316808894101,0.8062015503875969,0.8888888888888888,0.8970316808894101,0.8579618863049094,0.8455284552845528,0.8214849921011059,1.0937365814776665
213,0.965,0.8781186893361996,0.7674418604651163,0.8918918918918919,0.8781186893361996,0.8421668761785042,0.825,0.7894736842105263,1.2088651697961768
214,0.9666666666666667,0.8926888584891322,0.7984496124031008,0.8803418803418803,0.8926888584891322,0.8502290797058238,0.8373983739837397,0.8135860979462877,1.1513018751337092
215,0.9666666666666667,0.8926888584891322,0.7984496124031008,0.8803418803418803,0.8926888584891322,0.8502290797058238,0.8373983739837397,0.8135860979462877,1.1513018751337094
216,0.965,0.884936920504636,0.7829457364341085,0.8782608695652174,0.884936920504636,0.8422699696663296,0.8278688524590164,0.8003169572107766,1.2088665024585603
217,0.965,0.884936920504636,0.7829457364341085,0.8782608695652174,0.884936920504636,0.8422699696663296,0.8278688524590164,0.8003169572107766,1.2088665024585603
218,0.9666666666666667,0.8926888584891322,0.7984496124031008,0.8803418803418803,0.8926888584891322,0.8502290797058238,0.8373983739837397,0.8135860979462877,1.1513018751337094
219,0.9641666666666666,0.8844700670966061,0.7829457364341085,0.8706896551724138,0.8844700670966062,0.8384843624699277,0.8244897959183672,0.7990506329113924,1.2376494824521778
220,0.9683333333333334,0.9004407964736283,0.813953488372093,0.8823529411764706,0.9004407964736284,0.8581532147742817,0.846774193548387,0.8267716535433072,1.0937372478088583
221,0.9683333333333334,0.9038499120578465,0.8217054263565892,0.8760330578512396,0.9038499120578465,0.8584525754372477,0.848,0.8320251177394036,1.09373791414005
222,0.9666666666666667,0.8790523961522594,0.7674418604651163,0.908256880733945,0.8790523961522594,0.8503493705995308,0.8319327731092436,0.7919999999999999,1.1512992098089418
223,0.9666666666666667,0.8960979740733503,0.8062015503875969,0.8739495798319328,0.8960979740733503,0.8504922317764314,0.8387096774193548,0.8188976377952757,1.1513025414649012
224,0.9658333333333333,0.8888128894968841,0.7906976744186046,0.8793103448275862,0.8888128894968842,0.8462540096230955,0.8326530612244898,0.8069620253164556,1.1800841887961346
225,0.9666666666666667,0.8926888584891322,0.7984496124031008,0.8803418803418803,0.8926888584891322,0.8502290797058238,0.8373983739837397,0.8135860979462877,1.1513018751337094
226,0.9691666666666666,0.9077258810500946,0.8294573643410853,0.8770491803278688,0.9077258810500946,0.8624199390011438,0.8525896414342631,0.8385579937304075,1.0649556004776244
227,0.97,0.9081927344581244,0.8294573643410853,0.8842975206611571,0.9081927344581244,0.8660441091677878,0.856,0.8398744113029828,1.036172620484007
228,0.9725,0.9095932946822141,0.8294573643410853,0.9067796610169492,0.9095932946822141,0.877285179345684,0.8663967611336033,0.8438485804416405,0.9498236805031547
229,0.9675,0.8999739430655984,0.813953488372093,0.875,0.8999739430655984,0.8544767441860466,0.8433734939759036,0.8254716981132075,1.1225202278024755
230,0.9708333333333333,0.9086595878661543,0.8294573643410853,0.8916666666666667,0.9086595878661544,0.8697286821705426,0.8594377510040162,0.8411949685534592,1.0073896404903897
231,0.9691666666666666,0.9009076498816582,0.813953488372093,0.8898305084745762,0.9009076498816583,0.8618919984233346,0.8502024291497976,0.8280757097791799,1.0649542678152406
232,0.9658333333333333,0.8922220050811023,0.7984496124031008,0.8728813559322034,0.8922220050811023,0.8464988175009853,0.8340080971659919,0.8123028391167193,1.1800848551273266
233,0.9666666666666667,0.9029162052417866,0.8217054263565892,0.8617886178861789,0.9029162052417868,0.8513303554547174,0.8412698412698413,0.8294209702660408,1.1513038741272847
234,0.9675,0.8999739430655984,0.813953488372093,0.875,0.8999739430655984,0.8544767441860466,0.8433734939759036,0.8254716981132075,1.1225202278024755
235,0.9691666666666666,0.9111349966343127,0.8372093023255814,0.8709677419354839,0.9111349966343129,0.8628385221305328,0.8537549407114624,0.84375,1.0649562668088164
236,0.9666666666666667,0.8995070896575685,0.813953488372093,0.8677685950413223,0.8995070896575685,0.8508610417067077,0.84,0.8241758241758244,1.151303207796093
237,0.9675,0.9102012898182529,0.8372093023255814,0.8571428571428571,0.910201289818253,0.8559260797342193,0.8470588235294119,0.8411214953271028,1.122522226796051
238,0.9658333333333333,0.8956311206653205,0.8062015503875969,0.8666666666666667,0.8956311206653205,0.8468507751937984,0.8353413654618473,0.8176100628930819,1.1800855214585184
239,0.9675,0.9033830586498166,0.8217054263565892,0.8688524590163934,0.9033830586498166,0.8548622760198246,0.8446215139442231,0.8307210031347962,1.1225208941336673
240,0.9675,0.8999739430655984,0.813953488372093,0.875,0.8999739430655984,0.8544767441860466,0.8433734939759036,0.8254716981132075,1.1225202278024755
241,0.9666666666666667,0.8995070896575685,0.813953488372093,0.8677685950413223,0.8995070896575685,0.8508610417067077,0.84,0.8241758241758244,1.151303207796093
242,0.9683333333333334,0.9072590276420647,0.8294573643410853,0.8699186991869918,0.9072590276420647,0.8588546984307053,0.8492063492063492,0.8372456964006261,1.0937385804712418
243,0.9666666666666667,0.8995070896575685,0.813953488372093,0.8677685950413223,0.8995070896575685,0.8508610417067077,0.84,0.8241758241758244,1.151303207796093
244,0.9641666666666666,0.8912882982650424,0.7984496124031008,0.8583333333333333,0.8912882982650425,0.8392248062015504,0.8273092369477911,0.8097484276729559,1.2376508151145613
245,0.9691666666666666,0.9009076498816582,0.813953488372093,0.8898305084745762,0.9009076498816583,0.8618919984233346,0.8502024291497976,0.8280757097791799,1.0649542678152406
246,0.9691666666666666,0.9111349966343127,0.8372093023255814,0.8709677419354839,0.9111349966343129,0.8628385221305328,0.8537549407114624,0.84375,1.0649562668088164
247,0.9675,0.9102012898182529,0.8372093023255814,0.8571428571428571,0.910201289818253,0.8559260797342193,0.8470588235294119,0.8411214953271028,1.122522226796051
248,0.9641666666666666,0.8946974138492606,0.8062015503875969,0.8524590163934426,0.8946974138492606,0.8397469500571865,0.8286852589641434,0.8150470219435736,1.2376514814457533
249,0.9683333333333334,0.9106681432262828,0.8372093023255814,0.864,0.910668143226283,0.8593546511627908,0.8503937007874015,0.842433697347894,1.0937392468024336
250,0.9716666666666667,0.9125355568584024,0.8372093023255814,0.8925619834710744,0.9125355568584024,0.873635642898328,0.8640000000000001,0.8477237048665621,0.978607326827964
251,0.9675,0.9033830586498166,0.8217054263565892,0.8688524590163934,0.9033830586498166,0.8548622760198246,0.8446215139442231,0.8307210031347962,1.1225208941336673
252,0.9675,0.8965648274813802,0.8062015503875969,0.8813559322033898,0.8965648274813802,0.85419540796216,0.8421052631578947,0.8201892744479495,1.1225195614712837
253,0.9691666666666666,0.9077258810500946,0.8294573643410853,0.8770491803278688,0.9077258810500946,0.8624199390011438,0.8525896414342631,0.8385579937304075,1.0649556004776244
254,0.9683333333333334,0.9072590276420647,0.8294573643410853,0.8699186991869918,0.9072590276420647,0.8588546984307053,0.8492063492063492,0.8372456964006261,1.0937385804712418
255,0.97,0.9116018500423426,0.8372093023255814,0.8780487804878049,0.9116018500423427,0.8663790414066932,0.8571428571428572,0.8450704225352113,1.036173286815199
256,0.9691666666666666,0.9145441122185307,0.8449612403100775,0.8650793650793651,0.9145441122185308,0.8633536360280546,0.8549019607843137,0.8489096573208724,1.0649569331400082
257,0.9683333333333334,0.9004407964736283,0.813953488372093,0.8823529411764706,0.9004407964736284,0.8581532147742817,0.846774193548387,0.8267716535433072,1.0937372478088583
258,0.9691666666666666,0.9077258810500946,0.8294573643410853,0.8770491803278688,0.9077258810500946,0.8624199390011438,0.8525896414342631,0.8385579937304075,1.0649556004776244
259,0.9708333333333333,0.9120687034503725,0.8372093023255814,0.8852459016393442,0.9120687034503726,0.8699776019824629,0.8605577689243028,0.8463949843260188,1.0073903068215815
260,0.9691666666666666,0.9009076498816582,0.813953488372093,0.8898305084745762,0.9009076498816583,0.8618919984233346,0.8502024291497976,0.8280757097791799,1.0649542678152406
261,0.9675,0.8999739430655984,0.813953488372093,0.875,0.8999739430655984,0.8544767441860466,0.8433734939759036,0.8254716981132075,1.1225202278024755
262,0.9708333333333333,0.9120687034503725,0.8372093023255814,0.8852459016393442,0.9120687034503726,0.8699776019824629,0.8605577689243028,0.8463949843260188,1.0073903068215815
263,0.9683333333333334,0.9038499120578465,0.8217054263565892,0.8760330578512396,0.9038499120578465,0.8584525754372477,0.848,0.8320251177394036,1.09373791414005
264,0.97,0.9116018500423426,0.8372093023255814,0.8780487804878049,0.9116018500423427,0.8663790414066932,0.8571428571428572,0.8450704225352113,1.036173286815199
265,0.9691666666666666,0.9043167654658764,0.8217054263565892,0.8833333333333333,0.9043167654658764,0.8621027131782946,0.8514056224899598,0.8333333333333333,1.0649549341464326
266,0.9708333333333333,0.9086595878661543,0.8294573643410853,0.8916666666666667,0.9086595878661544,0.8697286821705426,0.8594377510040162,0.8411949685534592,1.0073896404903897
267,0.9683333333333334,0.9004407964736283,0.813953488372093,0.8823529411764706,0.9004407964736284,0.8581532147742817,0.846774193548387,0.8267716535433072,1.0937372478088583
268,0.9666666666666667,0.8926888584891322,0.7984496124031008,0.8803418803418803,0.8926888584891322,0.8502290797058238,0.8373983739837397,0.8135860979462877,1.1513018751337094
269,0.9666666666666667,0.8995070896575685,0.813953488372093,0.8677685950413223,0.8995070896575685,0.8508610417067077,0.84,0.8241758241758244,1.151303207796093
270,0.9733333333333334,0.9202874948428984,0.8527131782945736,0.8943089430894309,0.9202874948428984,0.8814277273586689,0.873015873015873,0.8607198748043818,0.921042699503113
271,0.9658333333333333,0.9024493518337567,0.8217054263565892,0.8548387096774194,0.9024493518337567,0.8478554013503377,0.8379446640316206,0.828125,1.180086854120902
272,0.9691666666666666,0.8940894187132218,0.7984496124031008,0.9035087719298246,0.8940894187132218,0.861812525499796,0.8477366255144033,0.8174603174603176,1.064952935152857
273,0.9691666666666666,0.9145441122185307,0.8449612403100775,0.8650793650793651,0.9145441122185308,0.8633536360280546,0.8549019607843137,0.8489096573208724,1.0649569331400082
274,0.965,0.884936920504636,0.7829457364341085,0.8782608695652174,0.884936920504636,0.8422699696663296,0.8278688524590164,0.8003169572107766,1.2088665024585603
275,0.9666666666666667,0.9029162052417866,0.8217054263565892,0.8617886178861789,0.9029162052417868,0.8513303554547174,0.8412698412698413,0.8294209702660408,1.1513038741272847
276,0.97,0.9047836188739062,0.8217054263565892,0.8907563025210085,0.9047836188739063,0.8658141977721322,0.8548387096774194,0.8346456692913385,1.0361719541528152
277,0.9683333333333334,0.9004407964736283,0.813953488372093,0.8823529411764706,0.9004407964736284,0.8581532147742817,0.846774193548387,0.8267716535433072,1.093737247808858
278,0.9691666666666666,0.9009076498816582,0.813953488372093,0.8898305084745762,0.9009076498816583,0.8618919984233346,0.8502024291497976,0.8280757097791799,1.0649542678152408
279,0.9675,0.9033830586498166,0.8217054263565892,0.8688524590163934,0.9033830586498166,0.8548622760198246,0.8446215139442231,0.8307210031347962,1.1225208941336673
280,0.9675,0.9033830586498166,0.8217054263565892,0.8688524590163934,0.9033830586498166,0.8548622760198246,0.8446215139442231,0.8307210031347962,1.1225208941336673
281,0.9708333333333333,0.9086595878661543,0.8294573643410853,0.8916666666666667,0.9086595878661544,0.8697286821705426,0.8594377510040162,0.8411949685534592,1.0073896404903897
282,0.9675,0.8999739430655984,0.813953488372093,0.875,0.8999739430655984,0.8544767441860466,0.8433734939759036,0.8254716981132075,1.1225202278024753
283,0.9683333333333334,0.8936225653051919,0.7984496124031008,0.8956521739130435,0.893622565305192,0.8578842264914055,0.8442622950819673,0.8161648177496038,1.0937359151464745
284,0.9683333333333334,0.9072590276420647,0.8294573643410853,0.8699186991869918,0.9072590276420647,0.8588546984307053,0.8492063492063492,0.8372456964006261,1.0937385804712418
285,0.9708333333333333,0.9120687034503725,0.8372093023255814,0.8852459016393442,0.9120687034503726,0.8699776019824629,0.8605577689243028,0.8463949843260188,1.0073903068215815
286,0.9716666666666667,0.9193537880268386,0.8527131782945736,0.88,0.9193537880268386,0.8742732558139534,0.8661417322834645,0.8580343213728548,0.9786086594903478
287,0.9675,0.9067921742340347,0.8294573643410853,0.8629032258064516,0.9067921742340348,0.8553469617404351,0.8458498023715415,0.8359375,1.122521560464859
288,0.97,0.901374503289688,0.813953488372093,0.8974358974358975,0.901374503289688,0.8656946929039953,0.8536585365853658,0.8293838862559242,1.0361712878216234
289,0.9716666666666667,0.9159446724426205,0.8449612403100775,0.8861788617886179,0.9159446724426205,0.873903384382681,0.8650793650793651,0.8528951486697967,0.9786079931591558
290,0.9725,0.9164115258506503,0.8449612403100775,0.8934426229508197,0.9164115258506503,0.877535264963782,0.8685258964143425,0.8542319749216303,0.9498250131655385
291,0.9666666666666667,0.9063253208260048,0.8294573643410853,0.856,0.9063253208260048,0.8518953488372093,0.8425196850393701,0.8346333853354134,1.1513045404584767
292,0.9708333333333333,0.9154778190345906,0.8449612403100775,0.8790322580645161,0.9154778190345906,0.8703300825206302,0.8616600790513833,0.8515625,1.0073909731527735
293,0.9666666666666667,0.9029162052417866,0.8217054263565892,0.8617886178861789,0.9029162052417868,0.8513303554547174,0.8412698412698413,0.8294209702660408,1.1513038741272847
294,0.9716666666666667,0.9125355568584024,0.8372093023255814,0.8925619834710744,0.9125355568584024,0.873635642898328,0.8640000000000001,0.8477237048665621,0.9786073268279639
295,0.9683333333333334,0.9038499120578465,0.8217054263565892,0.8760330578512396,0.9038499120578465,0.8584525754372477,0.848,0.8320251177394036,1.09373791414005
296,0.9683333333333334,0.9038499120578465,0.8217054263565892,0.8760330578512396,0.9038499120578465,0.8584525754372477,0.848,0.8320251177394036,1.09373791414005
297,0.9683333333333334,0.9004407964736283,0.813953488372093,0.8823529411764706,0.9004407964736284,0.8581532147742817,0.846774193548387,0.8267716535433072,1.0937372478088583
298,0.9708333333333333,0.9120687034503725,0.8372093023255814,0.8852459016393442,0.9120687034503726,0.8699776019824629,0.8605577689243028,0.8463949843260188,1.0073903068215815
299,0.9683333333333334,0.9038499120578465,0.8217054263565892,0.8760330578512396,0.9038499120578465,0.8584525754372477,0.848,0.8320251177394036,1.09373791414005
300,0.9658333333333333,0.8990402362495385,0.813953488372093,0.860655737704918,0.8990402362495387,0.8473046130385056,0.8366533864541832,0.822884012539185,1.1800861877897102
301,0.97,0.9081927344581244,0.8294573643410853,0.8842975206611571,0.9081927344581244,0.8660441091677878,0.856,0.8398744113029828,1.036172620484007
302,0.9675,0.9102012898182529,0.8372093023255814,0.8571428571428571,0.910201289818253,0.8559260797342193,0.8470588235294119,0.8411214953271028,1.122522226796051
303,0.9691666666666666,0.9145441122185307,0.8449612403100775,0.8650793650793651,0.9145441122185308,0.8633536360280546,0.8549019607843137,0.8489096573208724,1.0649569331400082
304,0.9725,0.9232297570190867,0.8604651162790697,0.8809523809523809,0.9232297570190868,0.8782087486157253,0.8705882352941177,0.8644859813084114,0.9498263458279221
305,0.9658333333333333,0.8990402362495385,0.813953488372093,0.860655737704918,0.8990402362495387,0.8473046130385056,0.8366533864541832,0.822884012539185,1.1800861877897104
306,0.9691666666666666,0.9111349966343127,0.8372093023255814,0.8709677419354839,0.9111349966343129,0.8628385221305328,0.8537549407114624,0.84375,1.0649562668088164
307,0.9691666666666666,0.9077258810500946,0.8294573643410853,0.8770491803278688,0.9077258810500946,0.8624199390011438,0.8525896414342631,0.8385579937304075,1.0649556004776244
308,0.9691666666666666,0.9145441122185307,0.8449612403100775,0.8650793650793651,0.9145441122185308,0.8633536360280546,0.8549019607843137,0.8489096573208724,1.0649569331400082
309,0.9675,0.8965648274813802,0.8062015503875969,0.8813559322033898,0.8965648274813802,0.85419540796216,0.8421052631578947,0.8201892744479495,1.1225195614712835
310,0.9741666666666666,0.9241634638351465,0.8604651162790697,0.8951612903225806,0.9241634638351465,0.8853132033008251,0.8774703557312252,0.8671875,0.8922603858406872
311,0.9733333333333334,0.9271057260113348,0.8682170542635659,0.8818897637795275,0.9271057260113348,0.88213674235488,0.875,0.8709175738724728,0.9210440321654966
312,0.9658333333333333,0.8990402362495385,0.813953488372093,0.860655737704918,0.8990402362495387,0.8473046130385056,0.8366533864541832,0.822884012539185,1.1800861877897102
313,0.9708333333333333,0.9052504722819361,0.8217054263565892,0.8983050847457628,0.9052504722819361,0.8695885888845093,0.8582995951417005,0.8359621451104102,1.0073889741591977
314,0.9658333333333333,0.8956311206653205,0.8062015503875969,0.8666666666666667,0.8956311206653205,0.8468507751937984,0.8353413654618473,0.8176100628930819,1.1800855214585184
315,0.97,0.9116018500423426,0.8372093023255814,0.8780487804878049,0.9116018500423427,0.8663790414066932,0.8571428571428572,0.8450704225352113,1.036173286815199
316,0.9683333333333334,0.9004407964736283,0.813953488372093,0.8823529411764706,0.9004407964736284,0.8581532147742817,0.846774193548387,0.8267716535433072,1.093737247808858
317,0.9716666666666667,0.9125355568584024,0.8372093023255814,0.8925619834710744,0.9125355568584024,0.873635642898328,0.8640000000000001,0.8477237048665621,0.978607326827964
318,0.9691666666666666,0.9043167654658764,0.8217054263565892,0.8833333333333333,0.9043167654658764,0.8621027131782946,0.8514056224899598,0.8333333333333333,1.0649549341464324
319,0.9691666666666666,0.9179532278027489,0.8527131782945736,0.859375,0.9179532278027489,0.8639607558139535,0.8560311284046692,0.8540372670807453,1.0649575994712
320,0.9716666666666667,0.9125355568584024,0.8372093023255814,0.8925619834710744,0.9125355568584024,0.873635642898328,0.8640000000000001,0.8477237048665621,0.978607326827964
321,0.9725,0.9198206414348685,0.8527131782945736,0.8870967741935484,0.9198206414348685,0.8778216429107277,0.8695652173913044,0.8593749999999999,0.9498256794967304
322,0.9675,0.9033830586498166,0.8217054263565892,0.8688524590163934,0.9033830586498166,0.8548622760198246,0.8446215139442231,0.8307210031347962,1.1225208941336673
323,0.9725,0.9164115258506503,0.8449612403100775,0.8934426229508197,0.9164115258506503,0.877535264963782,0.8685258964143425,0.8542319749216303,0.9498250131655384
324,0.9658333333333333,0.8990402362495385,0.813953488372093,0.860655737704918,0.8990402362495387,0.8473046130385056,0.8366533864541832,0.822884012539185,1.1800861877897102
325,0.9675,0.9033830586498166,0.8217054263565892,0.8688524590163934,0.9033830586498166,0.8548622760198246,0.8446215139442231,0.8307210031347962,1.1225208941336673
326,0.9675,0.8999739430655984,0.813953488372093,0.875,0.8999739430655984,0.8544767441860466,0.8433734939759036,0.8254716981132075,1.1225202278024755
327,0.97,0.9081927344581244,0.8294573643410853,0.8842975206611571,0.9081927344581244,0.8660441091677878,0.856,0.8398744113029828,1.036172620484007
328,0.9725,0.9198206414348685,0.8527131782945736,0.8870967741935484,0.9198206414348685,0.8778216429107277,0.8695652173913044,0.8593749999999999,0.9498256794967301
329,0.975,0.9246303172431763,0.8604651162790697,0.9024390243902439,0.9246303172431763,0.8889520703346567,0.8809523809523809,0.8685446009389671,0.8634774058470699
330,0.9666666666666667,0.9029162052417866,0.8217054263565892,0.8617886178861789,0.9029162052417868,0.8513303554547174,0.8412698412698413,0.8294209702660408,1.1513038741272847
331,0.9658333333333333,0.8888128894968841,0.7906976744186046,0.8793103448275862,0.8888128894968842,0.8462540096230955,0.8326530612244898,0.8069620253164556,1.1800841887961349
332,0.9691666666666666,0.9077258810500946,0.8294573643410853,0.8770491803278688,0.9077258810500946,0.8624199390011438,0.8525896414342631,0.8385579937304075,1.0649556004776244
333,0.9725,0.9130024102664323,0.8372093023255814,0.9,0.9130024102664323,0.8773546511627908,0.8674698795180723,0.8490566037735848,0.9498243468343465
334,0.9716666666666667,0.9159446724426205,0.8449612403100775,0.8861788617886179,0.9159446724426205,0.873903384382681,0.8650793650793651,0.8528951486697967,0.9786079931591558
335,0.97,0.901374503289688,0.813953488372093,0.8974358974358975,0.901374503289688,0.8656946929039953,0.8536585365853658,0.8293838862559242,1.0361712878216234
336,0.9741666666666666,0.9241634638351465,0.8604651162790697,0.8951612903225806,0.9241634638351465,0.8853132033008251,0.8774703557312252,0.8671875,0.8922603858406872
337,0.9675,0.9033830586498166,0.8217054263565892,0.8688524590163934,0.9033830586498166,0.8548622760198246,0.8446215139442231,0.8307210031347962,1.1225208941336673
338,0.9683333333333334,0.9004407964736283,0.813953488372093,0.8823529411764706,0.9004407964736284,0.8581532147742817,0.846774193548387,0.8267716535433072,1.093737247808858
339,0.9733333333333334,0.9168783792586802,0.8449612403100775,0.9008264462809917,0.9168783792586802,0.881227176628868,0.8719999999999999,0.8555729984301412,0.921042033171921
340,0.9658333333333333,0.8888128894968841,0.7906976744186046,0.8793103448275862,0.8888128894968842,0.8462540096230955,0.8326530612244898,0.8069620253164556,1.1800841887961346
341,0.9716666666666667,0.9193537880268386,0.8527131782945736,0.88,0.9193537880268386,0.8742732558139534,0.8661417322834645,0.8580343213728548,0.9786086594903477
342,0.9675,0.8965648274813802,0.8062015503875969,0.8813559322033898,0.8965648274813802,0.85419540796216,0.8421052631578947,0.8201892744479495,1.1225195614712835
343,0.9691666666666666,0.9009076498816582,0.813953488372093,0.8898305084745762,0.9009076498816583,0.8618919984233346,0.8502024291497976,0.8280757097791799,1.0649542678152406
344,0.97,0.9116018500423426,0.8372093023255814,0.8780487804878049,0.9116018500423427,0.8663790414066932,0.8571428571428572,0.8450704225352113,1.036173286815199
345,0.9741666666666666,0.9241634638351465,0.8604651162790697,0.8951612903225806,0.9241634638351465,0.8853132033008251,0.8774703557312252,0.8671875,0.8922603858406872
346,0.9708333333333333,0.9086595878661543,0.8294573643410853,0.8916666666666667,0.9086595878661544,0.8697286821705426,0.8594377510040162,0.8411949685534592,1.0073896404903895
347,0.9691666666666666,0.9009076498816582,0.813953488372093,0.8898305084745762,0.9009076498816583,0.8618919984233346,0.8502024291497976,0.8280757097791799,1.0649542678152406
348,0.97,0.901374503289688,0.813953488372093,0.8974358974358975,0.901374503289688,0.8656946929039953,0.8536585365853658,0.8293838862559242,1.0361712878216234
349,0.9691666666666666,0.9043167654658764,0.8217054263565892,0.8833333333333333,0.9043167654658764,0.8621027131782946,0.8514056224899598,0.8333333333333333,1.0649549341464326
350,0.9683333333333334,0.9004407964736283,0.813953488372093,0.8823529411764706,0.9004407964736284,0.8581532147742817,0.846774193548387,0.8267716535433072,1.0937372478088583
351,0.9658333333333333,0.8888128894968841,0.7906976744186046,0.8793103448275862,0.8888128894968842,0.8462540096230955,0.8326530612244898,0.8069620253164556,1.1800841887961349
352,0.9666666666666667,0.9063253208260048,0.8294573643410853,0.856,0.9063253208260048,0.8518953488372093,0.8425196850393701,0.8346333853354134,1.1513045404584765
353,0.9691666666666666,0.9043167654658764,0.8217054263565892,0.8833333333333333,0.9043167654658764,0.8621027131782946,0.8514056224899598,0.8333333333333333,1.0649549341464324
354,0.9733333333333334,0.9202874948428984,0.8527131782945736,0.8943089430894309,0.9202874948428984,0.8814277273586689,0.873015873015873,0.8607198748043818,0.921042699503113
355,0.9683333333333334,0.9004407964736283,0.813953488372093,0.8823529411764706,0.9004407964736284,0.8581532147742817,0.846774193548387,0.8267716535433072,1.093737247808858
356,0.9683333333333334,0.9004407964736283,0.813953488372093,0.8823529411764706,0.9004407964736284,0.8581532147742817,0.846774193548387,0.8267716535433072,1.093737247808858
357,0.9691666666666666,0.9009076498816582,0.813953488372093,0.8898305084745762,0.9009076498816583,0.8618919984233346,0.8502024291497976,0.8280757097791799,1.0649542678152406
358,0.9691666666666666,0.9111349966343127,0.8372093023255814,0.8709677419354839,0.9111349966343129,0.8628385221305328,0.8537549407114624,0.84375,1.0649562668088164
359,0.9716666666666667,0.9159446724426205,0.8449612403100775,0.8861788617886179,0.9159446724426205,0.873903384382681,0.8650793650793651,0.8528951486697967,0.9786079931591558
360,0.9675,0.8965648274813802,0.8062015503875969,0.8813559322033898,0.8965648274813802,0.85419540796216,0.8421052631578947,0.8201892744479495,1.1225195614712837
361,0.9691666666666666,0.9009076498816582,0.813953488372093,0.8898305084745762,0.9009076498816583,0.8618919984233346,0.8502024291497976,0.8280757097791799,1.0649542678152406
362,0.9683333333333334,0.9038499120578465,0.8217054263565892,0.8760330578512396,0.9038499120578465,0.8584525754372477,0.848,0.8320251177394036,1.0937379141400498
363,0.9708333333333333,0.9086595878661543,0.8294573643410853,0.8916666666666667,0.9086595878661544,0.8697286821705426,0.8594377510040162,0.8411949685534592,1.0073896404903897
364,0.9666666666666667,0.889279742904914,0.7906976744186046,0.8869565217391304,0.889279742904914,0.8500770980788676,0.8360655737704918,0.8082408874801902,1.1513012088025174
365,0.97,0.901374503289688,0.813953488372093,0.8974358974358975,0.901374503289688,0.8656946929039953,0.8536585365853658,0.8293838862559242,1.0361712878216232
366,0.9691666666666666,0.9077258810500946,0.8294573643410853,0.8770491803278688,0.9077258810500946,0.8624199390011438,0.8525896414342631,0.8385579937304075,1.0649556004776244
367,0.97,0.8979653877054699,0.8062015503875969,0.9043478260869565,0.8979653877054699,0.8656913549039433,0.8524590163934427,0.8240887480190173,1.0361706214904316
368,0.9658333333333333,0.8888128894968841,0.7906976744186046,0.8793103448275862,0.8888128894968842,0.8462540096230955,0.8326530612244898,0.8069620253164556,1.1800841887961349
369,0.965,0.8883460360888542,0.7906976744186046,0.8717948717948718,0.8883460360888542,0.8424962731067382,0.8292682926829267,0.8056872037914693,1.2088671687897523
370,0.97,0.9047836188739062,0.8217054263565892,0.8907563025210085,0.9047836188739063,0.8658141977721322,0.8548387096774194,0.8346456692913385,1.0361719541528152
371,0.97,0.901374503289688,0.813953488372093,0.8974358974358975,0.901374503289688,0.8656946929039953,0.8536585365853658,0.8293838862559242,1.0361712878216234
372,0.9675,0.8999739430655984,0.813953488372093,0.875,0.8999739430655984,0.8544767441860466,0.8433734939759036,0.8254716981132075,1.1225202278024755
373,0.9716666666666667,0.9125355568584024,0.8372093023255814,0.8925619834710744,0.9125355568584024,0.873635642898328,0.8640000000000001,0.8477237048665621,0.978607326827964
374,0.9725,0.9130024102664323,0.8372093023255814,0.9,0.9130024102664323,0.8773546511627908,0.8674698795180723,0.8490566037735848,0.9498243468343465
375,0.965,0.8917551516730724,0.7984496124031008,0.865546218487395,0.8917551516730724,0.8428312487785813,0.8306451612903225,0.8110236220472442,1.208867835120944
376,0.9733333333333334,0.9202874948428984,0.8527131782945736,0.8943089430894309,0.9202874948428984,0.8814277273586689,0.873015873015873,0.8607198748043818,0.9210426995031128
377,0.9725,0.9130024102664323,0.8372093023255814,0.9,0.9130024102664323,0.8773546511627908,0.8674698795180723,0.8490566037735848,0.9498243468343465
378,0.9708333333333333,0.9086595878661543,0.8294573643410853,0.8916666666666667,0.9086595878661544,0.8697286821705426,0.8594377510040162,0.8411949685534592,1.0073896404903897
379,0.9691666666666666,0.9043167654658764,0.8217054263565892,0.8833333333333333,0.9043167654658764,0.8621027131782946,0.8514056224899598,0.8333333333333333,1.0649549341464324
380,0.9708333333333333,0.9052504722819361,0.8217054263565892,0.8983050847457628,0.9052504722819361,0.8695885888845093,0.8582995951417005,0.8359621451104102,1.0073889741591977
381,0.975,0.9280394328273945,0.8682170542635659,0.896,0.9280394328273945,0.8891918604651162,0.8818897637795274,0.8736349453978159,0.8634780721782617
382,0.97,0.9047836188739062,0.8217054263565892,0.8907563025210085,0.9047836188739063,0.8658141977721322,0.8548387096774194,0.8346456692913385,1.0361719541528152
383,0.9666666666666667,0.9063253208260048,0.8294573643410853,0.856,0.9063253208260048,0.8518953488372093,0.8425196850393701,0.8346333853354134,1.1513045404584765
384,0.97,0.9116018500423426,0.8372093023255814,0.8780487804878049,0.9116018500423427,0.8663790414066932,0.8571428571428572,0.8450704225352113,1.0361732868151987
385,0.9725,0.9198206414348685,0.8527131782945736,0.8870967741935484,0.9198206414348685,0.8778216429107277,0.8695652173913044,0.8593749999999999,0.9498256794967301
386,0.97,0.9116018500423426,0.8372093023255814,0.8780487804878049,0.9116018500423427,0.8663790414066932,0.8571428571428572,0.8450704225352113,1.036173286815199
387,0.965,0.8815278049204178,0.7751937984496124,0.8849557522123894,0.8815278049204178,0.8421581086643343,0.8264462809917357,0.7949125596184422,1.2088658361273685
388,0.9733333333333334,0.9168783792586802,0.8449612403100775,0.9008264462809917,0.9168783792586802,0.881227176628868,0.8719999999999999,0.8555729984301412,0.9210420331719211
389,0.9725,0.9095932946822141,0.8294573643410853,0.9067796610169492,0.9095932946822141,0.877285179345684,0.8663967611336033,0.8438485804416405,0.9498236805031547
390,0.9716666666666667,0.9227629036110568,0.8604651162790697,0.8740157480314961,0.9227629036110568,0.874740432155283,0.8671875,0.8631415241057543,0.9786093258215396
391,0.9708333333333333,0.9018413566977179,0.813953488372093,0.9051724137931034,0.9018413566977179,0.8695629510825982,0.8571428571428572,0.8306962025316456,1.0073883078280057
392,0.9666666666666667,0.9029162052417866,0.8217054263565892,0.8617886178861789,0.9029162052417868,0.8513303554547174,0.8412698412698413,0.8294209702660408,1.1513038741272847
393,0.97,0.9047836188739062,0.8217054263565892,0.8907563025210085,0.9047836188739063,0.8658141977721322,0.8548387096774194,0.8346456692913385,1.0361719541528152
394,0.9666666666666667,0.8926888584891322,0.7984496124031008,0.8803418803418803,0.8926888584891322,0.8502290797058238,0.8373983739837397,0.8135860979462877,1.1513018751337094
395,0.9716666666666667,0.9159446724426205,0.8449612403100775,0.8861788617886179,0.9159446724426205,0.873903384382681,0.8650793650793651,0.8528951486697967,0.9786079931591557
396,0.9725,0.9130024102664323,0.8372093023255814,0.9,0.9130024102664323,0.8773546511627908,0.8674698795180723,0.8490566037735848,0.9498243468343467
397,0.97,0.9047836188739062,0.8217054263565892,0.8907563025210085,0.9047836188739063,0.8658141977721322,0.8548387096774194,0.8346456692913385,1.0361719541528152
398,0.9691666666666666,0.9043167654658764,0.8217054263565892,0.8833333333333333,0.9043167654658764,0.8621027131782946,0.8514056224899598,0.8333333333333333,1.0649549341464326
399,0.97,0.9081927344581244,0.8294573643410853,0.8842975206611571,0.9081927344581244,0.8660441091677878,0.856,0.8398744113029828,1.036172620484007
400,0.9683333333333334,0.9038499120578465,0.8217054263565892,0.8760330578512396,0.9038499120578465,0.8584525754372477,0.848,0.8320251177394036,1.09373791414005
401,0.9741666666666666,0.913936117082492,0.8372093023255814,0.9152542372881356,0.913936117082492,0.8849817698068585,0.8744939271255062,0.8517350157728708,0.8922583868471118
402,0.9683333333333334,0.9004407964736283,0.813953488372093,0.8823529411764706,0.9004407964736284,0.8581532147742817,0.846774193548387,0.8267716535433072,1.0937372478088583
403,0.975,0.91781208607474,0.8449612403100775,0.9159663865546218,0.91781208607474,0.8887971467656829,0.879032258064516,0.8582677165354329,0.8634760731846863
404,0.9716666666666667,0.9023082101057478,0.813953488372093,0.9130434782608695,0.9023082101057478,0.8734984833164814,0.860655737704918,0.8320126782884311,0.9786053278343885
405,0.9725,0.9164115258506503,0.8449612403100775,0.8934426229508197,0.9164115258506503,0.877535264963782,0.8685258964143425,0.8542319749216303,0.9498250131655384
406,0.9691666666666666,0.9009076498816582,0.813953488372093,0.8898305084745762,0.9009076498816583,0.8618919984233346,0.8502024291497976,0.8280757097791799,1.0649542678152406
407,0.9691666666666666,0.9009076498816582,0.813953488372093,0.8898305084745762,0.9009076498816583,0.8618919984233346,0.8502024291497976,0.8280757097791799,1.0649542678152406
408,0.9741666666666666,0.9207543482509283,0.8527131782945736,0.9016393442622951,0.9207543482509284,0.885092927945101,0.8764940239043824,0.8620689655172413,0.8922597195094955
409,0.9675,0.9067921742340347,0.8294573643410853,0.8629032258064516,0.9067921742340348,0.8553469617404351,0.8458498023715415,0.8359375,1.122521560464859
410,0.9708333333333333,0.9120687034503725,0.8372093023255814,0.8852459016393442,0.9120687034503726,0.8699776019824629,0.8605577689243028,0.8463949843260188,1.0073903068215815
411,0.97,0.8979653877054699,0.8062015503875969,0.9043478260869565,0.8979653877054699,0.8656913549039433,0.8524590163934427,0.8240887480190173,1.0361706214904316
412,0.97,0.8979653877054699,0.8062015503875969,0.9043478260869565,0.8979653877054699,0.8656913549039433,0.8524590163934427,0.8240887480190173,1.0361706214904314
413,0.9666666666666667,0.8960979740733503,0.8062015503875969,0.8739495798319328,0.8960979740733503,0.8504922317764314,0.8387096774193548,0.8188976377952757,1.151302541464901
414,0.97,0.9047836188739062,0.8217054263565892,0.8907563025210085,0.9047836188739063,0.8658141977721322,0.8548387096774194,0.8346456692913385,1.0361719541528154
415,0.9741666666666666,0.9207543482509283,0.8527131782945736,0.9016393442622951,0.9207543482509284,0.885092927945101,0.8764940239043824,0.8620689655172413,0.8922597195094956
416,0.9708333333333333,0.9120687034503725,0.8372093023255814,0.8852459016393442,0.9120687034503726,0.8699776019824629,0.8605577689243028,0.8463949843260188,1.0073903068215815
417,0.9733333333333334,0.9100601480902439,0.8294573643410853,0.9145299145299145,0.910060148090244,0.8811603061021666,0.8699186991869918,0.8451816745655608,0.9210407005095373
418,0.9733333333333334,0.9202874948428984,0.8527131782945736,0.8943089430894309,0.9202874948428984,0.8814277273586689,0.873015873015873,0.8607198748043818,0.9210426995031128
419,0.9725,0.9130024102664323,0.8372093023255814,0.9,0.9130024102664323,0.8773546511627908,0.8674698795180723,0.8490566037735848,0.9498243468343465
420,0.9725,0.9164115258506503,0.8449612403100775,0.8934426229508197,0.9164115258506503,0.877535264963782,0.8685258964143425,0.8542319749216303,0.9498250131655384
421,0.9716666666666667,0.905717325689966,0.8217054263565892,0.905982905982906,0.905717325689966,0.8734274995030809,0.8617886178861788,0.8372827804107424,0.9786059941655805
422,0.9691666666666666,0.89749853429744,0.8062015503875969,0.896551724137931,0.89749853429744,0.8617933039294307,0.8489795918367347,0.8227848101265822,1.0649536014840488
423,0.9716666666666667,0.905717325689966,0.8217054263565892,0.905982905982906,0.905717325689966,0.8734274995030809,0.8617886178861788,0.8372827804107424,0.9786059941655803
424,0.9733333333333334,0.9202874948428984,0.8527131782945736,0.8943089430894309,0.9202874948428984,0.8814277273586689,0.873015873015873,0.8607198748043818,0.921042699503113
425,0.9766666666666667,0.9289731396434543,0.8682170542635659,0.9105691056910569,0.9289731396434543,0.8964764133106448,0.8888888888888888,0.8763693270735523,0.8059121121910269
426,0.9741666666666666,0.9207543482509283,0.8527131782945736,0.9016393442622951,0.9207543482509284,0.885092927945101,0.8764940239043824,0.8620689655172413,0.8922597195094956
427,0.97,0.9047836188739062,0.8217054263565892,0.8907563025210085,0.9047836188739063,0.8658141977721322,0.8548387096774194,0.8346456692913385,1.0361719541528152
428,0.9708333333333333,0.9120687034503725,0.8372093023255814,0.8852459016393442,0.9120687034503726,0.8699776019824629,0.8605577689243028,0.8463949843260188,1.0073903068215815
429,0.9708333333333333,0.9052504722819361,0.8217054263565892,0.8983050847457628,0.9052504722819361,0.8695885888845093,0.8582995951417005,0.8359621451104102,1.0073889741591977
430,0.9741666666666666,0.9173452326667101,0.8449612403100775,0.9083333333333333,0.9173452326667102,0.8849806201550388,0.8755020080321284,0.8569182389937107,0.8922590531783037
431,0.9758333333333333,0.9319154018196426,0.875968992248062,0.8968253968253969,0.9319154018196426,0.8930638612033961,0.8862745098039216,0.8800623052959501,0.8346957585158361
432,0.9691666666666666,0.9009076498816582,0.813953488372093,0.8898305084745762,0.9009076498816583,0.8618919984233346,0.8502024291497976,0.8280757097791799,1.0649542678152408
433,0.9741666666666666,0.9173452326667101,0.8449612403100775,0.9083333333333333,0.9173452326667102,0.8849806201550388,0.8755020080321284,0.8569182389937107,0.8922590531783037
434,0.9675,0.8965648274813802,0.8062015503875969,0.8813559322033898,0.8965648274813802,0.85419540796216,0.8421052631578947,0.8201892744479495,1.1225195614712837
435,0.9741666666666666,0.9241634638351465,0.8604651162790697,0.8951612903225806,0.9241634638351465,0.8853132033008251,0.8774703557312252,0.8671875,0.8922603858406872
436,0.9716666666666667,0.9125355568584024,0.8372093023255814,0.8925619834710744,0.9125355568584024,0.873635642898328,0.8640000000000001,0.8477237048665621,0.9786073268279639
437,0.975,0.91781208607474,0.8449612403100775,0.9159663865546218,0.91781208607474,0.8887971467656829,0.879032258064516,0.8582677165354329,0.8634760731846863
438,0.9725,0.9164115258506503,0.8449612403100775,0.8934426229508197,0.9164115258506503,0.877535264963782,0.8685258964143425,0.8542319749216303,0.9498250131655385
439,0.9691666666666666,0.89749853429744,0.8062015503875969,0.896551724137931,0.89749853429744,0.8617933039294307,0.8489795918367347,0.8227848101265822,1.0649536014840488
440,0.975,0.9212212016589582,0.8527131782945736,0.9090909090909091,0.9212212016589582,0.8888187103594081,0.88,0.8634222919937204,0.8634767395158781
441,0.9708333333333333,0.9120687034503725,0.8372093023255814,0.8852459016393442,0.9120687034503726,0.8699776019824629,0.8605577689243028,0.8463949843260188,1.0073903068215815
442,0.975,0.9144029704905219,0.8372093023255814,0.9230769230769231,0.9144029704905219,0.8888931127012523,0.878048780487805,0.8530805687203793,0.8634754068534943
443,0.9741666666666666,0.9207543482509283,0.8527131782945736,0.9016393442622951,0.9207543482509284,0.885092927945101,0.8764940239043824,0.8620689655172413,0.8922597195094955
444,0.9766666666666667,0.9357913708118907,0.8837209302325582,0.8976377952755905,0.9357913708118907,0.8969293627540743,0.8906249999999999,0.8864696734059099,0.8059134448534105
445,0.9733333333333334,0.9202874948428984,0.8527131782945736,0.8943089430894309,0.9202874948428984,0.8814277273586689,0.873015873015873,0.8607198748043818,0.9210426995031128
446,0.975,0.9280394328273945,0.8682170542635659,0.896,0.9280394328273945,0.8891918604651162,0.8818897637795274,0.8736349453978159,0.8634780721782619
447,0.9708333333333333,0.9120687034503725,0.8372093023255814,0.8852459016393442,0.9120687034503726,0.8699776019824629,0.8605577689243028,0.8463949843260188,1.0073903068215815
448,0.975,0.9348576639958309,0.8837209302325582,0.8837209302325582,0.9348576639958309,0.8899709302325582,0.8837209302325582,0.8837209302325582,0.8634794048406452
449,0.9708333333333333,0.9154778190345906,0.8449612403100775,0.8790322580645161,0.9154778190345906,0.8703300825206302,0.8616600790513833,0.8515625,1.0073909731527735
450,0.9725,0.9130024102664323,0.8372093023255814,0.9,0.9130024102664323,0.8773546511627908,0.8674698795180723,0.8490566037735848,0.9498243468343465
451,0.9725,0.9027750635137777,0.813953488372093,0.9210526315789473,0.9027750635137777,0.8775030599755202,0.8641975308641974,0.8333333333333334,0.9498223478407711
452,0.9733333333333334,0.9134692636744621,0.8372093023255814,0.907563025210084,0.9134692636744621,0.8811361637678327,0.8709677419354839,0.8503937007874015,0.9210413668407291
453,0.9741666666666666,0.9241634638351465,0.8604651162790697,0.8951612903225806,0.9241634638351465,0.8853132033008251,0.8774703557312252,0.8671875,0.8922603858406872
454,0.9716666666666667,0.9125355568584024,0.8372093023255814,0.8925619834710744,0.9125355568584024,0.873635642898328,0.8640000000000001,0.8477237048665621,0.978607326827964
455,0.975,0.91781208607474,0.8449612403100775,0.9159663865546218,0.91781208607474,0.8887971467656829,0.879032258064516,0.8582677165354329,0.8634760731846863
456,0.9775,0.9328491086357024,0.875968992248062,0.9112903225806451,0.9328491086357024,0.9002963240810202,0.893280632411067,0.8828125,0.7771297985286013
457,0.9716666666666667,0.905717325689966,0.8217054263565892,0.905982905982906,0.905717325689966,0.8734274995030809,0.8617886178861788,0.8372827804107424,0.9786059941655803
458,0.9708333333333333,0.9120687034503725,0.8372093023255814,0.8852459016393442,0.9120687034503726,0.8699776019824629,0.8605577689243028,0.8463949843260188,1.0073903068215815
459,0.9766666666666667,0.9255640240592361,0.8604651162790697,0.9173553719008265,0.9255640240592361,0.8964102440899482,0.888,0.8712715855572998,0.8059114458598352
460,0.975,0.9314485484116127,0.875968992248062,0.889763779527559,0.9314485484116127,0.8895330525544772,0.8828125,0.8786936236391913,0.8634787385094534
461,0.9775,0.9294399930514842,0.8682170542635659,0.9180327868852459,0.9294399930514843,0.9002082539077393,0.8924302788844621,0.8777429467084639,0.7771291321974094
462,0.9758333333333333,0.9250971706512062,0.8604651162790697,0.9098360655737705,0.9250971706512062,0.8926505909264201,0.8844621513944223,0.8699059561128527,0.8346944258534524
463,0.9741666666666666,0.9207543482509283,0.8527131782945736,0.9016393442622951,0.9207543482509284,0.885092927945101,0.8764940239043824,0.8620689655172413,0.8922597195094955
464,0.9733333333333334,0.9271057260113348,0.8682170542635659,0.8818897637795275,0.9271057260113348,0.88213674235488,0.875,0.8709175738724728,0.9210440321654966
465,0.9725,0.9095932946822141,0.8294573643410853,0.9067796610169492,0.9095932946822141,0.877285179345684,0.8663967611336033,0.8438485804416405,0.9498236805031547
466,0.9725,0.9164115258506503,0.8449612403100775,0.8934426229508197,0.9164115258506503,0.877535264963782,0.8685258964143425,0.8542319749216303,0.9498250131655385
467,0.975,0.9246303172431763,0.8604651162790697,0.9024390243902439,0.9246303172431763,0.8889520703346567,0.8809523809523809,0.8685446009389671,0.8634774058470699
468,0.9766666666666667,0.9357913708118907,0.8837209302325582,0.8976377952755905,0.9357913708118907,0.8969293627540743,0.8906249999999999,0.8864696734059099,0.8059134448534107
469,0.9725,0.9266388726033049,0.8682170542635659,0.875,0.9266388726033049,0.8786918604651163,0.8715953307392996,0.8695652173913044,0.9498270121591141
470,0.9741666666666666,0.9275725794193647,0.8682170542635659,0.8888888888888888,0.9275725794193647,0.8856363049095607,0.8784313725490195,0.8722741433021808,0.892261052171879
471,0.9766666666666667,0.9426096019803271,0.8992248062015504,0.8854961832061069,0.9426096019803271,0.8977771613704955,0.8923076923076924,0.8964451313755796,0.8059147775157943
472,0.9758333333333333,0.9353245174038608,0.8837209302325582,0.890625,0.9353245174038608,0.893422965116279,0.8871595330739299,0.8850931677018634,0.834696424847028
473,0.9775,0.9362582242199206,0.8837209302325582,0.9047619047619048,0.9362582242199206,0.9004914174972314,0.8941176470588236,0.8878504672897196,0.7771304648597932
474,0.9716666666666667,0.9227629036110568,0.8604651162790697,0.8740157480314961,0.9227629036110568,0.874740432155283,0.8671875,0.8631415241057543,0.9786093258215396
475,0.9766666666666667,0.9357913708118907,0.8837209302325582,0.8976377952755905,0.9357913708118907,0.8969293627540743,0.8906249999999999,0.8864696734059099,0.8059134448534107
476,0.9716666666666667,0.9261720191952749,0.8682170542635659,0.8682170542635659,0.926172019195275,0.8753003875968992,0.8682170542635659,0.8682170542635659,0.9786099921527315
477,0.9708333333333333,0.9154778190345906,0.8449612403100775,0.8790322580645161,0.9154778190345906,0.8703300825206302,0.8616600790513833,0.8515625,1.0073909731527733
478,0.9775,0.9362582242199206,0.8837209302325582,0.9047619047619048,0.9362582242199206,0.9004914174972314,0.8941176470588236,0.8878504672897196,0.7771304648597932
479,0.9741666666666666,0.9241634638351465,0.8604651162790697,0.8951612903225806,0.9241634638351465,0.8853132033008251,0.8774703557312252,0.8671875,0.8922603858406872
480,0.9791666666666666,0.9371919310359803,0.8837209302325582,0.9193548387096774,0.9371919310359803,0.9077878844711178,0.9011857707509883,0.8906249999999999,0.7195645048725584
481,0.9766666666666667,0.9357913708118907,0.8837209302325582,0.8976377952755905,0.9357913708118907,0.8969293627540743,0.8906249999999999,0.8864696734059099,0.8059134448534107
482,0.9741666666666666,0.9275725794193647,0.8682170542635659,0.8888888888888888,0.9275725794193647,0.8856363049095607,0.8784313725490195,0.8722741433021808,0.892261052171879
483,0.9725,0.9232297570190867,0.8604651162790697,0.8809523809523809,0.9232297570190868,0.8782087486157253,0.8705882352941177,0.8644859813084114,0.9498263458279219
484,0.975,0.9246303172431763,0.8604651162790697,0.9024390243902439,0.9246303172431763,0.8889520703346567,0.8809523809523809,0.8685446009389671,0.8634774058470699
485,0.9725,0.9198206414348685,0.8527131782945736,0.8870967741935484,0.9198206414348685,0.8778216429107277,0.8695652173913044,0.8593749999999999,0.9498256794967301
486,0.9725,0.9164115258506503,0.8449612403100775,0.8934426229508197,0.9164115258506503,0.877535264963782,0.8685258964143425,0.8542319749216303,0.9498250131655385
487,0.9783333333333334,0.9333159620437322,0.875968992248062,0.9186991869918699,0.9333159620437322,0.9040007562866327,0.8968253968253969,0.8841940532081378,0.748346818534984
488,0.975,0.9314485484116127,0.875968992248062,0.889763779527559,0.9314485484116127,0.8895330525544772,0.8828125,0.8786936236391913,0.8634787385094537
489,0.9766666666666667,0.9392004863961089,0.8914728682170543,0.8914728682170543,0.9392004863961089,0.8973062015503876,0.8914728682170543,0.8914728682170543,0.8059141111846024
490,0.9766666666666667,0.9357913708118907,0.8837209302325582,0.8976377952755905,0.9357913708118907,0.8969293627540743,0.8906249999999999,0.8864696734059099,0.8059134448534105
491,0.9741666666666666,0.9173452326667101,0.8449612403100775,0.9083333333333333,0.9173452326667102,0.8849806201550388,0.8755020080321284,0.8569182389937107,0.8922590531783037
492,0.9725,0.9164115258506503,0.8449612403100775,0.8934426229508197,0.9164115258506503,0.877535264963782,0.8685258964143425,0.8542319749216303,0.9498250131655384
493,0.9741666666666666,0.9207543482509283,0.8527131782945736,0.9016393442622951,0.9207543482509284,0.885092927945101,0.8764940239043824,0.8620689655172413,0.8922597195094955
494,0.9741666666666666,0.9173452326667101,0.8449612403100775,0.9083333333333333,0.9173452326667102,0.8849806201550388,0.8755020080321284,0.8569182389937107,0.8922590531783037
495,0.9758333333333333,0.9250971706512062,0.8604651162790697,0.9098360655737705,0.9250971706512062,0.8926505909264201,0.8844621513944223,0.8699059561128527,0.8346944258534525
496,0.9758333333333333,0.9285062862354244,0.8682170542635659,0.9032258064516129,0.9285062862354244,0.8928047636909228,0.8853754940711462,0.8749999999999999,0.8346950921846443
497,0.975,0.9280394328273945,0.8682170542635659,0.896,0.9280394328273945,0.8891918604651162,0.8818897637795274,0.8736349453978159,0.8634780721782617
498,0.9741666666666666,0.9173452326667101,0.8449612403100775,0.9083333333333333,0.9173452326667102,0.8849806201550388,0.8755020080321284,0.8569182389937107,0.8922590531783037
499,0.9758333333333333,0.9353245174038608,0.8837209302325582,0.890625,0.9353245174038608,0.893422965116279,0.8871595330739299,0.8850931677018634,0.8346964248470281
500,0.98,0.9376587844440102,0.8837209302325582,0.926829268292683,0.9376587844440102,0.9115250992626206,0.9047619047619047,0.892018779342723,0.6907815248789411
501,0.9733333333333334,0.9168783792586802,0.8449612403100775,0.9008264462809917,0.9168783792586802,0.881227176628868,0.8719999999999999,0.8555729984301412,0.921042033171921
502,0.9766666666666667,0.9357913708118907,0.8837209302325582,0.8976377952755905,0.9357913708118907,0.8969293627540743,0.8906249999999999,0.8864696734059099,0.8059134448534105
503,0.9766666666666667,0.9289731396434543,0.8682170542635659,0.9105691056910569,0.9289731396434543,0.8964764133106448,0.8888888888888888,0.8763693270735523,0.805912112191027
504,0.9691666666666666,0.9213623433869671,0.8604651162790697,0.8538461538461538,0.9213623433869671,0.8646556350626119,0.8571428571428571,0.8591331269349844,1.0649582658023917
505,0.9733333333333334,0.9236966104271166,0.8604651162790697,0.888,0.9236966104271166,0.8817325581395349,0.8740157480314961,0.8658346333853354,0.9210433658343048
506,0.9733333333333334,0.9271057260113348,0.8682170542635659,0.8818897637795275,0.9271057260113348,0.88213674235488,0.875,0.8709175738724728,0.9210440321654966
507,0.9758333333333333,0.9250971706512062,0.8604651162790697,0.9098360655737705,0.9250971706512062,0.8926505909264201,0.8844621513944223,0.8699059561128527,0.8346944258534525
508,0.9758333333333333,0.9353245174038608,0.8837209302325582,0.890625,0.9353245174038608,0.893422965116279,0.8871595330739299,0.8850931677018634,0.8346964248470281
509,0.9783333333333334,0.9401341932121686,0.8914728682170543,0.905511811023622,0.9401341932121686,0.9043256729536715,0.8984375,0.8942457231726283,0.7483481511973675
510,0.9725,0.9198206414348685,0.8527131782945736,0.8870967741935484,0.9198206414348685,0.8778216429107277,0.8695652173913044,0.8593749999999999,0.9498256794967304
511,0.9733333333333334,0.9202874948428984,0.8527131782945736,0.8943089430894309,0.9202874948428984,0.8814277273586689,0.873015873015873,0.8607198748043818,0.9210426995031128
512,0.9758333333333333,0.9353245174038608,0.8837209302325582,0.890625,0.9353245174038608,0.893422965116279,0.8871595330739299,0.8850931677018634,0.8346964248470281
513,0.9683333333333334,0.9038499120578465,0.8217054263565892,0.8760330578512396,0.9038499120578465,0.8584525754372477,0.848,0.8320251177394036,1.0937379141400498
514,0.9775,0.9328491086357024,0.875968992248062,0.9112903225806451,0.9328491086357024,0.9002963240810202,0.893280632411067,0.8828125,0.7771297985286014
515,0.9775,0.9396673398041387,0.8914728682170543,0.8984375,0.9396673398041387,0.9007885174418604,0.8949416342412452,0.8928571428571429,0.7771311311909851
516,0.9741666666666666,0.9275725794193647,0.8682170542635659,0.8888888888888888,0.9275725794193647,0.8856363049095607,0.8784313725490195,0.8722741433021808,0.892261052171879
517,0.9741666666666666,0.9173452326667101,0.8449612403100775,0.9083333333333333,0.9173452326667102,0.8849806201550388,0.8755020080321284,0.8569182389937107,0.8922590531783037
518,0.9733333333333334,0.9236966104271166,0.8604651162790697,0.888,0.9236966104271166,0.8817325581395349,0.8740157480314961,0.8658346333853354,0.9210433658343046
519,0.9741666666666666,0.9275725794193647,0.8682170542635659,0.8888888888888888,0.9275725794193647,0.8856363049095607,0.8784313725490195,0.8722741433021808,0.8922610521718792
520,0.9766666666666667,0.9357913708118907,0.8837209302325582,0.8976377952755905,0.9357913708118907,0.8969293627540743,0.8906249999999999,0.8864696734059099,0.8059134448534107
521,0.9741666666666666,0.9241634638351465,0.8604651162790697,0.8951612903225806,0.9241634638351465,0.8853132033008251,0.8774703557312252,0.8671875,0.8922603858406872
522,0.9783333333333334,0.929906846459514,0.8682170542635659,0.9256198347107438,0.929906846459514,0.9040017778204882,0.896,0.8791208791208792,0.7483461522037923
523,0.97,0.9116018500423426,0.8372093023255814,0.8780487804878049,0.9116018500423427,0.8663790414066932,0.8571428571428572,0.8450704225352113,1.0361732868151987
524,0.98,0.9478861311966646,0.9069767441860465,0.9069767441860465,0.9478861311966646,0.9119767441860465,0.9069767441860465,0.9069767441860466,0.6907835238725166
525,0.9725,0.9232297570190867,0.8604651162790697,0.8809523809523809,0.9232297570190868,0.8782087486157253,0.8705882352941177,0.8644859813084114,0.9498263458279219
526,0.9758333333333333,0.9421427485722972,0.8992248062015504,0.8787878787878788,0.9421427485722972,0.8944230091613814,0.888888888888889,0.8950617283950617,0.8346977575094118
527,0.975,0.9348576639958309,0.8837209302325582,0.8837209302325582,0.9348576639958309,0.8899709302325582,0.8837209302325582,0.8837209302325582,0.8634794048406452
528,0.975,0.9314485484116127,0.875968992248062,0.889763779527559,0.9314485484116127,0.8895330525544772,0.8828125,0.8786936236391913,0.8634787385094534
529,0.9733333333333334,0.9271057260113348,0.8682170542635659,0.8818897637795275,0.9271057260113348,0.88213674235488,0.875,0.8709175738724728,0.9210440321654966
530,0.9775,0.9396673398041387,0.8914728682170543,0.8984375,0.9396673398041387,0.9007885174418604,0.8949416342412452,0.8928571428571429,0.7771311311909851
531,0.9741666666666666,0.9275725794193647,0.8682170542635659,0.8888888888888888,0.9275725794193647,0.8856363049095607,0.8784313725490195,0.8722741433021808,0.892261052171879
532,0.9758333333333333,0.938733632988079,0.8914728682170543,0.8846153846153846,0.938733632988079,0.8938774597495528,0.888030888030888,0.8900928792569661,0.8346970911782198
533,0.975,0.9246303172431763,0.8604651162790697,0.9024390243902439,0.9246303172431763,0.8889520703346567,0.8809523809523809,0.8685446009389671,0.8634774058470699
534,0.9758333333333333,0.9319154018196426,0.875968992248062,0.8968253968253969,0.9319154018196426,0.8930638612033961,0.8862745098039216,0.8800623052959501,0.8346957585158362
535,0.9791666666666666,0.9371919310359803,0.8837209302325582,0.9193548387096774,0.9371919310359803,0.9077878844711178,0.9011857707509883,0.8906249999999999,0.7195645048725584
536,0.9741666666666666,0.9241634638351465,0.8604651162790697,0.8951612903225806,0.9241634638351465,0.8853132033008251,0.8774703557312252,0.8671875,0.8922603858406875
537,0.9766666666666667,0.9357913708118907,0.8837209302325582,0.8976377952755905,0.9357913708118907,0.8969293627540743,0.8906249999999999,0.8864696734059099,0.8059134448534105
538,0.97,0.921829196794997,0.8604651162790697,0.8604651162790697,0.921829196794997,0.8679651162790698,0.8604651162790697,0.8604651162790697,1.0361752858087743
539,0.9775,0.926030877467266,0.8604651162790697,0.925,0.9260308774672661,0.9002325581395348,0.891566265060241,0.8726415094339622,0.7771284658662178
540,0.9766666666666667,0.9323822552276725,0.875968992248062,0.904,0.9323822552276725,0.8966511627906976,0.889763779527559,0.8814352574102965,0.8059127785222188
541,0.9741666666666666,0.9207543482509283,0.8527131782945736,0.9016393442622951,0.9207543482509284,0.885092927945101,0.8764940239043824,0.8620689655172413,0.8922597195094955
542,0.9758333333333333,0.9250971706512062,0.8604651162790697,0.9098360655737705,0.9250971706512062,0.8926505909264201,0.8844621513944223,0.8699059561128527,0.8346944258534523
543,0.975,0.9314485484116127,0.875968992248062,0.889763779527559,0.9314485484116127,0.8895330525544772,0.8828125,0.8786936236391913,0.8634787385094537
544,0.975,0.9212212016589582,0.8527131782945736,0.9090909090909091,0.9212212016589582,0.8888187103594081,0.88,0.8634222919937204,0.8634767395158781
545,0.9775,0.926030877467266,0.8604651162790697,0.925,0.9260308774672661,0.9002325581395348,0.891566265060241,0.8726415094339622,0.7771284658662176
546,0.9783333333333334,0.9367250776279504,0.8837209302325582,0.912,0.9367250776279504,0.904110465116279,0.8976377952755905,0.8892355694227768,0.7483474848661759
547,0.9775,0.9294399930514842,0.8682170542635659,0.9180327868852459,0.9294399930514843,0.9002082539077393,0.8924302788844621,0.8777429467084639,0.7771291321974095
548,0.975,0.9246303172431763,0.8604651162790697,0.9024390243902439,0.9246303172431763,0.8889520703346567,0.8809523809523809,0.8685446009389671,0.8634774058470699
549,0.9766666666666667,0.9323822552276725,0.875968992248062,0.904,0.9323822552276725,0.8966511627906976,0.889763779527559,0.8814352574102965,0.8059127785222188
550,0.9766666666666667,0.9221549084750179,0.8527131782945736,0.9243697478991597,0.9221549084750179,0.8964581297635333,0.8870967741935484,0.8661417322834647,0.8059107795286432
551,0.975,0.9246303172431763,0.8604651162790697,0.9024390243902439,0.9246303172431763,0.8889520703346567,0.8809523809523809,0.8685446009389671,0.8634774058470699
552,0.9758333333333333,0.9319154018196426,0.875968992248062,0.8968253968253969,0.9319154018196426,0.8930638612033961,0.8862745098039216,0.8800623052959501,0.8346957585158362
553,0.9791666666666666,0.9337828154517621,0.875968992248062,0.9262295081967213,0.9337828154517621,0.9077659168890584,0.9003984063745021,0.8855799373040752,0.7195638385413665
554,0.9741666666666666,0.9207543482509283,0.8527131782945736,0.9016393442622951,0.9207543482509284,0.885092927945101,0.8764940239043824,0.8620689655172413,0.8922597195094955
555,0.9733333333333334,0.9271057260113348,0.8682170542635659,0.8818897637795275,0.9271057260113348,0.88213674235488,0.875,0.8709175738724728,0.9210440321654966
556,0.9716666666666667,0.9193537880268386,0.8527131782945736,0.88,0.9193537880268386,0.8742732558139534,0.8661417322834645,0.8580343213728548,0.9786086594903478
557,0.9758333333333333,0.9319154018196426,0.875968992248062,0.8968253968253969,0.9319154018196426,0.8930638612033961,0.8862745098039216,0.8800623052959501,0.8346957585158361
558,0.9725,0.9095932946822141,0.8294573643410853,0.9067796610169492,0.9095932946822141,0.877285179345684,0.8663967611336033,0.8438485804416405,0.9498236805031547
559,0.9716666666666667,0.9193537880268386,0.8527131782945736,0.88,0.9193537880268386,0.8742732558139534,0.8661417322834645,0.8580343213728548,0.9786086594903477
560,0.9733333333333334,0.9168783792586802,0.8449612403100775,0.9008264462809917,0.9168783792586802,0.881227176628868,0.8719999999999999,0.8555729984301412,0.921042033171921
561,0.975,0.9246303172431763,0.8604651162790697,0.9024390243902439,0.9246303172431763,0.8889520703346567,0.8809523809523809,0.8685446009389671,0.8634774058470699
562,0.9691666666666666,0.9213623433869671,0.8604651162790697,0.8538461538461538,0.9213623433869671,0.8646556350626119,0.8571428571428571,0.8591331269349844,1.0649582658023917
563,0.9708333333333333,0.9154778190345906,0.8449612403100775,0.8790322580645161,0.9154778190345906,0.8703300825206302,0.8616600790513833,0.8515625,1.0073909731527733
564,0.9775,0.9328491086357024,0.875968992248062,0.9112903225806451,0.9328491086357024,0.9002963240810202,0.893280632411067,0.8828125,0.7771297985286013
565,0.9741666666666666,0.9173452326667101,0.8449612403100775,0.9083333333333333,0.9173452326667102,0.8849806201550388,0.8755020080321284,0.8569182389937107,0.8922590531783037
566,0.9775,0.9396673398041387,0.8914728682170543,0.8984375,0.9396673398041387,0.9007885174418604,0.8949416342412452,0.8928571428571429,0.7771311311909851
567,0.9741666666666666,0.9241634638351465,0.8604651162790697,0.8951612903225806,0.9241634638351465,0.8853132033008251,0.8774703557312252,0.8671875,0.8922603858406875
568,0.9775,0.9294399930514842,0.8682170542635659,0.9180327868852459,0.9294399930514843,0.9002082539077393,0.8924302788844621,0.8777429467084639,0.7771291321974094
569,0.9741666666666666,0.9173452326667101,0.8449612403100775,0.9083333333333333,0.9173452326667102,0.8849806201550388,0.8755020080321284,0.8569182389937107,0.8922590531783037
570,0.9775,0.9328491086357024,0.875968992248062,0.9112903225806451,0.9328491086357024,0.9002963240810202,0.893280632411067,0.8828125,0.7771297985286014
571,0.9766666666666667,0.9289731396434543,0.8682170542635659,0.9105691056910569,0.9289731396434543,0.8964764133106448,0.8888888888888888,0.8763693270735523,0.805912112191027
572,0.9716666666666667,0.9193537880268386,0.8527131782945736,0.88,0.9193537880268386,0.8742732558139534,0.8661417322834645,0.8580343213728548,0.9786086594903475
573,0.975,0.9246303172431763,0.8604651162790697,0.9024390243902439,0.9246303172431763,0.8889520703346567,0.8809523809523809,0.8685446009389671,0.8634774058470699
574,0.9758333333333333,0.9250971706512062,0.8604651162790697,0.9098360655737705,0.9250971706512062,0.8926505909264201,0.8844621513944223,0.8699059561128527,0.8346944258534525
575,0.9741666666666666,0.9275725794193647,0.8682170542635659,0.8888888888888888,0.9275725794193647,0.8856363049095607,0.8784313725490195,0.8722741433021808,0.8922610521718792
576,0.9758333333333333,0.9319154018196426,0.875968992248062,0.8968253968253969,0.9319154018196426,0.8930638612033961,0.8862745098039216,0.8800623052959501,0.8346957585158362
577,0.9741666666666666,0.9173452326667101,0.8449612403100775,0.9083333333333333,0.9173452326667102,0.8849806201550388,0.8755020080321284,0.8569182389937107,0.8922590531783037
578,0.9741666666666666,0.9241634638351465,0.8604651162790697,0.8951612903225806,0.9241634638351465,0.8853132033008251,0.8774703557312252,0.8671875,0.8922603858406875
579,0.9758333333333333,0.9285062862354244,0.8682170542635659,0.9032258064516129,0.9285062862354244,0.8928047636909228,0.8853754940711462,0.8749999999999999,0.8346950921846443
580,0.9758333333333333,0.9250971706512062,0.8604651162790697,0.9098360655737705,0.9250971706512062,0.8926505909264201,0.8844621513944223,0.8699059561128527,0.8346944258534525
581,0.9758333333333333,0.9319154018196426,0.875968992248062,0.8968253968253969,0.9319154018196426,0.8930638612033961,0.8862745098039216,0.8800623052959501,0.8346957585158362
582,0.9725,0.9130024102664323,0.8372093023255814,0.9,0.9130024102664323,0.8773546511627908,0.8674698795180723,0.8490566037735848,0.9498243468343465
583,0.9783333333333334,0.929906846459514,0.8682170542635659,0.9256198347107438,0.929906846459514,0.9040017778204882,0.896,0.8791208791208792,0.7483461522037922
584,0.9766666666666667,0.9323822552276725,0.875968992248062,0.904,0.9323822552276725,0.8966511627906976,0.889763779527559,0.8814352574102965,0.8059127785222188
585,0.9775,0.9294399930514842,0.8682170542635659,0.9180327868852459,0.9294399930514843,0.9002082539077393,0.8924302788844621,0.8777429467084639,0.7771291321974094
586,0.9741666666666666,0.9173452326667101,0.8449612403100775,0.9083333333333333,0.9173452326667102,0.8849806201550388,0.8755020080321284,0.8569182389937107,0.8922590531783037
587,0.9758333333333333,0.9250971706512062,0.8604651162790697,0.9098360655737705,0.9250971706512062,0.8926505909264201,0.8844621513944223,0.8699059561128527,0.8346944258534525
588,0.9775,0.9430764553883569,0.8992248062015504,0.8923076923076924,0.9430764553883569,0.901182915921288,0.8957528957528959,0.8978328173374612,0.7771317975221769
589,0.9758333333333333,0.921688055066988,0.8527131782945736,0.9166666666666666,0.921688055066988,0.8926065891472867,0.8835341365461846,0.8647798742138364,0.8346937595222608
590,0.9741666666666666,0.9309816950035829,0.875968992248062,0.8828125,0.9309816950035829,0.8860574127906977,0.8793774319066148,0.8773291925465839,0.892261718503071
591,0.9775,0.9294399930514842,0.8682170542635659,0.9180327868852459,0.9294399930514843,0.9002082539077393,0.8924302788844621,0.8777429467084639,0.7771291321974095
592,0.9758333333333333,0.9250971706512062,0.8604651162790697,0.9098360655737705,0.9250971706512062,0.8926505909264201,0.8844621513944223,0.8699059561128527,0.8346944258534524
593,0.975,0.9246303172431763,0.8604651162790697,0.9024390243902439,0.9246303172431763,0.8889520703346567,0.8809523809523809,0.8685446009389671,0.8634774058470699
594,0.9733333333333334,0.9202874948428984,0.8527131782945736,0.8943089430894309,0.9202874948428984,0.8814277273586689,0.873015873015873,0.8607198748043818,0.921042699503113
595,0.98,0.9376587844440102,0.8837209302325582,0.926829268292683,0.9376587844440102,0.9115250992626206,0.9047619047619047,0.892018779342723,0.6907815248789411
596,0.9766666666666667,0.9289731396434543,0.8682170542635659,0.9105691056910569,0.9289731396434543,0.8964764133106448,0.8888888888888888,0.8763693270735523,0.805912112191027
597,0.9775,0.9362582242199206,0.8837209302325582,0.9047619047619048,0.9362582242199206,0.9004914174972314,0.8941176470588236,0.8878504672897196,0.7771304648597933
598,0.9775,0.9328491086357024,0.875968992248062,0.9112903225806451,0.9328491086357024,0.9002963240810202,0.893280632411067,0.8828125,0.7771297985286014
599,0.9733333333333334,0.9236966104271166,0.8604651162790697,0.888,0.9236966104271166,0.8817325581395349,0.8740157480314961,0.8658346333853354,0.9210433658343048
600,0.9758333333333333,0.9353245174038608,0.8837209302325582,0.890625,0.9353245174038608,0.893422965116279,0.8871595330739299,0.8850931677018634,0.834696424847028
601,0.9766666666666667,0.9357913708118907,0.8837209302325582,0.8976377952755905,0.9357913708118907,0.8969293627540743,0.8906249999999999,0.8864696734059099,0.8059134448534107
602,0.9733333333333334,0.9202874948428984,0.8527131782945736,0.8943089430894309,0.9202874948428984,0.8814277273586689,0.873015873015873,0.8607198748043818,0.9210426995031128
603,0.9783333333333334,0.9367250776279504,0.8837209302325582,0.912,0.9367250776279504,0.904110465116279,0.8976377952755905,0.8892355694227768,0.7483474848661759
604,0.9733333333333334,0.9202874948428984,0.8527131782945736,0.8943089430894309,0.9202874948428984,0.8814277273586689,0.873015873015873,0.8607198748043818,0.9210426995031128
605,0.9808333333333333,0.9449438690204764,0.8992248062015504,0.9206349206349206,0.9449438690204764,0.9153465300849022,0.9098039215686274,0.9034267912772586,0.6619998775477073
606,0.975,0.9246303172431763,0.8604651162790697,0.9024390243902439,0.9246303172431763,0.8889520703346567,0.8809523809523809,0.8685446009389671,0.8634774058470699
607,0.9758333333333333,0.9250971706512062,0.8604651162790697,0.9098360655737705,0.9250971706512062,0.8926505909264201,0.8844621513944223,0.8699059561128527,0.8346944258534525
608,0.9766666666666667,0.9323822552276725,0.875968992248062,0.904,0.9323822552276725,0.8966511627906976,0.889763779527559,0.8814352574102965,0.8059127785222189
609,0.9733333333333334,0.9202874948428984,0.8527131782945736,0.8943089430894309,0.9202874948428984,0.8814277273586689,0.873015873015873,0.8607198748043818,0.921042699503113
610,0.975,0.9212212016589582,0.8527131782945736,0.9090909090909091,0.9212212016589582,0.8888187103594081,0.88,0.8634222919937204,0.8634767395158781
611,0.9808333333333333,0.9449438690204764,0.8992248062015504,0.9206349206349206,0.9449438690204764,0.9153465300849022,0.9098039215686274,0.9034267912772586,0.6619998775477073
612,0.9758333333333333,0.9319154018196426,0.875968992248062,0.8968253968253969,0.9319154018196426,0.8930638612033961,0.8862745098039216,0.8800623052959501,0.8346957585158361
613,0.98,0.9478861311966646,0.9069767441860465,0.9069767441860465,0.9478861311966646,0.9119767441860465,0.9069767441860465,0.9069767441860466,0.6907835238725165
614,0.9775,0.9294399930514842,0.8682170542635659,0.9180327868852459,0.9294399930514843,0.9002082539077393,0.8924302788844621,0.8777429467084639,0.7771291321974096
615,0.9766666666666667,0.9323822552276725,0.875968992248062,0.904,0.9323822552276725,0.8966511627906976,0.889763779527559,0.8814352574102965,0.8059127785222188
616,0.9758333333333333,0.9250971706512062,0.8604651162790697,0.9098360655737705,0.9250971706512062,0.8926505909264201,0.8844621513944223,0.8699059561128527,0.8346944258534525
617,0.9741666666666666,0.9275725794193647,0.8682170542635659,0.8888888888888888,0.9275725794193647,0.8856363049095607,0.8784313725490195,0.8722741433021808,0.892261052171879
618,0.9758333333333333,0.921688055066988,0.8527131782945736,0.9166666666666666,0.921688055066988,0.8926065891472867,0.8835341365461846,0.8647798742138364,0.8346937595222607
619,0.9766666666666667,0.9357913708118907,0.8837209302325582,0.8976377952755905,0.9357913708118907,0.8969293627540743,0.8906249999999999,0.8864696734059099,0.8059134448534105
620,0.9716666666666667,0.9159446724426205,0.8449612403100775,0.8861788617886179,0.9159446724426205,0.873903384382681,0.8650793650793651,0.8528951486697967,0.9786079931591558
621,0.9758333333333333,0.9250971706512062,0.8604651162790697,0.9098360655737705,0.9250971706512062,0.8926505909264201,0.8844621513944223,0.8699059561128527,0.8346944258534524
622,0.9766666666666667,0.9289731396434543,0.8682170542635659,0.9105691056910569,0.9289731396434543,0.8964764133106448,0.8888888888888888,0.8763693270735523,0.805912112191027
623,0.975,0.9212212016589582,0.8527131782945736,0.9090909090909091,0.9212212016589582,0.8888187103594081,0.88,0.8634222919937204,0.8634767395158781
624,0.975,0.9280394328273945,0.8682170542635659,0.896,0.9280394328273945,0.8891918604651162,0.8818897637795274,0.8736349453978159,0.8634780721782617
625,0.9733333333333334,0.9271057260113348,0.8682170542635659,0.8818897637795275,0.9271057260113348,0.88213674235488,0.875,0.8709175738724728,0.9210440321654964
626,0.9758333333333333,0.9319154018196426,0.875968992248062,0.8968253968253969,0.9319154018196426,0.8930638612033961,0.8862745098039216,0.8800623052959501,0.8346957585158362
627,0.98,0.9444770156124466,0.8992248062015504,0.9133858267716536,0.9444770156124466,0.9117219831532688,0.9062500000000001,0.9020217729393467,0.6907828575413247
628,0.9775,0.9430764553883569,0.8992248062015504,0.8923076923076924,0.9430764553883569,0.901182915921288,0.8957528957528959,0.8978328173374612,0.7771317975221769
629,0.9741666666666666,0.9241634638351465,0.8604651162790697,0.8951612903225806,0.9241634638351465,0.8853132033008251,0.8774703557312252,0.8671875,0.8922603858406872
630,0.9741666666666666,0.9309816950035829,0.875968992248062,0.8828125,0.9309816950035829,0.8860574127906977,0.8793774319066148,0.8773291925465839,0.892261718503071
631,0.975,0.9280394328273945,0.8682170542635659,0.896,0.9280394328273945,0.8891918604651162,0.8818897637795274,0.8736349453978159,0.8634780721782617
632,0.9733333333333334,0.930514841595553,0.875968992248062,0.875968992248062,0.930514841595553,0.8826356589147287,0.875968992248062,0.875968992248062,0.9210446984966884
633,0.9766666666666667,0.9323822552276725,0.875968992248062,0.904,0.9323822552276725,0.8966511627906976,0.889763779527559,0.8814352574102965,0.8059127785222188
634,0.975,0.9246303172431763,0.8604651162790697,0.9024390243902439,0.9246303172431763,0.8889520703346567,0.8809523809523809,0.8685446009389671,0.8634774058470699
635,0.9775,0.9328491086357024,0.875968992248062,0.9112903225806451,0.9328491086357024,0.9002963240810202,0.893280632411067,0.8828125,0.7771297985286013
636,0.9775,0.9362582242199206,0.8837209302325582,0.9047619047619048,0.9362582242199206,0.9004914174972314,0.8941176470588236,0.8878504672897196,0.7771304648597932
637,0.9775,0.9328491086357024,0.875968992248062,0.9112903225806451,0.9328491086357024,0.9002963240810202,0.893280632411067,0.8828125,0.7771297985286014
638,0.9766666666666667,0.9323822552276725,0.875968992248062,0.904,0.9323822552276725,0.8966511627906976,0.889763779527559,0.8814352574102965,0.8059127785222188
639,0.9716666666666667,0.9125355568584024,0.8372093023255814,0.8925619834710744,0.9125355568584024,0.873635642898328,0.8640000000000001,0.8477237048665621,0.978607326827964
640,0.9783333333333334,0.9367250776279504,0.8837209302325582,0.912,0.9367250776279504,0.904110465116279,0.8976377952755905,0.8892355694227768,0.7483474848661757
641,0.9758333333333333,0.938733632988079,0.8914728682170543,0.8846153846153846,0.938733632988079,0.8938774597495528,0.888030888030888,0.8900928792569661,0.8346970911782199
642,0.9733333333333334,0.9271057260113348,0.8682170542635659,0.8818897637795275,0.9271057260113348,0.88213674235488,0.875,0.8709175738724728,0.9210440321654966
643,0.9758333333333333,0.9250971706512062,0.8604651162790697,0.9098360655737705,0.9250971706512062,0.8926505909264201,0.8844621513944223,0.8699059561128527,0.8346944258534525
644,0.9775,0.9362582242199206,0.8837209302325582,0.9047619047619048,0.9362582242199206,0.9004914174972314,0.8941176470588236,0.8878504672897196,0.7771304648597933
645,0.975,0.9314485484116127,0.875968992248062,0.889763779527559,0.9314485484116127,0.8895330525544772,0.8828125,0.8786936236391913,0.8634787385094534
646,0.9741666666666666,0.9241634638351465,0.8604651162790697,0.8951612903225806,0.9241634638351465,0.8853132033008251,0.8774703557312252,0.8671875,0.8922603858406872
647,0.9783333333333334,0.9401341932121686,0.8914728682170543,0.905511811023622,0.9401341932121686,0.9043256729536715,0.8984375,0.8942457231726283,0.7483481511973676
648,0.9741666666666666,0.9275725794193647,0.8682170542635659,0.8888888888888888,0.9275725794193647,0.8856363049095607,0.8784313725490195,0.8722741433021808,0.892261052171879
649,0.975,0.9212212016589582,0.8527131782945736,0.9090909090909091,0.9212212016589582,0.8888187103594081,0.88,0.8634222919937204,0.8634767395158781
650,0.975,0.91781208607474,0.8449612403100775,0.9159663865546218,0.91781208607474,0.8887971467656829,0.879032258064516,0.8582677165354329,0.8634760731846863
651,0.9741666666666666,0.9241634638351465,0.8604651162790697,0.8951612903225806,0.9241634638351465,0.8853132033008251,0.8774703557312252,0.8671875,0.8922603858406872
652,0.9741666666666666,0.9207543482509283,0.8527131782945736,0.9016393442622951,0.9207543482509284,0.885092927945101,0.8764940239043824,0.8620689655172413,0.8922597195094955
653,0.9775,0.9362582242199206,0.8837209302325582,0.9047619047619048,0.9362582242199206,0.9004914174972314,0.8941176470588236,0.8878504672897196,0.7771304648597933
654,0.9741666666666666,0.9173452326667101,0.8449612403100775,0.9083333333333333,0.9173452326667102,0.8849806201550388,0.8755020080321284,0.8569182389937107,0.8922590531783037
655,0.9725,0.9164115258506503,0.8449612403100775,0.8934426229508197,0.9164115258506503,0.877535264963782,0.8685258964143425,0.8542319749216303,0.9498250131655384
656,0.9783333333333334,0.9367250776279504,0.8837209302325582,0.912,0.9367250776279504,0.904110465116279,0.8976377952755905,0.8892355694227768,0.7483474848661757
657,0.9758333333333333,0.9250971706512062,0.8604651162790697,0.9098360655737705,0.9250971706512062,0.8926505909264201,0.8844621513944223,0.8699059561128527,0.8346944258534525
658,0.9733333333333334,0.9168783792586802,0.8449612403100775,0.9008264462809917,0.9168783792586802,0.881227176628868,0.8719999999999999,0.8555729984301412,0.921042033171921
659,0.9766666666666667,0.9323822552276725,0.875968992248062,0.904,0.9323822552276725,0.8966511627906976,0.889763779527559,0.8814352574102965,0.8059127785222188
660,0.9791666666666666,0.9474192777886348,0.9069767441860465,0.9,0.9474192777886348,0.9084883720930231,0.9034749034749034,0.9055727554179566,0.719566503866134
661,0.9733333333333334,0.9168783792586802,0.8449612403100775,0.9008264462809917,0.9168783792586802,0.881227176628868,0.8719999999999999,0.8555729984301412,0.9210420331719211
662,0.975,0.9280394328273945,0.8682170542635659,0.896,0.9280394328273945,0.8891918604651162,0.8818897637795274,0.8736349453978159,0.8634780721782617
663,0.9791666666666666,0.9371919310359803,0.8837209302325582,0.9193548387096774,0.9371919310359803,0.9077878844711178,0.9011857707509883,0.8906249999999999,0.7195645048725584
664,0.9775,0.926030877467266,0.8604651162790697,0.925,0.9260308774672661,0.9002325581395348,0.891566265060241,0.8726415094339622,0.7771284658662179
665,0.9775,0.9328491086357024,0.875968992248062,0.9112903225806451,0.9328491086357024,0.9002963240810202,0.893280632411067,0.8828125,0.7771297985286012
666,0.9758333333333333,0.9319154018196426,0.875968992248062,0.8968253968253969,0.9319154018196426,0.8930638612033961,0.8862745098039216,0.8800623052959501,0.8346957585158361
667,0.9741666666666666,0.934390810587801,0.8837209302325582,0.8769230769230769,0.934390810587801,0.8865720035778176,0.8803088803088803,0.8823529411764707,0.8922623848342628
668,0.9758333333333333,0.9250971706512062,0.8604651162790697,0.9098360655737705,0.9250971706512062,0.8926505909264201,0.8844621513944223,0.8699059561128527,0.8346944258534525
669,0.975,0.9212212016589582,0.8527131782945736,0.9090909090909091,0.9212212016589582,0.8888187103594081,0.88,0.8634222919937204,0.8634767395158781
670,0.98,0.9444770156124466,0.8992248062015504,0.9133858267716536,0.9444770156124466,0.9117219831532688,0.9062500000000001,0.9020217729393467,0.6907828575413247
671,0.9758333333333333,0.9319154018196426,0.875968992248062,0.8968253968253969,0.9319154018196426,0.8930638612033961,0.8862745098039216,0.8800623052959501,0.8346957585158361
672,0.9741666666666666,0.9377999261720191,0.8914728682170543,0.8712121212121212,0.9377999261720192,0.8871758280479211,0.8812260536398466,0.8873456790123457,0.8922630511654546
673,0.9808333333333333,0.9483529846046945,0.9069767441860465,0.9140625,0.9483529846046945,0.9155196220930232,0.9105058365758755,0.9083850931677019,0.6620005438788991
674,0.975,0.9212212016589582,0.8527131782945736,0.9090909090909091,0.9212212016589582,0.8888187103594081,0.88,0.8634222919937204,0.8634767395158781
675,0.9766666666666667,0.9323822552276725,0.875968992248062,0.904,0.9323822552276725,0.8966511627906976,0.889763779527559,0.8814352574102965,0.8059127785222188
676,0.9766666666666667,0.9323822552276725,0.875968992248062,0.904,0.9323822552276725,0.8966511627906976,0.889763779527559,0.8814352574102965,0.8059127785222188
677,0.9766666666666667,0.9323822552276725,0.875968992248062,0.904,0.9323822552276725,0.8966511627906976,0.889763779527559,0.8814352574102965,0.8059127785222188
678,0.9816666666666667,0.9488198380127244,0.9069767441860465,0.9212598425196851,0.9488198380127245,0.9191182933528658,0.9140625,0.9097978227060651,0.6332175638852817
679,0.9775,0.9362582242199206,0.8837209302325582,0.9047619047619048,0.9362582242199206,0.9004914174972314,0.8941176470588236,0.8878504672897196,0.7771304648597931
680,0.9783333333333334,0.9367250776279504,0.8837209302325582,0.912,0.9367250776279504,0.904110465116279,0.8976377952755905,0.8892355694227768,0.7483474848661757
681,0.9766666666666667,0.9357913708118907,0.8837209302325582,0.8976377952755905,0.9357913708118907,0.8969293627540743,0.8906249999999999,0.8864696734059099,0.8059134448534105
682,0.9766666666666667,0.9323822552276725,0.875968992248062,0.904,0.9323822552276725,0.8966511627906976,0.889763779527559,0.8814352574102965,0.8059127785222188
683,0.975,0.9212212016589582,0.8527131782945736,0.9090909090909091,0.9212212016589582,0.8888187103594081,0.88,0.8634222919937204,0.8634767395158781
684,0.975,0.9348576639958309,0.8837209302325582,0.8837209302325582,0.9348576639958309,0.8899709302325582,0.8837209302325582,0.8837209302325582,0.8634794048406454
685,0.9783333333333334,0.9367250776279504,0.8837209302325582,0.912,0.9367250776279504,0.904110465116279,0.8976377952755905,0.8892355694227768,0.7483474848661757
686,0.9708333333333333,0.9120687034503725,0.8372093023255814,0.8852459016393442,0.9120687034503726,0.8699776019824629,0.8605577689243028,0.8463949843260188,1.0073903068215815
687,0.9741666666666666,0.9207543482509283,0.8527131782945736,0.9016393442622951,0.9207543482509284,0.885092927945101,0.8764940239043824,0.8620689655172413,0.8922597195094955
688,0.9741666666666666,0.9173452326667101,0.8449612403100775,0.9083333333333333,0.9173452326667102,0.8849806201550388,0.8755020080321284,0.8569182389937107,0.8922590531783037
689,0.9741666666666666,0.9207543482509283,0.8527131782945736,0.9016393442622951,0.9207543482509284,0.885092927945101,0.8764940239043824,0.8620689655172413,0.8922597195094955
690,0.9808333333333333,0.9449438690204764,0.8992248062015504,0.9206349206349206,0.9449438690204764,0.9153465300849022,0.9098039215686274,0.9034267912772586,0.6619998775477073
691,0.98,0.9410679000282284,0.8914728682170543,0.92,0.9410679000282284,0.9115697674418605,0.905511811023622,0.8970358814352574,0.690782191210133
692,0.9766666666666667,0.9323822552276725,0.875968992248062,0.904,0.9323822552276725,0.8966511627906976,0.889763779527559,0.8814352574102965,0.8059127785222188
693,0.9758333333333333,0.921688055066988,0.8527131782945736,0.9166666666666666,0.921688055066988,0.8926065891472867,0.8835341365461846,0.8647798742138364,0.8346937595222605
694,0.9783333333333334,0.9367250776279504,0.8837209302325582,0.912,0.9367250776279504,0.904110465116279,0.8976377952755905,0.8892355694227768,0.7483474848661759
695,0.975,0.9280394328273945,0.8682170542635659,0.896,0.9280394328273945,0.8891918604651162,0.8818897637795274,0.8736349453978159,0.8634780721782617
696,0.975,0.9246303172431763,0.8604651162790697,0.9024390243902439,0.9246303172431763,0.8889520703346567,0.8809523809523809,0.8685446009389671,0.8634774058470699
697,0.9783333333333334,0.9333159620437322,0.875968992248062,0.9186991869918699,0.9333159620437322,0.9040007562866327,0.8968253968253969,0.8841940532081378,0.748346818534984
698,0.9741666666666666,0.9207543482509283,0.8527131782945736,0.9016393442622951,0.9207543482509284,0.885092927945101,0.8764940239043824,0.8620689655172413,0.8922597195094955
699,0.9766666666666667,0.9323822552276725,0.875968992248062,0.904,0.9323822552276725,0.8966511627906976,0.889763779527559,0.8814352574102965,0.8059127785222188
700,0.9766666666666667,0.9323822552276725,0.875968992248062,0.904,0.9323822552276725,0.8966511627906976,0.889763779527559,0.8814352574102965,0.8059127785222188
701,0.9766666666666667,0.9357913708118907,0.8837209302325582,0.8976377952755905,0.9357913708118907,0.8969293627540743,0.8906249999999999,0.8864696734059099,0.8059134448534105
702,0.975,0.9246303172431763,0.8604651162790697,0.9024390243902439,0.9246303172431763,0.8889520703346567,0.8809523809523809,0.8685446009389671,0.8634774058470699
703,0.9725,0.9164115258506503,0.8449612403100775,0.8934426229508197,0.9164115258506503,0.877535264963782,0.8685258964143425,0.8542319749216303,0.9498250131655385
704,0.9758333333333333,0.9250971706512062,0.8604651162790697,0.9098360655737705,0.9250971706512062,0.8926505909264201,0.8844621513944223,0.8699059561128527,0.8346944258534525
705,0.9766666666666667,0.9255640240592361,0.8604651162790697,0.9173553719008265,0.9255640240592361,0.8964102440899482,0.888,0.8712715855572998,0.8059114458598352
706,0.9791666666666666,0.9303736998675439,0.8682170542635659,0.9333333333333333,0.9303736998675439,0.9078585271317829,0.8995983935742972,0.8805031446540881,0.7195631722101747
707,0.975,0.9314485484116127,0.875968992248062,0.889763779527559,0.9314485484116127,0.8895330525544772,0.8828125,0.8786936236391913,0.8634787385094534
708,0.97,0.9081927344581244,0.8294573643410853,0.8842975206611571,0.9081927344581244,0.8660441091677878,0.856,0.8398744113029828,1.0361726204840067
709,0.9766666666666667,0.9323822552276725,0.875968992248062,0.904,0.9323822552276725,0.8966511627906976,0.889763779527559,0.8814352574102965,0.8059127785222188
710,0.9766666666666667,0.9392004863961089,0.8914728682170543,0.8914728682170543,0.9392004863961089,0.8973062015503876,0.8914728682170543,0.8914728682170543,0.8059141111846024
711,0.9783333333333334,0.9264977308752959,0.8604651162790697,0.9327731092436975,0.9264977308752959,0.9041191127613836,0.8951612903225806,0.8740157480314962,0.7483454858726003
712,0.9816666666666667,0.9488198380127244,0.9069767441860465,0.9212598425196851,0.9488198380127245,0.9191182933528658,0.9140625,0.9097978227060651,0.6332175638852817
713,0.9775,0.9396673398041387,0.8914728682170543,0.8984375,0.9396673398041387,0.9007885174418604,0.8949416342412452,0.8928571428571429,0.7771311311909851
714,0.975,0.9280394328273945,0.8682170542635659,0.896,0.9280394328273945,0.8891918604651162,0.8818897637795274,0.8736349453978159,0.8634780721782617
715,0.975,0.9280394328273945,0.8682170542635659,0.896,0.9280394328273945,0.8891918604651162,0.8818897637795274,0.8736349453978159,0.8634780721782617
716,0.9716666666666667,0.9159446724426205,0.8449612403100775,0.8861788617886179,0.9159446724426205,0.873903384382681,0.8650793650793651,0.8528951486697967,0.9786079931591558
717,0.975,0.9348576639958309,0.8837209302325582,0.8837209302325582,0.9348576639958309,0.8899709302325582,0.8837209302325582,0.8837209302325582,0.8634794048406454
718,0.9758333333333333,0.9285062862354244,0.8682170542635659,0.9032258064516129,0.9285062862354244,0.8928047636909228,0.8853754940711462,0.8749999999999999,0.8346950921846443
719,0.9775,0.9396673398041387,0.8914728682170543,0.8984375,0.9396673398041387,0.9007885174418604,0.8949416342412452,0.8928571428571429,0.7771311311909851
720,0.975,0.9246303172431763,0.8604651162790697,0.9024390243902439,0.9246303172431763,0.8889520703346567,0.8809523809523809,0.8685446009389671,0.8634774058470699
721,0.975,0.9314485484116127,0.875968992248062,0.889763779527559,0.9314485484116127,0.8895330525544772,0.8828125,0.8786936236391913,0.8634787385094537
722,0.9741666666666666,0.9275725794193647,0.8682170542635659,0.8888888888888888,0.9275725794193647,0.8856363049095607,0.8784313725490195,0.8722741433021808,0.8922610521718792
723,0.9725,0.9198206414348685,0.8527131782945736,0.8870967741935484,0.9198206414348685,0.8778216429107277,0.8695652173913044,0.8593749999999999,0.9498256794967304
724,0.9733333333333334,0.9202874948428984,0.8527131782945736,0.8943089430894309,0.9202874948428984,0.8814277273586689,0.873015873015873,0.8607198748043818,0.9210426995031128
725,0.9766666666666667,0.9392004863961089,0.8914728682170543,0.8914728682170543,0.9392004863961089,0.8973062015503876,0.8914728682170543,0.8914728682170543,0.8059141111846024
726,0.975,0.9212212016589582,0.8527131782945736,0.9090909090909091,0.9212212016589582,0.8888187103594081,0.88,0.8634222919937204,0.8634767395158781
727,0.9733333333333334,0.9168783792586802,0.8449612403100775,0.9008264462809917,0.9168783792586802,0.881227176628868,0.8719999999999999,0.8555729984301412,0.921042033171921
728,0.9741666666666666,0.9241634638351465,0.8604651162790697,0.8951612903225806,0.9241634638351465,0.8853132033008251,0.8774703557312252,0.8671875,0.8922603858406872
729,0.9725,0.9232297570190867,0.8604651162790697,0.8809523809523809,0.9232297570190868,0.8782087486157253,0.8705882352941177,0.8644859813084114,0.9498263458279221
730,0.98,0.9512952467808828,0.9147286821705426,0.9007633587786259,0.9512952467808828,0.9123293538079176,0.9076923076923077,0.9119010819165378,0.6907841902037084
731,0.9775,0.9328491086357024,0.875968992248062,0.9112903225806451,0.9328491086357024,0.9002963240810202,0.893280632411067,0.8828125,0.7771297985286014
732,0.9766666666666667,0.9289731396434543,0.8682170542635659,0.9105691056910569,0.9289731396434543,0.8964764133106448,0.8888888888888888,0.8763693270735523,0.805912112191027
733,0.9775,0.9396673398041387,0.8914728682170543,0.8984375,0.9396673398041387,0.9007885174418604,0.8949416342412452,0.8928571428571429,0.7771311311909851
734,0.975,0.9314485484116127,0.875968992248062,0.889763779527559,0.9314485484116127,0.8895330525544772,0.8828125,0.8786936236391913,0.8634787385094534
735,0.9758333333333333,0.9285062862354244,0.8682170542635659,0.9032258064516129,0.9285062862354244,0.8928047636909228,0.8853754940711462,0.8749999999999999,0.8346950921846443
736,0.9733333333333334,0.9236966104271166,0.8604651162790697,0.888,0.9236966104271166,0.8817325581395349,0.8740157480314961,0.8658346333853354,0.9210433658343048
737,0.9791666666666666,0.9406010466201985,0.8914728682170543,0.9126984126984127,0.9406010466201985,0.9079189737910667,0.9019607843137255,0.8956386292834891,0.7195651712037503
738,0.9758333333333333,0.9285062862354244,0.8682170542635659,0.9032258064516129,0.9285062862354244,0.8928047636909228,0.8853754940711462,0.8749999999999999,0.8346950921846443
739,0.9766666666666667,0.9323822552276725,0.875968992248062,0.904,0.9323822552276725,0.8966511627906976,0.889763779527559,0.8814352574102965,0.8059127785222188
740,0.9791666666666666,0.9406010466201985,0.8914728682170543,0.9126984126984127,0.9406010466201985,0.9079189737910667,0.9019607843137255,0.8956386292834891,0.7195651712037503
741,0.9766666666666667,0.9323822552276725,0.875968992248062,0.904,0.9323822552276725,0.8966511627906976,0.889763779527559,0.8814352574102965,0.8059127785222188
742,0.975,0.9212212016589582,0.8527131782945736,0.9090909090909091,0.9212212016589582,0.8888187103594081,0.88,0.8634222919937204,0.8634767395158781
743,0.9758333333333333,0.9250971706512062,0.8604651162790697,0.9098360655737705,0.9250971706512062,0.8926505909264201,0.8844621513944223,0.8699059561128527,0.8346944258534525
744,0.9766666666666667,0.9255640240592361,0.8604651162790697,0.9173553719008265,0.9255640240592361,0.8964102440899482,0.888,0.8712715855572998,0.805911445859835
745,0.9783333333333334,0.9401341932121686,0.8914728682170543,0.905511811023622,0.9401341932121686,0.9043256729536715,0.8984375,0.8942457231726283,0.7483481511973676
746,0.9758333333333333,0.9250971706512062,0.8604651162790697,0.9098360655737705,0.9250971706512062,0.8926505909264201,0.8844621513944223,0.8699059561128527,0.8346944258534525
747,0.97,0.9081927344581244,0.8294573643410853,0.8842975206611571,0.9081927344581244,0.8660441091677878,0.856,0.8398744113029828,1.036172620484007
748,0.9741666666666666,0.9173452326667101,0.8449612403100775,0.9083333333333333,0.9173452326667102,0.8849806201550388,0.8755020080321284,0.8569182389937107,0.8922590531783037
749,0.9766666666666667,0.9357913708118907,0.8837209302325582,0.8976377952755905,0.9357913708118907,0.8969293627540743,0.8906249999999999,0.8864696734059099,0.8059134448534105
750,0.9716666666666667,0.9125355568584024,0.8372093023255814,0.8925619834710744,0.9125355568584024,0.873635642898328,0.8640000000000001,0.8477237048665621,0.978607326827964
751,0.9716666666666667,0.9159446724426205,0.8449612403100775,0.8861788617886179,0.9159446724426205,0.873903384382681,0.8650793650793651,0.8528951486697967,0.9786079931591558
752,0.9741666666666666,0.9241634638351465,0.8604651162790697,0.8951612903225806,0.9241634638351465,0.8853132033008251,0.8774703557312252,0.8671875,0.8922603858406872
753,0.9783333333333334,0.9435433087963868,0.8992248062015504,0.8992248062015504,0.9435433087963868,0.9046414728682171,0.8992248062015503,0.8992248062015504,0.7483488175285595
754,0.9775,0.9362582242199206,0.8837209302325582,0.9047619047619048,0.9362582242199206,0.9004914174972314,0.8941176470588236,0.8878504672897196,0.7771304648597932
755,0.9741666666666666,0.9241634638351465,0.8604651162790697,0.8951612903225806,0.9241634638351465,0.8853132033008251,0.8774703557312252,0.8671875,0.8922603858406872
756,0.9725,0.9198206414348685,0.8527131782945736,0.8870967741935484,0.9198206414348685,0.8778216429107277,0.8695652173913044,0.8593749999999999,0.9498256794967304
757,0.9766666666666667,0.9323822552276725,0.875968992248062,0.904,0.9323822552276725,0.8966511627906976,0.889763779527559,0.8814352574102965,0.8059127785222188
758,0.9758333333333333,0.9319154018196426,0.875968992248062,0.8968253968253969,0.9319154018196426,0.8930638612033961,0.8862745098039216,0.8800623052959501,0.8346957585158361
759,0.9758333333333333,0.9319154018196426,0.875968992248062,0.8968253968253969,0.9319154018196426,0.8930638612033961,0.8862745098039216,0.8800623052959501,0.8346957585158361
760,0.9766666666666667,0.9392004863961089,0.8914728682170543,0.8914728682170543,0.9392004863961089,0.8973062015503876,0.8914728682170543,0.8914728682170543,0.8059141111846024
761,0.9775,0.9328491086357024,0.875968992248062,0.9112903225806451,0.9328491086357024,0.9002963240810202,0.893280632411067,0.8828125,0.7771297985286013
762,0.9741666666666666,0.9309816950035829,0.875968992248062,0.8828125,0.9309816950035829,0.8860574127906977,0.8793774319066148,0.8773291925465839,0.8922617185030708
763,0.9791666666666666,0.9406010466201985,0.8914728682170543,0.9126984126984127,0.9406010466201985,0.9079189737910667,0.9019607843137255,0.8956386292834891,0.7195651712037503
764,0.9775,0.9328491086357024,0.875968992248062,0.9112903225806451,0.9328491086357024,0.9002963240810202,0.893280632411067,0.8828125,0.7771297985286014
765,0.9741666666666666,0.9207543482509283,0.8527131782945736,0.9016393442622951,0.9207543482509284,0.885092927945101,0.8764940239043824,0.8620689655172413,0.8922597195094955
766,0.97,0.9116018500423426,0.8372093023255814,0.8780487804878049,0.9116018500423427,0.8663790414066932,0.8571428571428572,0.8450704225352113,1.036173286815199
767,0.9775,0.9328491086357024,0.875968992248062,0.9112903225806451,0.9328491086357024,0.9002963240810202,0.893280632411067,0.8828125,0.7771297985286014
768,0.98,0.9410679000282284,0.8914728682170543,0.92,0.9410679000282284,0.9115697674418605,0.905511811023622,0.8970358814352574,0.690782191210133
769,0.9741666666666666,0.9241634638351465,0.8604651162790697,0.8951612903225806,0.9241634638351465,0.8853132033008251,0.8774703557312252,0.8671875,0.8922603858406872
770,0.975,0.9246303172431763,0.8604651162790697,0.9024390243902439,0.9246303172431763,0.8889520703346567,0.8809523809523809,0.8685446009389671,0.8634774058470699
771,0.9741666666666666,0.9241634638351465,0.8604651162790697,0.8951612903225806,0.9241634638351465,0.8853132033008251,0.8774703557312252,0.8671875,0.8922603858406872
772,0.9791666666666666,0.9406010466201985,0.8914728682170543,0.9126984126984127,0.9406010466201985,0.9079189737910667,0.9019607843137255,0.8956386292834891,0.7195651712037503
773,0.9783333333333334,0.9401341932121686,0.8914728682170543,0.905511811023622,0.9401341932121686,0.9043256729536715,0.8984375,0.8942457231726283,0.7483481511973676
774,0.9775,0.9430764553883569,0.8992248062015504,0.8923076923076924,0.9430764553883569,0.901182915921288,0.8957528957528959,0.8978328173374612,0.7771317975221769
775,0.9791666666666666,0.9406010466201985,0.8914728682170543,0.9126984126984127,0.9406010466201985,0.9079189737910667,0.9019607843137255,0.8956386292834891,0.7195651712037503
776,0.9783333333333334,0.9401341932121686,0.8914728682170543,0.905511811023622,0.9401341932121686,0.9043256729536715,0.8984375,0.8942457231726283,0.7483481511973676
777,0.9766666666666667,0.9357913708118907,0.8837209302325582,0.8976377952755905,0.9357913708118907,0.8969293627540743,0.8906249999999999,0.8864696734059099,0.8059134448534107
778,0.9758333333333333,0.938733632988079,0.8914728682170543,0.8846153846153846,0.938733632988079,0.8938774597495528,0.888030888030888,0.8900928792569661,0.8346970911782199
779,0.98,0.9478861311966646,0.9069767441860465,0.9069767441860465,0.9478861311966646,0.9119767441860465,0.9069767441860465,0.9069767441860466,0.6907835238725165
780,0.9775,0.9362582242199206,0.8837209302325582,0.9047619047619048,0.9362582242199206,0.9004914174972314,0.8941176470588236,0.8878504672897196,0.7771304648597932
781,0.9783333333333334,0.9469524243806049,0.9069767441860465,0.8931297709923665,0.9469524243806049,0.9050532575892065,0.9,0.9041731066460589,0.7483494838597513
782,0.9766666666666667,0.9289731396434543,0.8682170542635659,0.9105691056910569,0.9289731396434543,0.8964764133106448,0.8888888888888888,0.8763693270735523,0.805912112191027
783,0.9766666666666667,0.9357913708118907,0.8837209302325582,0.8976377952755905,0.9357913708118907,0.8969293627540743,0.8906249999999999,0.8864696734059099,0.8059134448534107
784,0.9783333333333334,0.9367250776279504,0.8837209302325582,0.912,0.9367250776279504,0.904110465116279,0.8976377952755905,0.8892355694227768,0.7483474848661757
785,0.9775,0.9362582242199206,0.8837209302325582,0.9047619047619048,0.9362582242199206,0.9004914174972314,0.8941176470588236,0.8878504672897196,0.7771304648597931
786,0.9783333333333334,0.9333159620437322,0.875968992248062,0.9186991869918699,0.9333159620437322,0.9040007562866327,0.8968253968253969,0.8841940532081378,0.7483468185349839
787,0.9775,0.9362582242199206,0.8837209302325582,0.9047619047619048,0.9362582242199206,0.9004914174972314,0.8941176470588236,0.8878504672897196,0.7771304648597932
788,0.9775,0.9362582242199206,0.8837209302325582,0.9047619047619048,0.9362582242199206,0.9004914174972314,0.8941176470588236,0.8878504672897196,0.7771304648597932
789,0.975,0.9280394328273945,0.8682170542635659,0.896,0.9280394328273945,0.8891918604651162,0.8818897637795274,0.8736349453978159,0.8634780721782617
790,0.9741666666666666,0.9241634638351465,0.8604651162790697,0.8951612903225806,0.9241634638351465,0.8853132033008251,0.8774703557312252,0.8671875,0.8922603858406872
791,0.9758333333333333,0.9250971706512062,0.8604651162790697,0.9098360655737705,0.9250971706512062,0.8926505909264201,0.8844621513944223,0.8699059561128527,0.8346944258534524
792,0.9766666666666667,0.9289731396434543,0.8682170542635659,0.9105691056910569,0.9289731396434543,0.8964764133106448,0.8888888888888888,0.8763693270735523,0.8059121121910269
793,0.9783333333333334,0.9401341932121686,0.8914728682170543,0.905511811023622,0.9401341932121686,0.9043256729536715,0.8984375,0.8942457231726283,0.7483481511973676
794,0.9775,0.9328491086357024,0.875968992248062,0.9112903225806451,0.9328491086357024,0.9002963240810202,0.893280632411067,0.8828125,0.7771297985286014
795,0.9758333333333333,0.9319154018196426,0.875968992248062,0.8968253968253969,0.9319154018196426,0.8930638612033961,0.8862745098039216,0.8800623052959501,0.8346957585158361
796,0.9766666666666667,0.9289731396434543,0.8682170542635659,0.9105691056910569,0.9289731396434543,0.8964764133106448,0.8888888888888888,0.8763693270735523,0.805912112191027
797,0.9733333333333334,0.930514841595553,0.875968992248062,0.875968992248062,0.930514841595553,0.8826356589147287,0.875968992248062,0.875968992248062,0.9210446984966884
798,0.9758333333333333,0.9353245174038608,0.8837209302325582,0.890625,0.9353245174038608,0.893422965116279,0.8871595330739299,0.8850931677018634,0.834696424847028
799,0.9758333333333333,0.9285062862354244,0.8682170542635659,0.9032258064516129,0.9285062862354244,0.8928047636909228,0.8853754940711462,0.8749999999999999,0.8346950921846444
800,0.98,0.9444770156124466,0.8992248062015504,0.9133858267716536,0.9444770156124466,0.9117219831532688,0.9062500000000001,0.9020217729393467,0.6907828575413247
801,0.9758333333333333,0.9285062862354244,0.8682170542635659,0.9032258064516129,0.9285062862354244,0.8928047636909228,0.8853754940711462,0.8749999999999999,0.8346950921846443
802,0.9783333333333334,0.9367250776279504,0.8837209302325582,0.912,0.9367250776279504,0.904110465116279,0.8976377952755905,0.8892355694227768,0.7483474848661757
803,0.9775,0.9294399930514842,0.8682170542635659,0.9180327868852459,0.9294399930514843,0.9002082539077393,0.8924302788844621,0.8777429467084639,0.7771291321974094
804,0.975,0.9280394328273945,0.8682170542635659,0.896,0.9280394328273945,0.8891918604651162,0.8818897637795274,0.8736349453978159,0.8634780721782617
805,0.9758333333333333,0.9319154018196426,0.875968992248062,0.8968253968253969,0.9319154018196426,0.8930638612033961,0.8862745098039216,0.8800623052959501,0.8346957585158363
806,0.9775,0.9294399930514842,0.8682170542635659,0.9180327868852459,0.9294399930514843,0.9002082539077393,0.8924302788844621,0.8777429467084639,0.7771291321974095
807,0.9733333333333334,0.9134692636744621,0.8372093023255814,0.907563025210084,0.9134692636744621,0.8811361637678327,0.8709677419354839,0.8503937007874015,0.9210413668407291
808,0.9758333333333333,0.9250971706512062,0.8604651162790697,0.9098360655737705,0.9250971706512062,0.8926505909264201,0.8844621513944223,0.8699059561128527,0.8346944258534525
809,0.9766666666666667,0.9392004863961089,0.8914728682170543,0.8914728682170543,0.9392004863961089,0.8973062015503876,0.8914728682170543,0.8914728682170543,0.8059141111846024
810,0.9766666666666667,0.9323822552276725,0.875968992248062,0.904,0.9323822552276725,0.8966511627906976,0.889763779527559,0.8814352574102965,0.8059127785222188
811,0.9758333333333333,0.9285062862354244,0.8682170542635659,0.9032258064516129,0.9285062862354244,0.8928047636909228,0.8853754940711462,0.8749999999999999,0.8346950921846443
812,0.9783333333333334,0.9333159620437322,0.875968992248062,0.9186991869918699,0.9333159620437322,0.9040007562866327,0.8968253968253969,0.8841940532081378,0.748346818534984
813,0.9733333333333334,0.9168783792586802,0.8449612403100775,0.9008264462809917,0.9168783792586802,0.881227176628868,0.8719999999999999,0.8555729984301412,0.921042033171921
814,0.9791666666666666,0.9406010466201985,0.8914728682170543,0.9126984126984127,0.9406010466201985,0.9079189737910667,0.9019607843137255,0.8956386292834891,0.7195651712037503
815,0.9758333333333333,0.9285062862354244,0.8682170542635659,0.9032258064516129,0.9285062862354244,0.8928047636909228,0.8853754940711462,0.8749999999999999,0.8346950921846443
816,0.9758333333333333,0.9353245174038608,0.8837209302325582,0.890625,0.9353245174038608,0.893422965116279,0.8871595330739299,0.8850931677018634,0.834696424847028
817,0.9758333333333333,0.9319154018196426,0.875968992248062,0.8968253968253969,0.9319154018196426,0.8930638612033961,0.8862745098039216,0.8800623052959501,0.8346957585158361
818,0.975,0.9246303172431763,0.8604651162790697,0.9024390243902439,0.9246303172431763,0.8889520703346567,0.8809523809523809,0.8685446009389671,0.8634774058470699
819,0.9741666666666666,0.9207543482509283,0.8527131782945736,0.9016393442622951,0.9207543482509284,0.885092927945101,0.8764940239043824,0.8620689655172413,0.8922597195094955
820,0.9783333333333334,0.929906846459514,0.8682170542635659,0.9256198347107438,0.929906846459514,0.9040017778204882,0.896,0.8791208791208792,0.7483461522037921
821,0.9766666666666667,0.9323822552276725,0.875968992248062,0.904,0.9323822552276725,0.8966511627906976,0.889763779527559,0.8814352574102965,0.8059127785222188
822,0.9766666666666667,0.9357913708118907,0.8837209302325582,0.8976377952755905,0.9357913708118907,0.8969293627540743,0.8906249999999999,0.8864696734059099,0.8059134448534105
823,0.9783333333333334,0.9401341932121686,0.8914728682170543,0.905511811023622,0.9401341932121686,0.9043256729536715,0.8984375,0.8942457231726283,0.7483481511973676
824,0.9766666666666667,0.9289731396434543,0.8682170542635659,0.9105691056910569,0.9289731396434543,0.8964764133106448,0.8888888888888888,0.8763693270735523,0.805912112191027
825,0.9808333333333333,0.9449438690204764,0.8992248062015504,0.9206349206349206,0.9449438690204764,0.9153465300849022,0.9098039215686274,0.9034267912772586,0.6619998775477073
826,0.9791666666666666,0.9406010466201985,0.8914728682170543,0.9126984126984127,0.9406010466201985,0.9079189737910667,0.9019607843137255,0.8956386292834891,0.7195651712037503
827,0.9816666666666667,0.9420016068442881,0.8914728682170543,0.9349593495934959,0.9420016068442882,0.9190494422386085,0.9126984126984128,0.8998435054773082,0.6332162312228982
828,0.975,0.9314485484116127,0.875968992248062,0.889763779527559,0.9314485484116127,0.8895330525544772,0.8828125,0.8786936236391913,0.8634787385094534
829,0.9791666666666666,0.9371919310359803,0.8837209302325582,0.9193548387096774,0.9371919310359803,0.9077878844711178,0.9011857707509883,0.8906249999999999,0.7195645048725584
830,0.9775,0.9362582242199206,0.8837209302325582,0.9047619047619048,0.9362582242199206,0.9004914174972314,0.8941176470588236,0.8878504672897196,0.7771304648597932
831,0.9775,0.9328491086357024,0.875968992248062,0.9112903225806451,0.9328491086357024,0.9002963240810202,0.893280632411067,0.8828125,0.7771297985286014
832,0.9783333333333334,0.9401341932121686,0.8914728682170543,0.905511811023622,0.9401341932121686,0.9043256729536715,0.8984375,0.8942457231726283,0.7483481511973676
833,0.9766666666666667,0.9255640240592361,0.8604651162790697,0.9173553719008265,0.9255640240592361,0.8964102440899482,0.888,0.8712715855572998,0.8059114458598352
834,0.9733333333333334,0.9134692636744621,0.8372093023255814,0.907563025210084,0.9134692636744621,0.8811361637678327,0.8709677419354839,0.8503937007874015,0.9210413668407291
835,0.9775,0.9362582242199206,0.8837209302325582,0.9047619047619048,0.9362582242199206,0.9004914174972314,0.8941176470588236,0.8878504672897196,0.7771304648597932
836,0.98,0.9444770156124466,0.8992248062015504,0.9133858267716536,0.9444770156124466,0.9117219831532688,0.9062500000000001,0.9020217729393467,0.6907828575413247
837,0.975,0.9246303172431763,0.8604651162790697,0.9024390243902439,0.9246303172431763,0.8889520703346567,0.8809523809523809,0.8685446009389671,0.8634774058470699
838,0.98,0.9478861311966646,0.9069767441860465,0.9069767441860465,0.9478861311966646,0.9119767441860465,0.9069767441860465,0.9069767441860466,0.6907835238725166
839,0.98,0.9444770156124466,0.8992248062015504,0.9133858267716536,0.9444770156124466,0.9117219831532688,0.9062500000000001,0.9020217729393467,0.6907828575413247
840,0.9791666666666666,0.9440101622044167,0.8992248062015504,0.90625,0.9440101622044167,0.908154069767442,0.9027237354085603,0.9006211180124224,0.719565837534942
841,0.9766666666666667,0.9255640240592361,0.8604651162790697,0.9173553719008265,0.9255640240592361,0.8964102440899482,0.888,0.8712715855572998,0.8059114458598352
842,0.975,0.9246303172431763,0.8604651162790697,0.9024390243902439,0.9246303172431763,0.8889520703346567,0.8809523809523809,0.8685446009389671,0.8634774058470699
843,0.9766666666666667,0.9323822552276725,0.875968992248062,0.904,0.9323822552276725,0.8966511627906976,0.889763779527559,0.8814352574102965,0.8059127785222188
844,0.9783333333333334,0.9469524243806049,0.9069767441860465,0.8931297709923665,0.9469524243806049,0.9050532575892065,0.9,0.9041731066460589,0.7483494838597514
845,0.9733333333333334,0.9168783792586802,0.8449612403100775,0.9008264462809917,0.9168783792586802,0.881227176628868,0.8719999999999999,0.8555729984301412,0.921042033171921
846,0.9758333333333333,0.9285062862354244,0.8682170542635659,0.9032258064516129,0.9285062862354244,0.8928047636909228,0.8853754940711462,0.8749999999999999,0.8346950921846443
847,0.9791666666666666,0.9440101622044167,0.8992248062015504,0.90625,0.9440101622044167,0.908154069767442,0.9027237354085603,0.9006211180124224,0.7195658375349422
848,0.98,0.9410679000282284,0.8914728682170543,0.92,0.9410679000282284,0.9115697674418605,0.905511811023622,0.8970358814352574,0.6907821912101328
849,0.9775,0.9362582242199206,0.8837209302325582,0.9047619047619048,0.9362582242199206,0.9004914174972314,0.8941176470588236,0.8878504672897196,0.7771304648597932
850,0.9783333333333334,0.9367250776279504,0.8837209302325582,0.912,0.9367250776279504,0.904110465116279,0.8976377952755905,0.8892355694227768,0.7483474848661757
851,0.9783333333333334,0.9401341932121686,0.8914728682170543,0.905511811023622,0.9401341932121686,0.9043256729536715,0.8984375,0.8942457231726283,0.7483481511973676
852,0.9783333333333334,0.9367250776279504,0.8837209302325582,0.912,0.9367250776279504,0.904110465116279,0.8976377952755905,0.8892355694227768,0.7483474848661757
853,0.9783333333333334,0.9401341932121686,0.8914728682170543,0.905511811023622,0.9401341932121686,0.9043256729536715,0.8984375,0.8942457231726283,0.7483481511973676
854,0.98,0.9410679000282284,0.8914728682170543,0.92,0.9410679000282284,0.9115697674418605,0.905511811023622,0.8970358814352574,0.6907821912101328
855,0.9766666666666667,0.9289731396434543,0.8682170542635659,0.9105691056910569,0.9289731396434543,0.8964764133106448,0.8888888888888888,0.8763693270735523,0.805912112191027
856,0.9758333333333333,0.9285062862354244,0.8682170542635659,0.9032258064516129,0.9285062862354244,0.8928047636909228,0.8853754940711462,0.8749999999999999,0.8346950921846443
857,0.9766666666666667,0.9357913708118907,0.8837209302325582,0.8976377952755905,0.9357913708118907,0.8969293627540743,0.8906249999999999,0.8864696734059099,0.8059134448534105
858,0.9766666666666667,0.9323822552276725,0.875968992248062,0.904,0.9323822552276725,0.8966511627906976,0.889763779527559,0.8814352574102965,0.8059127785222188
859,0.9758333333333333,0.9285062862354244,0.8682170542635659,0.9032258064516129,0.9285062862354244,0.8928047636909228,0.8853754940711462,0.8749999999999999,0.8346950921846443
860,0.98,0.9410679000282284,0.8914728682170543,0.92,0.9410679000282284,0.9115697674418605,0.905511811023622,0.8970358814352574,0.6907821912101328
861,0.9783333333333334,0.9435433087963868,0.8992248062015504,0.8992248062015504,0.9435433087963868,0.9046414728682171,0.8992248062015503,0.8992248062015504,0.7483488175285595
862,0.9741666666666666,0.9275725794193647,0.8682170542635659,0.8888888888888888,0.9275725794193647,0.8856363049095607,0.8784313725490195,0.8722741433021808,0.892261052171879
863,0.9775,0.9362582242199206,0.8837209302325582,0.9047619047619048,0.9362582242199206,0.9004914174972314,0.8941176470588236,0.8878504672897196,0.7771304648597931
864,0.9791666666666666,0.9406010466201985,0.8914728682170543,0.9126984126984127,0.9406010466201985,0.9079189737910667,0.9019607843137255,0.8956386292834891,0.7195651712037502
865,0.98,0.9410679000282284,0.8914728682170543,0.92,0.9410679000282284,0.9115697674418605,0.905511811023622,0.8970358814352574,0.6907821912101328
866,0.9791666666666666,0.9371919310359803,0.8837209302325582,0.9193548387096774,0.9371919310359803,0.9077878844711178,0.9011857707509883,0.8906249999999999,0.7195645048725584
867,0.975,0.9280394328273945,0.8682170542635659,0.896,0.9280394328273945,0.8891918604651162,0.8818897637795274,0.8736349453978159,0.8634780721782617
868,0.98,0.9376587844440102,0.8837209302325582,0.926829268292683,0.9376587844440102,0.9115250992626206,0.9047619047619047,0.892018779342723,0.6907815248789411
869,0.975,0.91781208607474,0.8449612403100775,0.9159663865546218,0.91781208607474,0.8887971467656829,0.879032258064516,0.8582677165354329,0.8634760731846863
870,0.9791666666666666,0.9406010466201985,0.8914728682170543,0.9126984126984127,0.9406010466201985,0.9079189737910667,0.9019607843137255,0.8956386292834891,0.7195651712037503
871,0.9758333333333333,0.9285062862354244,0.8682170542635659,0.9032258064516129,0.9285062862354244,0.8928047636909228,0.8853754940711462,0.8749999999999999,0.8346950921846443
872,0.9775,0.9396673398041387,0.8914728682170543,0.8984375,0.9396673398041387,0.9007885174418604,0.8949416342412452,0.8928571428571429,0.7771311311909851
873,0.9775,0.9362582242199206,0.8837209302325582,0.9047619047619048,0.9362582242199206,0.9004914174972314,0.8941176470588236,0.8878504672897196,0.7771304648597932
874,0.9783333333333334,0.9401341932121686,0.8914728682170543,0.905511811023622,0.9401341932121686,0.9043256729536715,0.8984375,0.8942457231726283,0.7483481511973676
875,0.9783333333333334,0.9367250776279504,0.8837209302325582,0.912,0.9367250776279504,0.904110465116279,0.8976377952755905,0.8892355694227768,0.7483474848661757
876,0.9783333333333334,0.9367250776279504,0.8837209302325582,0.912,0.9367250776279504,0.904110465116279,0.8976377952755905,0.8892355694227768,0.7483474848661757
877,0.9783333333333334,0.9367250776279504,0.8837209302325582,0.912,0.9367250776279504,0.904110465116279,0.8976377952755905,0.8892355694227768,0.7483474848661759
878,0.9758333333333333,0.9285062862354244,0.8682170542635659,0.9032258064516129,0.9285062862354244,0.8928047636909228,0.8853754940711462,0.8749999999999999,0.8346950921846444
879,0.9758333333333333,0.921688055066988,0.8527131782945736,0.9166666666666666,0.921688055066988,0.8926065891472867,0.8835341365461846,0.8647798742138364,0.8346937595222608
880,0.9791666666666666,0.9440101622044167,0.8992248062015504,0.90625,0.9440101622044167,0.908154069767442,0.9027237354085603,0.9006211180124224,0.7195658375349421
881,0.9758333333333333,0.9285062862354244,0.8682170542635659,0.9032258064516129,0.9285062862354244,0.8928047636909228,0.8853754940711462,0.8749999999999999,0.8346950921846443
882,0.98,0.9444770156124466,0.8992248062015504,0.9133858267716536,0.9444770156124466,0.9117219831532688,0.9062500000000001,0.9020217729393467,0.6907828575413247
883,0.9783333333333334,0.9401341932121686,0.8914728682170543,0.905511811023622,0.9401341932121686,0.9043256729536715,0.8984375,0.8942457231726283,0.7483481511973676
884,0.975,0.9314485484116127,0.875968992248062,0.889763779527559,0.9314485484116127,0.8895330525544772,0.8828125,0.8786936236391913,0.8634787385094534
885,0.9783333333333334,0.9435433087963868,0.8992248062015504,0.8992248062015504,0.9435433087963868,0.9046414728682171,0.8992248062015503,0.8992248062015504,0.7483488175285595
886,0.975,0.9246303172431763,0.8604651162790697,0.9024390243902439,0.9246303172431763,0.8889520703346567,0.8809523809523809,0.8685446009389671,0.8634774058470699
887,0.975,0.9246303172431763,0.8604651162790697,0.9024390243902439,0.9246303172431763,0.8889520703346567,0.8809523809523809,0.8685446009389671,0.8634774058470699
888,0.9775,0.9328491086357024,0.875968992248062,0.9112903225806451,0.9328491086357024,0.9002963240810202,0.893280632411067,0.8828125,0.7771297985286012
889,0.9775,0.9362582242199206,0.8837209302325582,0.9047619047619048,0.9362582242199206,0.9004914174972314,0.8941176470588236,0.8878504672897196,0.7771304648597932
890,0.975,0.9280394328273945,0.8682170542635659,0.896,0.9280394328273945,0.8891918604651162,0.8818897637795274,0.8736349453978159,0.8634780721782617
891,0.9766666666666667,0.9323822552276725,0.875968992248062,0.904,0.9323822552276725,0.8966511627906976,0.889763779527559,0.8814352574102965,0.8059127785222189
892,0.9766666666666667,0.9323822552276725,0.875968992248062,0.904,0.9323822552276725,0.8966511627906976,0.889763779527559,0.8814352574102965,0.8059127785222189
893,0.975,0.9212212016589582,0.8527131782945736,0.9090909090909091,0.9212212016589582,0.8888187103594081,0.88,0.8634222919937204,0.8634767395158781
894,0.9775,0.9328491086357024,0.875968992248062,0.9112903225806451,0.9328491086357024,0.9002963240810202,0.893280632411067,0.8828125,0.7771297985286014
895,0.9766666666666667,0.9323822552276725,0.875968992248062,0.904,0.9323822552276725,0.8966511627906976,0.889763779527559,0.8814352574102965,0.8059127785222187
896,0.9766666666666667,0.9323822552276725,0.875968992248062,0.904,0.9323822552276725,0.8966511627906976,0.889763779527559,0.8814352574102965,0.8059127785222188
897,0.9758333333333333,0.9285062862354244,0.8682170542635659,0.9032258064516129,0.9285062862354244,0.8928047636909228,0.8853754940711462,0.8749999999999999,0.8346950921846443
898,0.975,0.9246303172431763,0.8604651162790697,0.9024390243902439,0.9246303172431763,0.8889520703346567,0.8809523809523809,0.8685446009389671,0.8634774058470699
899,0.9733333333333334,0.9202874948428984,0.8527131782945736,0.8943089430894309,0.9202874948428984,0.8814277273586689,0.873015873015873,0.8607198748043818,0.9210426995031128
900,0.9775,0.9362582242199206,0.8837209302325582,0.9047619047619048,0.9362582242199206,0.9004914174972314,0.8941176470588236,0.8878504672897196,0.7771304648597932
901,0.9733333333333334,0.9168783792586802,0.8449612403100775,0.9008264462809917,0.9168783792586802,0.881227176628868,0.8719999999999999,0.8555729984301412,0.921042033171921
902,0.9783333333333334,0.9401341932121686,0.8914728682170543,0.905511811023622,0.9401341932121686,0.9043256729536715,0.8984375,0.8942457231726283,0.7483481511973676
903,0.9783333333333334,0.9333159620437322,0.875968992248062,0.9186991869918699,0.9333159620437322,0.9040007562866327,0.8968253968253969,0.8841940532081378,0.7483468185349839
904,0.9766666666666667,0.9289731396434543,0.8682170542635659,0.9105691056910569,0.9289731396434543,0.8964764133106448,0.8888888888888888,0.8763693270735523,0.8059121121910269
905,0.9775,0.9362582242199206,0.8837209302325582,0.9047619047619048,0.9362582242199206,0.9004914174972314,0.8941176470588236,0.8878504672897196,0.7771304648597931
906,0.9716666666666667,0.9159446724426205,0.8449612403100775,0.8861788617886179,0.9159446724426205,0.873903384382681,0.8650793650793651,0.8528951486697967,0.9786079931591558
907,0.975,0.9280394328273945,0.8682170542635659,0.896,0.9280394328273945,0.8891918604651162,0.8818897637795274,0.8736349453978159,0.8634780721782617
908,0.9791666666666666,0.9371919310359803,0.8837209302325582,0.9193548387096774,0.9371919310359803,0.9077878844711178,0.9011857707509883,0.8906249999999999,0.7195645048725584
909,0.9741666666666666,0.9241634638351465,0.8604651162790697,0.8951612903225806,0.9241634638351465,0.8853132033008251,0.8774703557312252,0.8671875,0.8922603858406872
910,0.9783333333333334,0.9367250776279504,0.8837209302325582,0.912,0.9367250776279504,0.904110465116279,0.8976377952755905,0.8892355694227768,0.7483474848661759
911,0.9783333333333334,0.9401341932121686,0.8914728682170543,0.905511811023622,0.9401341932121686,0.9043256729536715,0.8984375,0.8942457231726283,0.7483481511973676
912,0.9783333333333334,0.9367250776279504,0.8837209302325582,0.912,0.9367250776279504,0.904110465116279,0.8976377952755905,0.8892355694227768,0.7483474848661757
913,0.9775,0.9328491086357024,0.875968992248062,0.9112903225806451,0.9328491086357024,0.9002963240810202,0.893280632411067,0.8828125,0.7771297985286012
914,0.9783333333333334,0.9401341932121686,0.8914728682170543,0.905511811023622,0.9401341932121686,0.9043256729536715,0.8984375,0.8942457231726283,0.7483481511973676
915,0.9741666666666666,0.9207543482509283,0.8527131782945736,0.9016393442622951,0.9207543482509284,0.885092927945101,0.8764940239043824,0.8620689655172413,0.8922597195094955
916,0.9716666666666667,0.9159446724426205,0.8449612403100775,0.8861788617886179,0.9159446724426205,0.873903384382681,0.8650793650793651,0.8528951486697967,0.9786079931591558
917,0.9758333333333333,0.9285062862354244,0.8682170542635659,0.9032258064516129,0.9285062862354244,0.8928047636909228,0.8853754940711462,0.8749999999999999,0.8346950921846443
918,0.9808333333333333,0.9517621001889127,0.9147286821705426,0.9076923076923077,0.9517621001889127,0.9157938282647584,0.9111969111969112,0.9133126934984519,0.662001210210091
919,0.9816666666666667,0.9488198380127244,0.9069767441860465,0.9212598425196851,0.9488198380127245,0.9191182933528658,0.9140625,0.9097978227060651,0.6332175638852817
920,0.98,0.9410679000282284,0.8914728682170543,0.92,0.9410679000282284,0.9115697674418605,0.905511811023622,0.8970358814352574,0.6907821912101328
921,0.975,0.9212212016589582,0.8527131782945736,0.9090909090909091,0.9212212016589582,0.8888187103594081,0.88,0.8634222919937204,0.8634767395158781
922,0.9758333333333333,0.9250971706512062,0.8604651162790697,0.9098360655737705,0.9250971706512062,0.8926505909264201,0.8844621513944223,0.8699059561128527,0.8346944258534525
923,0.975,0.9212212016589582,0.8527131782945736,0.9090909090909091,0.9212212016589582,0.8888187103594081,0.88,0.8634222919937204,0.8634767395158781
924,0.9791666666666666,0.9406010466201985,0.8914728682170543,0.9126984126984127,0.9406010466201985,0.9079189737910667,0.9019607843137255,0.8956386292834891,0.7195651712037503
925,0.9791666666666666,0.9371919310359803,0.8837209302325582,0.9193548387096774,0.9371919310359803,0.9077878844711178,0.9011857707509883,0.8906249999999999,0.7195645048725584
926,0.9791666666666666,0.9440101622044167,0.8992248062015504,0.90625,0.9440101622044167,0.908154069767442,0.9027237354085603,0.9006211180124224,0.7195658375349421
927,0.9775,0.9362582242199206,0.8837209302325582,0.9047619047619048,0.9362582242199206,0.9004914174972314,0.8941176470588236,0.8878504672897196,0.7771304648597932
928,0.9783333333333334,0.9367250776279504,0.8837209302325582,0.912,0.9367250776279504,0.904110465116279,0.8976377952755905,0.8892355694227768,0.7483474848661759
929,0.9716666666666667,0.905717325689966,0.8217054263565892,0.905982905982906,0.905717325689966,0.8734274995030809,0.8617886178861788,0.8372827804107424,0.9786059941655803
930,0.9783333333333334,0.9333159620437322,0.875968992248062,0.9186991869918699,0.9333159620437322,0.9040007562866327,0.8968253968253969,0.8841940532081378,0.748346818534984
931,0.9766666666666667,0.9289731396434543,0.8682170542635659,0.9105691056910569,0.9289731396434543,0.8964764133106448,0.8888888888888888,0.8763693270735523,0.805912112191027
932,0.9766666666666667,0.9323822552276725,0.875968992248062,0.904,0.9323822552276725,0.8966511627906976,0.889763779527559,0.8814352574102965,0.8059127785222188
933,0.9733333333333334,0.9236966104271166,0.8604651162790697,0.888,0.9236966104271166,0.8817325581395349,0.8740157480314961,0.8658346333853354,0.9210433658343048
934,0.9775,0.926030877467266,0.8604651162790697,0.925,0.9260308774672661,0.9002325581395348,0.891566265060241,0.8726415094339622,0.7771284658662176
935,0.98,0.9478861311966646,0.9069767441860465,0.9069767441860465,0.9478861311966646,0.9119767441860465,0.9069767441860465,0.9069767441860466,0.6907835238725164
936,0.9766666666666667,0.9289731396434543,0.8682170542635659,0.9105691056910569,0.9289731396434543,0.8964764133106448,0.8888888888888888,0.8763693270735523,0.8059121121910269
937,0.9775,0.9362582242199206,0.8837209302325582,0.9047619047619048,0.9362582242199206,0.9004914174972314,0.8941176470588236,0.8878504672897196,0.7771304648597932
938,0.9758333333333333,0.9285062862354244,0.8682170542635659,0.9032258064516129,0.9285062862354244,0.8928047636909228,0.8853754940711462,0.8749999999999999,0.8346950921846443
939,0.9741666666666666,0.9207543482509283,0.8527131782945736,0.9016393442622951,0.9207543482509284,0.885092927945101,0.8764940239043824,0.8620689655172413,0.8922597195094955
940,0.9808333333333333,0.9449438690204764,0.8992248062015504,0.9206349206349206,0.9449438690204764,0.9153465300849022,0.9098039215686274,0.9034267912772586,0.6619998775477073
941,0.9766666666666667,0.9323822552276725,0.875968992248062,0.904,0.9323822552276725,0.8966511627906976,0.889763779527559,0.8814352574102965,0.8059127785222188
942,0.9758333333333333,0.9319154018196426,0.875968992248062,0.8968253968253969,0.9319154018196426,0.8930638612033961,0.8862745098039216,0.8800623052959501,0.8346957585158361
943,0.9766666666666667,0.9323822552276725,0.875968992248062,0.904,0.9323822552276725,0.8966511627906976,0.889763779527559,0.8814352574102965,0.8059127785222188
944,0.9791666666666666,0.9406010466201985,0.8914728682170543,0.9126984126984127,0.9406010466201985,0.9079189737910667,0.9019607843137255,0.8956386292834891,0.7195651712037503
945,0.9758333333333333,0.921688055066988,0.8527131782945736,0.9166666666666666,0.921688055066988,0.8926065891472867,0.8835341365461846,0.8647798742138364,0.8346937595222607
946,0.9758333333333333,0.9250971706512062,0.8604651162790697,0.9098360655737705,0.9250971706512062,0.8926505909264201,0.8844621513944223,0.8699059561128527,0.8346944258534525
947,0.9758333333333333,0.9285062862354244,0.8682170542635659,0.9032258064516129,0.9285062862354244,0.8928047636909228,0.8853754940711462,0.8749999999999999,0.8346950921846443
948,0.9716666666666667,0.9125355568584024,0.8372093023255814,0.8925619834710744,0.9125355568584024,0.873635642898328,0.8640000000000001,0.8477237048665621,0.9786073268279639
949,0.975,0.9212212016589582,0.8527131782945736,0.9090909090909091,0.9212212016589582,0.8888187103594081,0.88,0.8634222919937204,0.8634767395158781
950,0.9741666666666666,0.913936117082492,0.8372093023255814,0.9152542372881356,0.913936117082492,0.8849817698068585,0.8744939271255062,0.8517350157728708,0.8922583868471118
951,0.9725,0.9061841790979959,0.8217054263565892,0.9137931034482759,0.9061841790979959,0.8773325982357658,0.8653061224489796,0.8386075949367089,0.9498230141719629
952,0.9766666666666667,0.9289731396434543,0.8682170542635659,0.9105691056910569,0.9289731396434543,0.8964764133106448,0.8888888888888888,0.8763693270735523,0.8059121121910269
953,0.9741666666666666,0.9173452326667101,0.8449612403100775,0.9083333333333333,0.9173452326667102,0.8849806201550388,0.8755020080321284,0.8569182389937107,0.8922590531783037
954,0.9766666666666667,0.9289731396434543,0.8682170542635659,0.9105691056910569,0.9289731396434543,0.8964764133106448,0.8888888888888888,0.8763693270735523,0.8059121121910269
955,0.9791666666666666,0.9406010466201985,0.8914728682170543,0.9126984126984127,0.9406010466201985,0.9079189737910667,0.9019607843137255,0.8956386292834891,0.7195651712037503
956,0.9775,0.9396673398041387,0.8914728682170543,0.8984375,0.9396673398041387,0.9007885174418604,0.8949416342412452,0.8928571428571429,0.7771311311909851
957,0.9775,0.9362582242199206,0.8837209302325582,0.9047619047619048,0.9362582242199206,0.9004914174972314,0.8941176470588236,0.8878504672897196,0.7771304648597932
958,0.9791666666666666,0.9406010466201985,0.8914728682170543,0.9126984126984127,0.9406010466201985,0.9079189737910667,0.9019607843137255,0.8956386292834891,0.7195651712037503
959,0.9766666666666667,0.9255640240592361,0.8604651162790697,0.9173553719008265,0.9255640240592361,0.8964102440899482,0.888,0.8712715855572998,0.8059114458598351
960,0.975,0.9212212016589582,0.8527131782945736,0.9090909090909091,0.9212212016589582,0.8888187103594081,0.88,0.8634222919937204,0.8634767395158781
961,0.9733333333333334,0.9134692636744621,0.8372093023255814,0.907563025210084,0.9134692636744621,0.8811361637678327,0.8709677419354839,0.8503937007874015,0.9210413668407291
962,0.9775,0.9362582242199206,0.8837209302325582,0.9047619047619048,0.9362582242199206,0.9004914174972314,0.8941176470588236,0.8878504672897196,0.7771304648597932
963,0.975,0.9246303172431763,0.8604651162790697,0.9024390243902439,0.9246303172431763,0.8889520703346567,0.8809523809523809,0.8685446009389671,0.8634774058470699
964,0.9758333333333333,0.9250971706512062,0.8604651162790697,0.9098360655737705,0.9250971706512062,0.8926505909264201,0.8844621513944223,0.8699059561128527,0.8346944258534524
965,0.9758333333333333,0.9250971706512062,0.8604651162790697,0.9098360655737705,0.9250971706512062,0.8926505909264201,0.8844621513944223,0.8699059561128527,0.8346944258534524
966,0.9733333333333334,0.9168783792586802,0.8449612403100775,0.9008264462809917,0.9168783792586802,0.881227176628868,0.8719999999999999,0.8555729984301412,0.9210420331719211
967,0.9741666666666666,0.9173452326667101,0.8449612403100775,0.9083333333333333,0.9173452326667102,0.8849806201550388,0.8755020080321284,0.8569182389937107,0.8922590531783037
968,0.975,0.91781208607474,0.8449612403100775,0.9159663865546218,0.91781208607474,0.8887971467656829,0.879032258064516,0.8582677165354329,0.8634760731846863
969,0.975,0.9246303172431763,0.8604651162790697,0.9024390243902439,0.9246303172431763,0.8889520703346567,0.8809523809523809,0.8685446009389671,0.8634774058470699
970,0.975,0.91781208607474,0.8449612403100775,0.9159663865546218,0.91781208607474,0.8887971467656829,0.879032258064516,0.8582677165354329,0.8634760731846863
971,0.975,0.91781208607474,0.8449612403100775,0.9159663865546218,0.91781208607474,0.8887971467656829,0.879032258064516,0.8582677165354329,0.8634760731846863
972,0.9775,0.9294399930514842,0.8682170542635659,0.9180327868852459,0.9294399930514843,0.9002082539077393,0.8924302788844621,0.8777429467084639,0.7771291321974095
973,0.9766666666666667,0.9289731396434543,0.8682170542635659,0.9105691056910569,0.9289731396434543,0.8964764133106448,0.8888888888888888,0.8763693270735523,0.805912112191027
974,0.9725,0.9061841790979959,0.8217054263565892,0.9137931034482759,0.9061841790979959,0.8773325982357658,0.8653061224489796,0.8386075949367089,0.9498230141719629
975,0.9741666666666666,0.9173452326667101,0.8449612403100775,0.9083333333333333,0.9173452326667102,0.8849806201550388,0.8755020080321284,0.8569182389937107,0.8922590531783037
976,0.975,0.9212212016589582,0.8527131782945736,0.9090909090909091,0.9212212016589582,0.8888187103594081,0.88,0.8634222919937204,0.8634767395158781
977,0.9808333333333333,0.9449438690204764,0.8992248062015504,0.9206349206349206,0.9449438690204764,0.9153465300849022,0.9098039215686274,0.9034267912772586,0.6619998775477073
978,0.975,0.91781208607474,0.8449612403100775,0.9159663865546218,0.91781208607474,0.8887971467656829,0.879032258064516,0.8582677165354329,0.8634760731846863
979,0.975,0.91781208607474,0.8449612403100775,0.9159663865546218,0.91781208607474,0.8887971467656829,0.879032258064516,0.8582677165354329,0.8634760731846861
980,0.9783333333333334,0.9367250776279504,0.8837209302325582,0.912,0.9367250776279504,0.904110465116279,0.8976377952755905,0.8892355694227768,0.7483474848661757
981,0.9766666666666667,0.9289731396434543,0.8682170542635659,0.9105691056910569,0.9289731396434543,0.8964764133106448,0.8888888888888888,0.8763693270735523,0.8059121121910269
982,0.9741666666666666,0.9241634638351465,0.8604651162790697,0.8951612903225806,0.9241634638351465,0.8853132033008251,0.8774703557312252,0.8671875,0.8922603858406875
983,0.9758333333333333,0.9250971706512062,0.8604651162790697,0.9098360655737705,0.9250971706512062,0.8926505909264201,0.8844621513944223,0.8699059561128527,0.8346944258534524
984,0.9775,0.9294399930514842,0.8682170542635659,0.9180327868852459,0.9294399930514843,0.9002082539077393,0.8924302788844621,0.8777429467084639,0.7771291321974095
985,0.9766666666666667,0.9255640240592361,0.8604651162790697,0.9173553719008265,0.9255640240592361,0.8964102440899482,0.888,0.8712715855572998,0.805911445859835
986,0.9758333333333333,0.921688055066988,0.8527131782945736,0.9166666666666666,0.921688055066988,0.8926065891472867,0.8835341365461846,0.8647798742138364,0.8346937595222608
987,0.9758333333333333,0.921688055066988,0.8527131782945736,0.9166666666666666,0.921688055066988,0.8926065891472867,0.8835341365461846,0.8647798742138364,0.8346937595222607
988,0.975,0.91781208607474,0.8449612403100775,0.9159663865546218,0.91781208607474,0.8887971467656829,0.879032258064516,0.8582677165354329,0.8634760731846863
989,0.9733333333333334,0.9168783792586802,0.8449612403100775,0.9008264462809917,0.9168783792586802,0.881227176628868,0.8719999999999999,0.8555729984301412,0.921042033171921
990,0.975,0.91781208607474,0.8449612403100775,0.9159663865546218,0.91781208607474,0.8887971467656829,0.879032258064516,0.8582677165354329,0.8634760731846863
991,0.975,0.9280394328273945,0.8682170542635659,0.896,0.9280394328273945,0.8891918604651162,0.8818897637795274,0.8736349453978159,0.8634780721782617
992,0.9716666666666667,0.905717325689966,0.8217054263565892,0.905982905982906,0.905717325689966,0.8734274995030809,0.8617886178861788,0.8372827804107424,0.9786059941655803
993,0.9791666666666666,0.9337828154517621,0.875968992248062,0.9262295081967213,0.9337828154517621,0.9077659168890584,0.9003984063745021,0.8855799373040752,0.7195638385413665
994,0.9741666666666666,0.9173452326667101,0.8449612403100775,0.9083333333333333,0.9173452326667102,0.8849806201550388,0.8755020080321284,0.8569182389937107,0.8922590531783037
995,0.9733333333333334,0.9134692636744621,0.8372093023255814,0.907563025210084,0.9134692636744621,0.8811361637678327,0.8709677419354839,0.8503937007874015,0.9210413668407291
996,0.9758333333333333,0.9250971706512062,0.8604651162790697,0.9098360655737705,0.9250971706512062,0.8926505909264201,0.8844621513944223,0.8699059561128527,0.8346944258534525
997,0.975,0.9212212016589582,0.8527131782945736,0.9090909090909091,0.9212212016589582,0.8888187103594081,0.88,0.8634222919937204,0.8634767395158781
998,0.975,0.91781208607474,0.8449612403100775,0.9159663865546218,0.91781208607474,0.8887971467656829,0.879032258064516,0.8582677165354329,0.8634760731846863
999,0.9733333333333334,0.9168783792586802,0.8449612403100775,0.9008264462809917,0.9168783792586802,0.881227176628868,0.8719999999999999,0.8555729984301412,0.921042033171921
1000,0.9766666666666667,0.9255640240592361,0.8604651162790697,0.9173553719008265,0.9255640240592361,0.8964102440899482,0.888,0.8712715855572998,0.8059114458598351
1001,0.9783333333333334,0.9367250776279504,0.8837209302325582,0.912,0.9367250776279504,0.904110465116279,0.8976377952755905,0.8892355694227768,0.7483474848661759
1002,0.9725,0.9130024102664323,0.8372093023255814,0.9,0.9130024102664323,0.8773546511627908,0.8674698795180723,0.8490566037735848,0.9498243468343465
1003,0.9741666666666666,0.9207543482509283,0.8527131782945736,0.9016393442622951,0.9207543482509284,0.885092927945101,0.8764940239043824,0.8620689655172413,0.8922597195094955
1004,0.9733333333333334,0.9168783792586802,0.8449612403100775,0.9008264462809917,0.9168783792586802,0.881227176628868,0.8719999999999999,0.8555729984301412,0.921042033171921
1005,0.9733333333333334,0.9168783792586802,0.8449612403100775,0.9008264462809917,0.9168783792586802,0.881227176628868,0.8719999999999999,0.8555729984301412,0.921042033171921
1006,0.9716666666666667,0.905717325689966,0.8217054263565892,0.905982905982906,0.905717325689966,0.8734274995030809,0.8617886178861788,0.8372827804107424,0.9786059941655803
1007,0.9741666666666666,0.9207543482509283,0.8527131782945736,0.9016393442622951,0.9207543482509284,0.885092927945101,0.8764940239043824,0.8620689655172413,0.8922597195094955
1008,0.975,0.9246303172431763,0.8604651162790697,0.9024390243902439,0.9246303172431763,0.8889520703346567,0.8809523809523809,0.8685446009389671,0.8634774058470699
1009,0.975,0.9212212016589582,0.8527131782945736,0.9090909090909091,0.9212212016589582,0.8888187103594081,0.88,0.8634222919937204,0.8634767395158781
1010,0.98,0.9410679000282284,0.8914728682170543,0.92,0.9410679000282284,0.9115697674418605,0.905511811023622,0.8970358814352574,0.6907821912101328
1011,0.9733333333333334,0.9066510325060257,0.8217054263565892,0.9217391304347826,0.9066510325060257,0.8813056117290192,0.8688524590163934,0.8399366085578447,0.9210400341783456
1012,0.9783333333333334,0.9367250776279504,0.8837209302325582,0.912,0.9367250776279504,0.904110465116279,0.8976377952755905,0.8892355694227768,0.7483474848661757
1013,0.975,0.9212212016589582,0.8527131782945736,0.9090909090909091,0.9212212016589582,0.8888187103594081,0.88,0.8634222919937204,0.8634767395158781
1014,0.9741666666666666,0.9241634638351465,0.8604651162790697,0.8951612903225806,0.9241634638351465,0.8853132033008251,0.8774703557312252,0.8671875,0.8922603858406872
1015,0.975,0.91781208607474,0.8449612403100775,0.9159663865546218,0.91781208607474,0.8887971467656829,0.879032258064516,0.8582677165354329,0.8634760731846863
1016,0.9758333333333333,0.9250971706512062,0.8604651162790697,0.9098360655737705,0.9250971706512062,0.8926505909264201,0.8844621513944223,0.8699059561128527,0.8346944258534525
1017,0.9733333333333334,0.9134692636744621,0.8372093023255814,0.907563025210084,0.9134692636744621,0.8811361637678327,0.8709677419354839,0.8503937007874015,0.9210413668407291
1018,0.9733333333333334,0.9100601480902439,0.8294573643410853,0.9145299145299145,0.910060148090244,0.8811603061021666,0.8699186991869918,0.8451816745655608,0.9210407005095373
1019,0.9791666666666666,0.9406010466201985,0.8914728682170543,0.9126984126984127,0.9406010466201985,0.9079189737910667,0.9019607843137255,0.8956386292834891,0.7195651712037503
1020,0.9775,0.9362582242199206,0.8837209302325582,0.9047619047619048,0.9362582242199206,0.9004914174972314,0.8941176470588236,0.8878504672897196,0.7771304648597932
1021,0.9741666666666666,0.9173452326667101,0.8449612403100775,0.9083333333333333,0.9173452326667102,0.8849806201550388,0.8755020080321284,0.8569182389937107,0.8922590531783037
1022,0.975,0.9280394328273945,0.8682170542635659,0.896,0.9280394328273945,0.8891918604651162,0.8818897637795274,0.8736349453978159,0.8634780721782617
1023,0.9791666666666666,0.9371919310359803,0.8837209302325582,0.9193548387096774,0.9371919310359803,0.9077878844711178,0.9011857707509883,0.8906249999999999,0.7195645048725584
1024,0.9741666666666666,0.913936117082492,0.8372093023255814,0.9152542372881356,0.913936117082492,0.8849817698068585,0.8744939271255062,0.8517350157728708,0.8922583868471118
1025,0.9775,0.926030877467266,0.8604651162790697,0.925,0.9260308774672661,0.9002325581395348,0.891566265060241,0.8726415094339622,0.7771284658662178
1026,0.9716666666666667,0.905717325689966,0.8217054263565892,0.905982905982906,0.905717325689966,0.8734274995030809,0.8617886178861788,0.8372827804107424,0.9786059941655803
1027,0.9775,0.9328491086357024,0.875968992248062,0.9112903225806451,0.9328491086357024,0.9002963240810202,0.893280632411067,0.8828125,0.7771297985286013
1028,0.9733333333333334,0.9202874948428984,0.8527131782945736,0.8943089430894309,0.9202874948428984,0.8814277273586689,0.873015873015873,0.8607198748043818,0.9210426995031128
1029,0.9741666666666666,0.9241634638351465,0.8604651162790697,0.8951612903225806,0.9241634638351465,0.8853132033008251,0.8774703557312252,0.8671875,0.8922603858406872
1030,0.9733333333333334,0.9134692636744621,0.8372093023255814,0.907563025210084,0.9134692636744621,0.8811361637678327,0.8709677419354839,0.8503937007874015,0.9210413668407291
1031,0.975,0.91781208607474,0.8449612403100775,0.9159663865546218,0.91781208607474,0.8887971467656829,0.879032258064516,0.8582677165354329,0.8634760731846863
1032,0.9766666666666667,0.9255640240592361,0.8604651162790697,0.9173553719008265,0.9255640240592361,0.8964102440899482,0.888,0.8712715855572998,0.8059114458598351
1033,0.9758333333333333,0.9250971706512062,0.8604651162790697,0.9098360655737705,0.9250971706512062,0.8926505909264201,0.8844621513944223,0.8699059561128527,0.8346944258534525
1034,0.9741666666666666,0.9207543482509283,0.8527131782945736,0.9016393442622951,0.9207543482509284,0.885092927945101,0.8764940239043824,0.8620689655172413,0.8922597195094955
1035,0.9783333333333334,0.9333159620437322,0.875968992248062,0.9186991869918699,0.9333159620437322,0.9040007562866327,0.8968253968253969,0.8841940532081378,0.7483468185349839
1036,0.9733333333333334,0.9202874948428984,0.8527131782945736,0.8943089430894309,0.9202874948428984,0.8814277273586689,0.873015873015873,0.8607198748043818,0.921042699503113
1037,0.9766666666666667,0.9289731396434543,0.8682170542635659,0.9105691056910569,0.9289731396434543,0.8964764133106448,0.8888888888888888,0.8763693270735523,0.8059121121910269
1038,0.9741666666666666,0.9173452326667101,0.8449612403100775,0.9083333333333333,0.9173452326667102,0.8849806201550388,0.8755020080321284,0.8569182389937107,0.8922590531783037
1039,0.975,0.9246303172431763,0.8604651162790697,0.9024390243902439,0.9246303172431763,0.8889520703346567,0.8809523809523809,0.8685446009389671,0.8634774058470699
1040,0.9733333333333334,0.9168783792586802,0.8449612403100775,0.9008264462809917,0.9168783792586802,0.881227176628868,0.8719999999999999,0.8555729984301412,0.921042033171921
1041,0.9716666666666667,0.905717325689966,0.8217054263565892,0.905982905982906,0.905717325689966,0.8734274995030809,0.8617886178861788,0.8372827804107424,0.9786059941655803
1042,0.9725,0.9164115258506503,0.8449612403100775,0.8934426229508197,0.9164115258506503,0.877535264963782,0.8685258964143425,0.8542319749216303,0.9498250131655385
1043,0.9725,0.9061841790979959,0.8217054263565892,0.9137931034482759,0.9061841790979959,0.8773325982357658,0.8653061224489796,0.8386075949367089,0.9498230141719629
1044,0.975,0.9246303172431763,0.8604651162790697,0.9024390243902439,0.9246303172431763,0.8889520703346567,0.8809523809523809,0.8685446009389671,0.8634774058470699
1045,0.9741666666666666,0.9173452326667101,0.8449612403100775,0.9083333333333333,0.9173452326667102,0.8849806201550388,0.8755020080321284,0.8569182389937107,0.8922590531783037
1046,0.9766666666666667,0.9323822552276725,0.875968992248062,0.904,0.9323822552276725,0.8966511627906976,0.889763779527559,0.8814352574102965,0.8059127785222188
1047,0.9775,0.9294399930514842,0.8682170542635659,0.9180327868852459,0.9294399930514843,0.9002082539077393,0.8924302788844621,0.8777429467084639,0.7771291321974095
1048,0.9758333333333333,0.9319154018196426,0.875968992248062,0.8968253968253969,0.9319154018196426,0.8930638612033961,0.8862745098039216,0.8800623052959501,0.8346957585158361
1049,0.9775,0.9226217618830478,0.8527131782945736,0.9322033898305084,0.9226217618830478,0.9003749507292077,0.8906882591093117,0.8675078864353313,0.7771277995350259
1050,0.975,0.91781208607474,0.8449612403100775,0.9159663865546218,0.91781208607474,0.8887971467656829,0.879032258064516,0.8582677165354329,0.8634760731846863
1051,0.9741666666666666,0.913936117082492,0.8372093023255814,0.9152542372881356,0.913936117082492,0.8849817698068585,0.8744939271255062,0.8517350157728708,0.8922583868471118
1052,0.9741666666666666,0.9207543482509283,0.8527131782945736,0.9016393442622951,0.9207543482509284,0.885092927945101,0.8764940239043824,0.8620689655172413,0.8922597195094955
1053,0.975,0.9212212016589582,0.8527131782945736,0.9090909090909091,0.9212212016589582,0.8888187103594081,0.88,0.8634222919937204,0.8634767395158781
1054,0.9733333333333334,0.9202874948428984,0.8527131782945736,0.8943089430894309,0.9202874948428984,0.8814277273586689,0.873015873015873,0.8607198748043818,0.9210426995031128
1055,0.9775,0.9362582242199206,0.8837209302325582,0.9047619047619048,0.9362582242199206,0.9004914174972314,0.8941176470588236,0.8878504672897196,0.7771304648597932
1056,0.9766666666666667,0.9289731396434543,0.8682170542635659,0.9105691056910569,0.9289731396434543,0.8964764133106448,0.8888888888888888,0.8763693270735523,0.805912112191027
1057,0.9741666666666666,0.9207543482509283,0.8527131782945736,0.9016393442622951,0.9207543482509284,0.885092927945101,0.8764940239043824,0.8620689655172413,0.8922597195094955
1058,0.9758333333333333,0.921688055066988,0.8527131782945736,0.9166666666666666,0.921688055066988,0.8926065891472867,0.8835341365461846,0.8647798742138364,0.8346937595222608
1059,0.9766666666666667,0.9255640240592361,0.8604651162790697,0.9173553719008265,0.9255640240592361,0.8964102440899482,0.888,0.8712715855572998,0.805911445859835
1060,0.975,0.9212212016589582,0.8527131782945736,0.9090909090909091,0.9212212016589582,0.8888187103594081,0.88,0.8634222919937204,0.8634767395158781
1061,0.975,0.9212212016589582,0.8527131782945736,0.9090909090909091,0.9212212016589582,0.8888187103594081,0.88,0.8634222919937204,0.8634767395158781
1062,0.9733333333333334,0.9134692636744621,0.8372093023255814,0.907563025210084,0.9134692636744621,0.8811361637678327,0.8709677419354839,0.8503937007874015,0.9210413668407291
1063,0.9725,0.9095932946822141,0.8294573643410853,0.9067796610169492,0.9095932946822141,0.877285179345684,0.8663967611336033,0.8438485804416405,0.9498236805031547
1064,0.9716666666666667,0.905717325689966,0.8217054263565892,0.905982905982906,0.905717325689966,0.8734274995030809,0.8617886178861788,0.8372827804107424,0.9786059941655803
1065,0.9741666666666666,0.913936117082492,0.8372093023255814,0.9152542372881356,0.913936117082492,0.8849817698068585,0.8744939271255062,0.8517350157728708,0.8922583868471118
1066,0.9733333333333334,0.9134692636744621,0.8372093023255814,0.907563025210084,0.9134692636744621,0.8811361637678327,0.8709677419354839,0.8503937007874015,0.9210413668407291
1067,0.9725,0.9130024102664323,0.8372093023255814,0.9,0.9130024102664323,0.8773546511627908,0.8674698795180723,0.8490566037735848,0.9498243468343465
1068,0.9741666666666666,0.9207543482509283,0.8527131782945736,0.9016393442622951,0.9207543482509284,0.885092927945101,0.8764940239043824,0.8620689655172413,0.8922597195094955
1069,0.975,0.9246303172431763,0.8604651162790697,0.9024390243902439,0.9246303172431763,0.8889520703346567,0.8809523809523809,0.8685446009389671,0.8634774058470699
1070,0.9758333333333333,0.9250971706512062,0.8604651162790697,0.9098360655737705,0.9250971706512062,0.8926505909264201,0.8844621513944223,0.8699059561128527,0.8346944258534525
1071,0.9733333333333334,0.9168783792586802,0.8449612403100775,0.9008264462809917,0.9168783792586802,0.881227176628868,0.8719999999999999,0.8555729984301412,0.921042033171921
1072,0.9766666666666667,0.9323822552276725,0.875968992248062,0.904,0.9323822552276725,0.8966511627906976,0.889763779527559,0.8814352574102965,0.8059127785222188
1073,0.9775,0.9294399930514842,0.8682170542635659,0.9180327868852459,0.9294399930514843,0.9002082539077393,0.8924302788844621,0.8777429467084639,0.7771291321974094
1074,0.975,0.91781208607474,0.8449612403100775,0.9159663865546218,0.91781208607474,0.8887971467656829,0.879032258064516,0.8582677165354329,0.8634760731846863
1075,0.9741666666666666,0.9207543482509283,0.8527131782945736,0.9016393442622951,0.9207543482509284,0.885092927945101,0.8764940239043824,0.8620689655172413,0.8922597195094955
1076,0.9716666666666667,0.9125355568584024,0.8372093023255814,0.8925619834710744,0.9125355568584024,0.873635642898328,0.8640000000000001,0.8477237048665621,0.9786073268279639
1077,0.9725,0.9164115258506503,0.8449612403100775,0.8934426229508197,0.9164115258506503,0.877535264963782,0.8685258964143425,0.8542319749216303,0.9498250131655384
1078,0.9758333333333333,0.9250971706512062,0.8604651162790697,0.9098360655737705,0.9250971706512062,0.8926505909264201,0.8844621513944223,0.8699059561128527,0.8346944258534524
1079,0.9733333333333334,0.9168783792586802,0.8449612403100775,0.9008264462809917,0.9168783792586802,0.881227176628868,0.8719999999999999,0.8555729984301412,0.921042033171921
1080,0.975,0.9212212016589582,0.8527131782945736,0.9090909090909091,0.9212212016589582,0.8888187103594081,0.88,0.8634222919937204,0.8634767395158781
1081,0.9741666666666666,0.9173452326667101,0.8449612403100775,0.9083333333333333,0.9173452326667102,0.8849806201550388,0.8755020080321284,0.8569182389937107,0.8922590531783037
1082,0.975,0.9246303172431763,0.8604651162790697,0.9024390243902439,0.9246303172431763,0.8889520703346567,0.8809523809523809,0.8685446009389671,0.8634774058470699
1083,0.9716666666666667,0.905717325689966,0.8217054263565892,0.905982905982906,0.905717325689966,0.8734274995030809,0.8617886178861788,0.8372827804107424,0.9786059941655803
1084,0.9741666666666666,0.9173452326667101,0.8449612403100775,0.9083333333333333,0.9173452326667102,0.8849806201550388,0.8755020080321284,0.8569182389937107,0.8922590531783037
1085,0.9733333333333334,0.9066510325060257,0.8217054263565892,0.9217391304347826,0.9066510325060257,0.8813056117290192,0.8688524590163934,0.8399366085578447,0.9210400341783456
1086,0.9733333333333334,0.9134692636744621,0.8372093023255814,0.907563025210084,0.9134692636744621,0.8811361637678327,0.8709677419354839,0.8503937007874015,0.9210413668407291
1087,0.9766666666666667,0.9255640240592361,0.8604651162790697,0.9173553719008265,0.9255640240592361,0.8964102440899482,0.888,0.8712715855572998,0.8059114458598352
1088,0.9758333333333333,0.9250971706512062,0.8604651162790697,0.9098360655737705,0.9250971706512062,0.8926505909264201,0.8844621513944223,0.8699059561128527,0.8346944258534524
1089,0.9733333333333334,0.9100601480902439,0.8294573643410853,0.9145299145299145,0.910060148090244,0.8811603061021666,0.8699186991869918,0.8451816745655608,0.9210407005095373
1090,0.975,0.91781208607474,0.8449612403100775,0.9159663865546218,0.91781208607474,0.8887971467656829,0.879032258064516,0.8582677165354329,0.8634760731846863
1091,0.9758333333333333,0.9285062862354244,0.8682170542635659,0.9032258064516129,0.9285062862354244,0.8928047636909228,0.8853754940711462,0.8749999999999999,0.8346950921846443
1092,0.9775,0.9294399930514842,0.8682170542635659,0.9180327868852459,0.9294399930514843,0.9002082539077393,0.8924302788844621,0.8777429467084639,0.7771291321974094
1093,0.9725,0.9061841790979959,0.8217054263565892,0.9137931034482759,0.9061841790979959,0.8773325982357658,0.8653061224489796,0.8386075949367089,0.9498230141719629
1094,0.9791666666666666,0.9337828154517621,0.875968992248062,0.9262295081967213,0.9337828154517621,0.9077659168890584,0.9003984063745021,0.8855799373040752,0.7195638385413665
1095,0.9725,0.9130024102664323,0.8372093023255814,0.9,0.9130024102664323,0.8773546511627908,0.8674698795180723,0.8490566037735848,0.9498243468343465
1096,0.9725,0.9095932946822141,0.8294573643410853,0.9067796610169492,0.9095932946822141,0.877285179345684,0.8663967611336033,0.8438485804416405,0.9498236805031547
1097,0.9725,0.9061841790979959,0.8217054263565892,0.9137931034482759,0.9061841790979959,0.8773325982357658,0.8653061224489796,0.8386075949367089,0.9498230141719629
1098,0.9775,0.9294399930514842,0.8682170542635659,0.9180327868852459,0.9294399930514843,0.9002082539077393,0.8924302788844621,0.8777429467084639,0.7771291321974096
1099,0.975,0.91781208607474,0.8449612403100775,0.9159663865546218,0.91781208607474,0.8887971467656829,0.879032258064516,0.8582677165354329,0.8634760731846863
1100,0.9733333333333334,0.9134692636744621,0.8372093023255814,0.907563025210084,0.9134692636744621,0.8811361637678327,0.8709677419354839,0.8503937007874015,0.9210413668407291
1101,0.9775,0.9226217618830478,0.8527131782945736,0.9322033898305084,0.9226217618830478,0.9003749507292077,0.8906882591093117,0.8675078864353313,0.7771277995350259
1102,0.9741666666666666,0.913936117082492,0.8372093023255814,0.9152542372881356,0.913936117082492,0.8849817698068585,0.8744939271255062,0.8517350157728708,0.8922583868471118
1103,0.9758333333333333,0.9250971706512062,0.8604651162790697,0.9098360655737705,0.9250971706512062,0.8926505909264201,0.8844621513944223,0.8699059561128527,0.8346944258534525
1104,0.9716666666666667,0.9091264412741842,0.8294573643410853,0.8991596638655462,0.9091264412741842,0.8734751807699824,0.8629032258064517,0.8425196850393701,0.978606660496772
1105,0.9741666666666666,0.913936117082492,0.8372093023255814,0.9152542372881356,0.913936117082492,0.8849817698068585,0.8744939271255062,0.8517350157728708,0.8922583868471118
1106,0.9733333333333334,0.9134692636744621,0.8372093023255814,0.907563025210084,0.9134692636744621,0.8811361637678327,0.8709677419354839,0.8503937007874015,0.9210413668407291
1107,0.9775,0.9294399930514842,0.8682170542635659,0.9180327868852459,0.9294399930514843,0.9002082539077393,0.8924302788844621,0.8777429467084639,0.7771291321974095
1108,0.9725,0.9095932946822141,0.8294573643410853,0.9067796610169492,0.9095932946822141,0.877285179345684,0.8663967611336033,0.8438485804416405,0.9498236805031547
1109,0.9708333333333333,0.9018413566977179,0.813953488372093,0.9051724137931034,0.9018413566977179,0.8695629510825982,0.8571428571428572,0.8306962025316456,1.0073883078280057
1110,0.97,0.8979653877054699,0.8062015503875969,0.9043478260869565,0.8979653877054699,0.8656913549039433,0.8524590163934427,0.8240887480190173,1.0361706214904314
1111,0.975,0.91781208607474,0.8449612403100775,0.9159663865546218,0.91781208607474,0.8887971467656829,0.879032258064516,0.8582677165354329,0.8634760731846861
1112,0.9758333333333333,0.9250971706512062,0.8604651162790697,0.9098360655737705,0.9250971706512062,0.8926505909264201,0.8844621513944223,0.8699059561128527,0.8346944258534525
1113,0.9708333333333333,0.8950231255292815,0.7984496124031008,0.9196428571428571,0.8950231255292815,0.8698795681063124,0.8547717842323651,0.8200636942675159,1.0073869751656221
1114,0.9766666666666667,0.9323822552276725,0.875968992248062,0.904,0.9323822552276725,0.8966511627906976,0.889763779527559,0.8814352574102965,0.8059127785222188
1115,0.9733333333333334,0.9100601480902439,0.8294573643410853,0.9145299145299145,0.910060148090244,0.8811603061021666,0.8699186991869918,0.8451816745655608,0.9210407005095373
1116,0.9741666666666666,0.913936117082492,0.8372093023255814,0.9152542372881356,0.913936117082492,0.8849817698068585,0.8744939271255062,0.8517350157728708,0.8922583868471118
1117,0.9766666666666667,0.9221549084750179,0.8527131782945736,0.9243697478991597,0.9221549084750179,0.8964581297635333,0.8870967741935484,0.8661417322834647,0.8059107795286432
1118,0.9675,0.8863374807287256,0.7829457364341085,0.9017857142857143,0.8863374807287256,0.8540323920265781,0.8381742738589212,0.8041401273885349,1.122517562477708
1119,0.975,0.9212212016589582,0.8527131782945736,0.9090909090909091,0.9212212016589582,0.8888187103594081,0.88,0.8634222919937204,0.8634767395158781
1120,0.9725,0.9061841790979959,0.8217054263565892,0.9137931034482759,0.9061841790979959,0.8773325982357658,0.8653061224489796,0.8386075949367089,0.9498230141719629
1121,0.9775,0.9294399930514842,0.8682170542635659,0.9180327868852459,0.9294399930514843,0.9002082539077393,0.8924302788844621,0.8777429467084639,0.7771291321974096
1122,0.9766666666666667,0.9323822552276725,0.875968992248062,0.904,0.9323822552276725,0.8966511627906976,0.889763779527559,0.8814352574102965,0.8059127785222188
1123,0.9733333333333334,0.9168783792586802,0.8449612403100775,0.9008264462809917,0.9168783792586802,0.881227176628868,0.8719999999999999,0.8555729984301412,0.921042033171921
1124,0.975,0.9144029704905219,0.8372093023255814,0.9230769230769231,0.9144029704905219,0.8888931127012523,0.878048780487805,0.8530805687203793,0.8634754068534944
1125,0.9708333333333333,0.9018413566977179,0.813953488372093,0.9051724137931034,0.9018413566977179,0.8695629510825982,0.8571428571428572,0.8306962025316456,1.007388307828006
1126,0.9741666666666666,0.9173452326667101,0.8449612403100775,0.9083333333333333,0.9173452326667102,0.8849806201550388,0.8755020080321284,0.8569182389937107,0.8922590531783037
1127,0.9766666666666667,0.9255640240592361,0.8604651162790697,0.9173553719008265,0.9255640240592361,0.8964102440899482,0.888,0.8712715855572998,0.805911445859835
1128,0.975,0.9144029704905219,0.8372093023255814,0.9230769230769231,0.9144029704905219,0.8888931127012523,0.878048780487805,0.8530805687203793,0.8634754068534943
1129,0.975,0.91781208607474,0.8449612403100775,0.9159663865546218,0.91781208607474,0.8887971467656829,0.879032258064516,0.8582677165354329,0.8634760731846863
1130,0.975,0.91781208607474,0.8449612403100775,0.9159663865546218,0.91781208607474,0.8887971467656829,0.879032258064516,0.8582677165354329,0.8634760731846863
1131,0.9716666666666667,0.9091264412741842,0.8294573643410853,0.8991596638655462,0.9091264412741842,0.8734751807699824,0.8629032258064517,0.8425196850393701,0.9786066604967723
1132,0.9741666666666666,0.9207543482509283,0.8527131782945736,0.9016393442622951,0.9207543482509284,0.885092927945101,0.8764940239043824,0.8620689655172413,0.8922597195094955
1133,0.9766666666666667,0.9221549084750179,0.8527131782945736,0.9243697478991597,0.9221549084750179,0.8964581297635333,0.8870967741935484,0.8661417322834647,0.8059107795286432
1134,0.9758333333333333,0.921688055066988,0.8527131782945736,0.9166666666666666,0.921688055066988,0.8926065891472867,0.8835341365461846,0.8647798742138364,0.8346937595222608
1135,0.9725,0.9095932946822141,0.8294573643410853,0.9067796610169492,0.9095932946822141,0.877285179345684,0.8663967611336033,0.8438485804416405,0.9498236805031547
1136,0.9725,0.9061841790979959,0.8217054263565892,0.9137931034482759,0.9061841790979959,0.8773325982357658,0.8653061224489796,0.8386075949367089,0.9498230141719629
1137,0.9758333333333333,0.9182789394827698,0.8449612403100775,0.923728813559322,0.9182789394827698,0.892678360268033,0.8825910931174089,0.8596214511041009,0.8346930931910689
1138,0.9733333333333334,0.9134692636744621,0.8372093023255814,0.907563025210084,0.9134692636744621,0.8811361637678327,0.8709677419354839,0.8503937007874015,0.9210413668407291
1139,0.9775,0.9294399930514842,0.8682170542635659,0.9180327868852459,0.9294399930514843,0.9002082539077393,0.8924302788844621,0.8777429467084639,0.7771291321974094
1140,0.9733333333333334,0.9100601480902439,0.8294573643410853,0.9145299145299145,0.910060148090244,0.8811603061021666,0.8699186991869918,0.8451816745655608,0.9210407005095373
1141,0.9733333333333334,0.9066510325060257,0.8217054263565892,0.9217391304347826,0.9066510325060257,0.8813056117290192,0.8688524590163934,0.8399366085578447,0.9210400341783456
1142,0.9741666666666666,0.913936117082492,0.8372093023255814,0.9152542372881356,0.913936117082492,0.8849817698068585,0.8744939271255062,0.8517350157728708,0.8922583868471118
1143,0.9725,0.9095932946822141,0.8294573643410853,0.9067796610169492,0.9095932946822141,0.877285179345684,0.8663967611336033,0.8438485804416405,0.9498236805031547
1144,0.9708333333333333,0.8984322411134997,0.8062015503875969,0.9122807017543859,0.8984322411134997,0.8696577927376581,0.8559670781893004,0.8253968253968255,1.007387641496814
1145,0.9758333333333333,0.921688055066988,0.8527131782945736,0.9166666666666666,0.921688055066988,0.8926065891472867,0.8835341365461846,0.8647798742138364,0.8346937595222608
1146,0.975,0.9212212016589582,0.8527131782945736,0.9090909090909091,0.9212212016589582,0.8888187103594081,0.88,0.8634222919937204,0.8634767395158781
1147,0.9766666666666667,0.9221549084750179,0.8527131782945736,0.9243697478991597,0.9221549084750179,0.8964581297635333,0.8870967741935484,0.8661417322834647,0.8059107795286433
1148,0.9741666666666666,0.9173452326667101,0.8449612403100775,0.9083333333333333,0.9173452326667102,0.8849806201550388,0.8755020080321284,0.8569182389937107,0.8922590531783037
1149,0.9708333333333333,0.8984322411134997,0.8062015503875969,0.9122807017543859,0.8984322411134997,0.8696577927376581,0.8559670781893004,0.8253968253968255,1.007387641496814
1150,0.9725,0.9061841790979959,0.8217054263565892,0.9137931034482759,0.9061841790979959,0.8773325982357658,0.8653061224489796,0.8386075949367089,0.9498230141719629
1151,0.9758333333333333,0.9148698238985518,0.8372093023255814,0.9310344827586207,0.9148698238985518,0.892871892542101,0.8816326530612245,0.8544303797468354,0.834692426859877
1152,0.975,0.91781208607474,0.8449612403100775,0.9159663865546218,0.91781208607474,0.8887971467656829,0.879032258064516,0.8582677165354329,0.8634760731846863
1153,0.9733333333333334,0.9100601480902439,0.8294573643410853,0.9145299145299145,0.910060148090244,0.8811603061021666,0.8699186991869918,0.8451816745655608,0.9210407005095373
1154,0.9733333333333334,0.9134692636744621,0.8372093023255814,0.907563025210084,0.9134692636744621,0.8811361637678327,0.8709677419354839,0.8503937007874015,0.9210413668407291
1155,0.9741666666666666,0.913936117082492,0.8372093023255814,0.9152542372881356,0.913936117082492,0.8849817698068585,0.8744939271255062,0.8517350157728708,0.8922583868471117
1156,0.9725,0.9095932946822141,0.8294573643410853,0.9067796610169492,0.9095932946822141,0.877285179345684,0.8663967611336033,0.8438485804416405,0.9498236805031547
1157,0.9691666666666666,0.8940894187132218,0.7984496124031008,0.9035087719298246,0.8940894187132218,0.861812525499796,0.8477366255144033,0.8174603174603176,1.0649529351528568
1158,0.9766666666666667,0.9289731396434543,0.8682170542635659,0.9105691056910569,0.9289731396434543,0.8964764133106448,0.8888888888888888,0.8763693270735523,0.805912112191027
1159,0.975,0.91781208607474,0.8449612403100775,0.9159663865546218,0.91781208607474,0.8887971467656829,0.879032258064516,0.8582677165354329,0.8634760731846863
1160,0.9741666666666666,0.913936117082492,0.8372093023255814,0.9152542372881356,0.913936117082492,0.8849817698068585,0.8744939271255062,0.8517350157728708,0.8922583868471118
1161,0.9716666666666667,0.9023082101057478,0.813953488372093,0.9130434782608695,0.9023082101057478,0.8734984833164814,0.860655737704918,0.8320126782884311,0.9786053278343885
1162,0.9733333333333334,0.9100601480902439,0.8294573643410853,0.9145299145299145,0.910060148090244,0.8811603061021666,0.8699186991869918,0.8451816745655608,0.9210407005095373
1163,0.9716666666666667,0.9091264412741842,0.8294573643410853,0.8991596638655462,0.9091264412741842,0.8734751807699824,0.8629032258064517,0.8425196850393701,0.978606660496772
1164,0.9741666666666666,0.913936117082492,0.8372093023255814,0.9152542372881356,0.913936117082492,0.8849817698068585,0.8744939271255062,0.8517350157728708,0.8922583868471118
1165,0.9766666666666667,0.9289731396434543,0.8682170542635659,0.9105691056910569,0.9289731396434543,0.8964764133106448,0.8888888888888888,0.8763693270735523,0.8059121121910269
1166,0.975,0.91781208607474,0.8449612403100775,0.9159663865546218,0.91781208607474,0.8887971467656829,0.879032258064516,0.8582677165354329,0.8634760731846861
1167,0.9783333333333334,0.9333159620437322,0.875968992248062,0.9186991869918699,0.9333159620437322,0.9040007562866327,0.8968253968253969,0.8841940532081378,0.7483468185349839
1168,0.975,0.91781208607474,0.8449612403100775,0.9159663865546218,0.91781208607474,0.8887971467656829,0.879032258064516,0.8582677165354329,0.8634760731846863
1169,0.9716666666666667,0.9091264412741842,0.8294573643410853,0.8991596638655462,0.9091264412741842,0.8734751807699824,0.8629032258064517,0.8425196850393701,0.978606660496772
1170,0.9741666666666666,0.913936117082492,0.8372093023255814,0.9152542372881356,0.913936117082492,0.8849817698068585,0.8744939271255062,0.8517350157728708,0.8922583868471118
1171,0.9758333333333333,0.921688055066988,0.8527131782945736,0.9166666666666666,0.921688055066988,0.8926065891472867,0.8835341365461846,0.8647798742138364,0.8346937595222607
1172,0.9725,0.9095932946822141,0.8294573643410853,0.9067796610169492,0.9095932946822141,0.877285179345684,0.8663967611336033,0.8438485804416405,0.9498236805031547
1173,0.9741666666666666,0.9173452326667101,0.8449612403100775,0.9083333333333333,0.9173452326667102,0.8849806201550388,0.8755020080321284,0.8569182389937107,0.8922590531783037
1174,0.9741666666666666,0.9071178859140556,0.8217054263565892,0.9298245614035088,0.9071178859140556,0.8853483272133823,0.8724279835390947,0.8412698412698413,0.8922570541847282
1175,0.975,0.9212212016589582,0.8527131782945736,0.9090909090909091,0.9212212016589582,0.8888187103594081,0.88,0.8634222919937204,0.8634767395158781
1176,0.9758333333333333,0.9148698238985518,0.8372093023255814,0.9310344827586207,0.9148698238985518,0.892871892542101,0.8816326530612245,0.8544303797468354,0.834692426859877
1177,0.9766666666666667,0.9255640240592361,0.8604651162790697,0.9173553719008265,0.9255640240592361,0.8964102440899482,0.888,0.8712715855572998,0.805911445859835
1178,0.975,0.9144029704905219,0.8372093023255814,0.9230769230769231,0.9144029704905219,0.8888931127012523,0.878048780487805,0.8530805687203793,0.8634754068534944
1179,0.9766666666666667,0.9187457928907997,0.8449612403100775,0.9316239316239316,0.9187457928907997,0.896625919300338,0.8861788617886178,0.8609794628751976,0.8059101131974514
1180,0.975,0.91781208607474,0.8449612403100775,0.9159663865546218,0.91781208607474,0.8887971467656829,0.879032258064516,0.8582677165354329,0.8634760731846863
1181,0.9733333333333334,0.9066510325060257,0.8217054263565892,0.9217391304347826,0.9066510325060257,0.8813056117290192,0.8688524590163934,0.8399366085578447,0.9210400341783456
1182,0.9766666666666667,0.9255640240592361,0.8604651162790697,0.9173553719008265,0.9255640240592361,0.8964102440899482,0.888,0.8712715855572998,0.8059114458598351
1183,0.975,0.9212212016589582,0.8527131782945736,0.9090909090909091,0.9212212016589582,0.8888187103594081,0.88,0.8634222919937204,0.8634767395158781
1184,0.9741666666666666,0.9173452326667101,0.8449612403100775,0.9083333333333333,0.9173452326667102,0.8849806201550388,0.8755020080321284,0.8569182389937107,0.8922590531783037
1185,0.9725,0.9130024102664323,0.8372093023255814,0.9,0.9130024102664323,0.8773546511627908,0.8674698795180723,0.8490566037735848,0.9498243468343465
1186,0.9733333333333334,0.9168783792586802,0.8449612403100775,0.9008264462809917,0.9168783792586802,0.881227176628868,0.8719999999999999,0.8555729984301412,0.921042033171921
1187,0.975,0.9212212016589582,0.8527131782945736,0.9090909090909091,0.9212212016589582,0.8888187103594081,0.88,0.8634222919937204,0.8634767395158781
1188,0.9725,0.9027750635137777,0.813953488372093,0.9210526315789473,0.9027750635137777,0.8775030599755202,0.8641975308641974,0.8333333333333334,0.9498223478407711
1189,0.9733333333333334,0.9134692636744621,0.8372093023255814,0.907563025210084,0.9134692636744621,0.8811361637678327,0.8709677419354839,0.8503937007874015,0.9210413668407291
1190,0.9758333333333333,0.9182789394827698,0.8449612403100775,0.923728813559322,0.9182789394827698,0.892678360268033,0.8825910931174089,0.8596214511041009,0.8346930931910689
1191,0.9716666666666667,0.9023082101057478,0.813953488372093,0.9130434782608695,0.9023082101057478,0.8734984833164814,0.860655737704918,0.8320126782884311,0.9786053278343885
1192,0.9766666666666667,0.9323822552276725,0.875968992248062,0.904,0.9323822552276725,0.8966511627906976,0.889763779527559,0.8814352574102965,0.8059127785222188
1193,0.9708333333333333,0.9052504722819361,0.8217054263565892,0.8983050847457628,0.9052504722819361,0.8695885888845093,0.8582995951417005,0.8359621451104102,1.0073889741591977
1194,0.9716666666666667,0.9091264412741842,0.8294573643410853,0.8991596638655462,0.9091264412741842,0.8734751807699824,0.8629032258064517,0.8425196850393701,0.978606660496772
1195,0.9716666666666667,0.8988990945215296,0.8062015503875969,0.9203539823008849,0.8988990945215296,0.8736944330109077,0.859504132231405,0.8267090620031796,0.9786046615031967
1196,0.9716666666666667,0.8988990945215296,0.8062015503875969,0.9203539823008849,0.8988990945215296,0.8736944330109077,0.859504132231405,0.8267090620031796,0.9786046615031967
1197,0.975,0.91781208607474,0.8449612403100775,0.9159663865546218,0.91781208607474,0.8887971467656829,0.879032258064516,0.8582677165354329,0.8634760731846863
1198,0.9741666666666666,0.9173452326667101,0.8449612403100775,0.9083333333333333,0.9173452326667102,0.8849806201550388,0.8755020080321284,0.8569182389937107,0.8922590531783037
1199,0.9683333333333334,0.8902134497209737,0.7906976744186046,0.9026548672566371,0.8902134497209737,0.8579262708376209,0.8429752066115702,0.8108108108108106,1.0937352488152827
1200,0.9775,0.9226217618830478,0.8527131782945736,0.9322033898305084,0.9226217618830478,0.9003749507292077,0.8906882591093117,0.8675078864353313,0.7771277995350259
1201,0.9725,0.9164115258506503,0.8449612403100775,0.8934426229508197,0.9164115258506503,0.877535264963782,0.8685258964143425,0.8542319749216303,0.9498250131655384
1202,0.9758333333333333,0.9319154018196426,0.875968992248062,0.8968253968253969,0.9319154018196426,0.8930638612033961,0.8862745098039216,0.8800623052959501,0.8346957585158362
1203,0.975,0.9212212016589582,0.8527131782945736,0.9090909090909091,0.9212212016589582,0.8888187103594081,0.88,0.8634222919937204,0.8634767395158781
1204,0.9716666666666667,0.8988990945215296,0.8062015503875969,0.9203539823008849,0.8988990945215296,0.8736944330109077,0.859504132231405,0.8267090620031796,0.9786046615031967
1205,0.9725,0.9061841790979959,0.8217054263565892,0.9137931034482759,0.9061841790979959,0.8773325982357658,0.8653061224489796,0.8386075949367089,0.9498230141719629
1206,0.9741666666666666,0.913936117082492,0.8372093023255814,0.9152542372881356,0.913936117082492,0.8849817698068585,0.8744939271255062,0.8517350157728708,0.8922583868471118
1207,0.9733333333333334,0.9066510325060257,0.8217054263565892,0.9217391304347826,0.9066510325060257,0.8813056117290192,0.8688524590163934,0.8399366085578447,0.9210400341783456
1208,0.9725,0.9095932946822141,0.8294573643410853,0.9067796610169492,0.9095932946822141,0.877285179345684,0.8663967611336033,0.8438485804416405,0.9498236805031547
1209,0.9716666666666667,0.905717325689966,0.8217054263565892,0.905982905982906,0.905717325689966,0.8734274995030809,0.8617886178861788,0.8372827804107424,0.9786059941655803
1210,0.9708333333333333,0.9086595878661543,0.8294573643410853,0.8916666666666667,0.9086595878661544,0.8697286821705426,0.8594377510040162,0.8411949685534592,1.0073896404903897
1211,0.9725,0.9061841790979959,0.8217054263565892,0.9137931034482759,0.9061841790979959,0.8773325982357658,0.8653061224489796,0.8386075949367089,0.9498230141719629
1212,0.9725,0.9061841790979959,0.8217054263565892,0.9137931034482759,0.9061841790979959,0.8773325982357658,0.8653061224489796,0.8386075949367089,0.9498230141719629
1213,0.9725,0.9061841790979959,0.8217054263565892,0.9137931034482759,0.9061841790979959,0.8773325982357658,0.8653061224489796,0.8386075949367089,0.9498230141719629
1214,0.9733333333333334,0.9134692636744621,0.8372093023255814,0.907563025210084,0.9134692636744621,0.8811361637678327,0.8709677419354839,0.8503937007874015,0.9210413668407291
1215,0.9716666666666667,0.9023082101057478,0.813953488372093,0.9130434782608695,0.9023082101057478,0.8734984833164814,0.860655737704918,0.8320126782884311,0.9786053278343885
1216,0.9741666666666666,0.913936117082492,0.8372093023255814,0.9152542372881356,0.913936117082492,0.8849817698068585,0.8744939271255062,0.8517350157728708,0.8922583868471118
1217,0.9725,0.9027750635137777,0.813953488372093,0.9210526315789473,0.9027750635137777,0.8775030599755202,0.8641975308641974,0.8333333333333334,0.9498223478407711
1218,0.975,0.9212212016589582,0.8527131782945736,0.9090909090909091,0.9212212016589582,0.8888187103594081,0.88,0.8634222919937204,0.8634767395158781
1219,0.9691666666666666,0.8906803031290036,0.7906976744186046,0.9107142857142857,0.8906803031290037,0.8619559800664451,0.846473029045643,0.8121019108280255,1.064952268821665
1220,0.9783333333333334,0.9333159620437322,0.875968992248062,0.9186991869918699,0.9333159620437322,0.9040007562866327,0.8968253968253969,0.8841940532081378,0.7483468185349839
1221,0.9733333333333334,0.9100601480902439,0.8294573643410853,0.9145299145299145,0.910060148090244,0.8811603061021666,0.8699186991869918,0.8451816745655608,0.9210407005095373
1222,0.9716666666666667,0.9091264412741842,0.8294573643410853,0.8991596638655462,0.9091264412741842,0.8734751807699824,0.8629032258064517,0.8425196850393701,0.978606660496772
1223,0.9716666666666667,0.905717325689966,0.8217054263565892,0.905982905982906,0.905717325689966,0.8734274995030809,0.8617886178861788,0.8372827804107424,0.9786059941655803
1224,0.9683333333333334,0.8936225653051919,0.7984496124031008,0.8956521739130435,0.893622565305192,0.8578842264914055,0.8442622950819673,0.8161648177496038,1.0937359151464745
1225,0.975,0.9144029704905219,0.8372093023255814,0.9230769230769231,0.9144029704905219,0.8888931127012523,0.878048780487805,0.8530805687203793,0.8634754068534944
1226,0.9691666666666666,0.8906803031290036,0.7906976744186046,0.9107142857142857,0.8906803031290037,0.8619559800664451,0.846473029045643,0.8121019108280255,1.064952268821665
1227,0.975,0.91781208607474,0.8449612403100775,0.9159663865546218,0.91781208607474,0.8887971467656829,0.879032258064516,0.8582677165354329,0.8634760731846863
1228,0.975,0.9109938549063037,0.8294573643410853,0.9304347826086956,0.9109938549063037,0.8891127401415572,0.8770491803278688,0.8478605388272585,0.8634747405223027
1229,0.9733333333333334,0.9100601480902439,0.8294573643410853,0.9145299145299145,0.910060148090244,0.8811603061021666,0.8699186991869918,0.8451816745655608,0.9210407005095373
1230,0.97,0.8979653877054699,0.8062015503875969,0.9043478260869565,0.8979653877054699,0.8656913549039433,0.8524590163934427,0.8240887480190173,1.0361706214904314
1231,0.9741666666666666,0.913936117082492,0.8372093023255814,0.9152542372881356,0.913936117082492,0.8849817698068585,0.8744939271255062,0.8517350157728708,0.8922583868471118
1232,0.9766666666666667,0.9255640240592361,0.8604651162790697,0.9173553719008265,0.9255640240592361,0.8964102440899482,0.888,0.8712715855572998,0.8059114458598351
1233,0.9741666666666666,0.913936117082492,0.8372093023255814,0.9152542372881356,0.913936117082492,0.8849817698068585,0.8744939271255062,0.8517350157728708,0.8922583868471118
1234,0.9741666666666666,0.913936117082492,0.8372093023255814,0.9152542372881356,0.913936117082492,0.8849817698068585,0.8744939271255062,0.8517350157728708,0.8922583868471118
1235,0.9766666666666667,0.9221549084750179,0.8527131782945736,0.9243697478991597,0.9221549084750179,0.8964581297635333,0.8870967741935484,0.8661417322834647,0.8059107795286432
1236,0.975,0.9109938549063037,0.8294573643410853,0.9304347826086956,0.9109938549063037,0.8891127401415572,0.8770491803278688,0.8478605388272585,0.8634747405223024
1237,0.9725,0.9130024102664323,0.8372093023255814,0.9,0.9130024102664323,0.8773546511627908,0.8674698795180723,0.8490566037735848,0.9498243468343465
1238,0.9725,0.9095932946822141,0.8294573643410853,0.9067796610169492,0.9095932946822141,0.877285179345684,0.8663967611336033,0.8438485804416405,0.9498236805031547
1239,0.9766666666666667,0.9255640240592361,0.8604651162790697,0.9173553719008265,0.9255640240592361,0.8964102440899482,0.888,0.8712715855572998,0.8059114458598351
1240,0.9775,0.9294399930514842,0.8682170542635659,0.9180327868852459,0.9294399930514843,0.9002082539077393,0.8924302788844621,0.8777429467084639,0.7771291321974096
1241,0.9741666666666666,0.9173452326667101,0.8449612403100775,0.9083333333333333,0.9173452326667102,0.8849806201550388,0.8755020080321284,0.8569182389937107,0.8922590531783037
1242,0.975,0.9212212016589582,0.8527131782945736,0.9090909090909091,0.9212212016589582,0.8888187103594081,0.88,0.8634222919937204,0.8634767395158781
1243,0.9716666666666667,0.9091264412741842,0.8294573643410853,0.8991596638655462,0.9091264412741842,0.8734751807699824,0.8629032258064517,0.8425196850393701,0.978606660496772
1244,0.9741666666666666,0.913936117082492,0.8372093023255814,0.9152542372881356,0.913936117082492,0.8849817698068585,0.8744939271255062,0.8517350157728708,0.8922583868471118
1245,0.9716666666666667,0.905717325689966,0.8217054263565892,0.905982905982906,0.905717325689966,0.8734274995030809,0.8617886178861788,0.8372827804107424,0.9786059941655803
1246,0.975,0.9212212016589582,0.8527131782945736,0.9090909090909091,0.9212212016589582,0.8888187103594081,0.88,0.8634222919937204,0.8634767395158781
1247,0.975,0.91781208607474,0.8449612403100775,0.9159663865546218,0.91781208607474,0.8887971467656829,0.879032258064516,0.8582677165354329,0.8634760731846863
1248,0.9716666666666667,0.9091264412741842,0.8294573643410853,0.8991596638655462,0.9091264412741842,0.8734751807699824,0.8629032258064517,0.8425196850393701,0.978606660496772
1249,0.9733333333333334,0.9168783792586802,0.8449612403100775,0.9008264462809917,0.9168783792586802,0.881227176628868,0.8719999999999999,0.8555729984301412,0.921042033171921
1250,0.975,0.9212212016589582,0.8527131782945736,0.9090909090909091,0.9212212016589582,0.8888187103594081,0.88,0.8634222919937204,0.8634767395158781
1251,0.9733333333333334,0.9134692636744621,0.8372093023255814,0.907563025210084,0.9134692636744621,0.8811361637678327,0.8709677419354839,0.8503937007874015,0.9210413668407291
1252,0.9691666666666666,0.8940894187132218,0.7984496124031008,0.9035087719298246,0.8940894187132218,0.861812525499796,0.8477366255144033,0.8174603174603176,1.0649529351528568
1253,0.9741666666666666,0.9173452326667101,0.8449612403100775,0.9083333333333333,0.9173452326667102,0.8849806201550388,0.8755020080321284,0.8569182389937107,0.8922590531783037
1254,0.9766666666666667,0.9221549084750179,0.8527131782945736,0.9243697478991597,0.9221549084750179,0.8964581297635333,0.8870967741935484,0.8661417322834647,0.8059107795286432
1255,0.9708333333333333,0.8984322411134997,0.8062015503875969,0.9122807017543859,0.8984322411134997,0.8696577927376581,0.8559670781893004,0.8253968253968255,1.007387641496814
1256,0.9708333333333333,0.9018413566977179,0.813953488372093,0.9051724137931034,0.9018413566977179,0.8695629510825982,0.8571428571428572,0.8306962025316456,1.0073883078280057
1257,0.9725,0.9130024102664323,0.8372093023255814,0.9,0.9130024102664323,0.8773546511627908,0.8674698795180723,0.8490566037735848,0.9498243468343465
1258,0.9775,0.926030877467266,0.8604651162790697,0.925,0.9260308774672661,0.9002325581395348,0.891566265060241,0.8726415094339622,0.7771284658662176
1259,0.9708333333333333,0.9018413566977179,0.813953488372093,0.9051724137931034,0.9018413566977179,0.8695629510825982,0.8571428571428572,0.8306962025316456,1.0073883078280057
1260,0.9741666666666666,0.913936117082492,0.8372093023255814,0.9152542372881356,0.913936117082492,0.8849817698068585,0.8744939271255062,0.8517350157728708,0.8922583868471118
1261,0.9691666666666666,0.8906803031290036,0.7906976744186046,0.9107142857142857,0.8906803031290037,0.8619559800664451,0.846473029045643,0.8121019108280255,1.064952268821665
1262,0.9716666666666667,0.905717325689966,0.8217054263565892,0.905982905982906,0.905717325689966,0.8734274995030809,0.8617886178861788,0.8372827804107424,0.9786059941655803
1263,0.9716666666666667,0.9091264412741842,0.8294573643410853,0.8991596638655462,0.9091264412741842,0.8734751807699824,0.8629032258064517,0.8425196850393701,0.978606660496772
1264,0.9791666666666666,0.9337828154517621,0.875968992248062,0.9262295081967213,0.9337828154517621,0.9077659168890584,0.9003984063745021,0.8855799373040752,0.7195638385413665
1265,0.9733333333333334,0.9100601480902439,0.8294573643410853,0.9145299145299145,0.910060148090244,0.8811603061021666,0.8699186991869918,0.8451816745655608,0.9210407005095373
1266,0.9716666666666667,0.9091264412741842,0.8294573643410853,0.8991596638655462,0.9091264412741842,0.8734751807699824,0.8629032258064517,0.8425196850393701,0.978606660496772
1267,0.9725,0.9061841790979959,0.8217054263565892,0.9137931034482759,0.9061841790979959,0.8773325982357658,0.8653061224489796,0.8386075949367089,0.9498230141719629
1268,0.975,0.91781208607474,0.8449612403100775,0.9159663865546218,0.91781208607474,0.8887971467656829,0.879032258064516,0.8582677165354329,0.8634760731846863
1269,0.975,0.9212212016589582,0.8527131782945736,0.9090909090909091,0.9212212016589582,0.8888187103594081,0.88,0.8634222919937204,0.8634767395158781
1270,0.9741666666666666,0.9173452326667101,0.8449612403100775,0.9083333333333333,0.9173452326667102,0.8849806201550388,0.8755020080321284,0.8569182389937107,0.8922590531783037
1271,0.975,0.91781208607474,0.8449612403100775,0.9159663865546218,0.91781208607474,0.8887971467656829,0.879032258064516,0.8582677165354329,0.8634760731846863
1272,0.975,0.9144029704905219,0.8372093023255814,0.9230769230769231,0.9144029704905219,0.8888931127012523,0.878048780487805,0.8530805687203793,0.8634754068534944
1273,0.9741666666666666,0.913936117082492,0.8372093023255814,0.9152542372881356,0.913936117082492,0.8849817698068585,0.8744939271255062,0.8517350157728708,0.8922583868471117
1274,0.9725,0.9061841790979959,0.8217054263565892,0.9137931034482759,0.9061841790979959,0.8773325982357658,0.8653061224489796,0.8386075949367089,0.9498230141719629
1275,0.9741666666666666,0.913936117082492,0.8372093023255814,0.9152542372881356,0.913936117082492,0.8849817698068585,0.8744939271255062,0.8517350157728708,0.8922583868471117
1276,0.97,0.901374503289688,0.813953488372093,0.8974358974358975,0.901374503289688,0.8656946929039953,0.8536585365853658,0.8293838862559242,1.0361712878216234
1277,0.9766666666666667,0.9255640240592361,0.8604651162790697,0.9173553719008265,0.9255640240592361,0.8964102440899482,0.888,0.8712715855572998,0.8059114458598351
1278,0.9691666666666666,0.8940894187132218,0.7984496124031008,0.9035087719298246,0.8940894187132218,0.861812525499796,0.8477366255144033,0.8174603174603176,1.064952935152857
1279,0.9725,0.9061841790979959,0.8217054263565892,0.9137931034482759,0.9061841790979959,0.8773325982357658,0.8653061224489796,0.8386075949367089,0.9498230141719629
1280,0.975,0.9212212016589582,0.8527131782945736,0.9090909090909091,0.9212212016589582,0.8888187103594081,0.88,0.8634222919937204,0.8634767395158781
1281,0.9716666666666667,0.905717325689966,0.8217054263565892,0.905982905982906,0.905717325689966,0.8734274995030809,0.8617886178861788,0.8372827804107424,0.9786059941655803
1282,0.9716666666666667,0.905717325689966,0.8217054263565892,0.905982905982906,0.905717325689966,0.8734274995030809,0.8617886178861788,0.8372827804107424,0.9786059941655803
1283,0.9683333333333334,0.8902134497209737,0.7906976744186046,0.9026548672566371,0.8902134497209737,0.8579262708376209,0.8429752066115702,0.8108108108108106,1.0937352488152827
1284,0.9733333333333334,0.9100601480902439,0.8294573643410853,0.9145299145299145,0.910060148090244,0.8811603061021666,0.8699186991869918,0.8451816745655608,0.9210407005095373
1285,0.9716666666666667,0.905717325689966,0.8217054263565892,0.905982905982906,0.905717325689966,0.8734274995030809,0.8617886178861788,0.8372827804107424,0.9786059941655803
1286,0.9716666666666667,0.9023082101057478,0.813953488372093,0.9130434782608695,0.9023082101057478,0.8734984833164814,0.860655737704918,0.8320126782884311,0.9786053278343885
1287,0.9741666666666666,0.9173452326667101,0.8449612403100775,0.9083333333333333,0.9173452326667102,0.8849806201550388,0.8755020080321284,0.8569182389937107,0.8922590531783037
1288,0.9716666666666667,0.9023082101057478,0.813953488372093,0.9130434782608695,0.9023082101057478,0.8734984833164814,0.860655737704918,0.8320126782884311,0.9786053278343885
1289,0.9716666666666667,0.905717325689966,0.8217054263565892,0.905982905982906,0.905717325689966,0.8734274995030809,0.8617886178861788,0.8372827804107424,0.9786059941655805
1290,0.9725,0.9095932946822141,0.8294573643410853,0.9067796610169492,0.9095932946822141,0.877285179345684,0.8663967611336033,0.8438485804416405,0.9498236805031547
1291,0.975,0.9144029704905219,0.8372093023255814,0.9230769230769231,0.9144029704905219,0.8888931127012523,0.878048780487805,0.8530805687203793,0.8634754068534944
1292,0.9708333333333333,0.9018413566977179,0.813953488372093,0.9051724137931034,0.9018413566977179,0.8695629510825982,0.8571428571428572,0.8306962025316456,1.0073883078280057
1293,0.9716666666666667,0.9023082101057478,0.813953488372093,0.9130434782608695,0.9023082101057478,0.8734984833164814,0.860655737704918,0.8320126782884311,0.9786053278343885
1294,0.9725,0.9095932946822141,0.8294573643410853,0.9067796610169492,0.9095932946822141,0.877285179345684,0.8663967611336033,0.8438485804416405,0.9498236805031547
1295,0.9683333333333334,0.8936225653051919,0.7984496124031008,0.8956521739130435,0.893622565305192,0.8578842264914055,0.8442622950819673,0.8161648177496038,1.0937359151464743
1296,0.9716666666666667,0.9023082101057478,0.813953488372093,0.9130434782608695,0.9023082101057478,0.8734984833164814,0.860655737704918,0.8320126782884311,0.9786053278343885
1297,0.9725,0.9027750635137777,0.813953488372093,0.9210526315789473,0.9027750635137777,0.8775030599755202,0.8641975308641974,0.8333333333333334,0.9498223478407711
1298,0.9758333333333333,0.921688055066988,0.8527131782945736,0.9166666666666666,0.921688055066988,0.8926065891472867,0.8835341365461846,0.8647798742138364,0.8346937595222608
1299,0.9733333333333334,0.9066510325060257,0.8217054263565892,0.9217391304347826,0.9066510325060257,0.8813056117290192,0.8688524590163934,0.8399366085578447,0.9210400341783456
1300,0.9758333333333333,0.9250971706512062,0.8604651162790697,0.9098360655737705,0.9250971706512062,0.8926505909264201,0.8844621513944223,0.8699059561128527,0.8346944258534524
1301,0.9716666666666667,0.8988990945215296,0.8062015503875969,0.9203539823008849,0.8988990945215296,0.8736944330109077,0.859504132231405,0.8267090620031796,0.9786046615031967
1302,0.9733333333333334,0.9100601480902439,0.8294573643410853,0.9145299145299145,0.910060148090244,0.8811603061021666,0.8699186991869918,0.8451816745655608,0.9210407005095373
1303,0.9733333333333334,0.9066510325060257,0.8217054263565892,0.9217391304347826,0.9066510325060257,0.8813056117290192,0.8688524590163934,0.8399366085578447,0.9210400341783456
1304,0.975,0.9212212016589582,0.8527131782945736,0.9090909090909091,0.9212212016589582,0.8888187103594081,0.88,0.8634222919937204,0.8634767395158781
1305,0.9716666666666667,0.905717325689966,0.8217054263565892,0.905982905982906,0.905717325689966,0.8734274995030809,0.8617886178861788,0.8372827804107424,0.9786059941655803
1306,0.9725,0.9095932946822141,0.8294573643410853,0.9067796610169492,0.9095932946822141,0.877285179345684,0.8663967611336033,0.8438485804416405,0.9498236805031547
1307,0.9741666666666666,0.913936117082492,0.8372093023255814,0.9152542372881356,0.913936117082492,0.8849817698068585,0.8744939271255062,0.8517350157728708,0.8922583868471118
1308,0.975,0.91781208607474,0.8449612403100775,0.9159663865546218,0.91781208607474,0.8887971467656829,0.879032258064516,0.8582677165354329,0.8634760731846863
1309,0.97,0.8979653877054699,0.8062015503875969,0.9043478260869565,0.8979653877054699,0.8656913549039433,0.8524590163934427,0.8240887480190173,1.0361706214904314
1310,0.975,0.9144029704905219,0.8372093023255814,0.9230769230769231,0.9144029704905219,0.8888931127012523,0.878048780487805,0.8530805687203793,0.8634754068534943
1311,0.9725,0.9061841790979959,0.8217054263565892,0.9137931034482759,0.9061841790979959,0.8773325982357658,0.8653061224489796,0.8386075949367089,0.9498230141719629
1312,0.9691666666666666,0.8872711875447854,0.7829457364341085,0.9181818181818182,0.8872711875447854,0.86223044397463,0.8451882845188284,0.8067092651757188,1.0649516024904733
1313,0.9716666666666667,0.905717325689966,0.8217054263565892,0.905982905982906,0.905717325689966,0.8734274995030809,0.8617886178861788,0.8372827804107424,0.9786059941655803
1314,0.9741666666666666,0.913936117082492,0.8372093023255814,0.9152542372881356,0.913936117082492,0.8849817698068585,0.8744939271255062,0.8517350157728708,0.8922583868471118
1315,0.9716666666666667,0.905717325689966,0.8217054263565892,0.905982905982906,0.905717325689966,0.8734274995030809,0.8617886178861788,0.8372827804107424,0.9786059941655803
1316,0.9716666666666667,0.8988990945215296,0.8062015503875969,0.9203539823008849,0.8988990945215296,0.8736944330109077,0.859504132231405,0.8267090620031796,0.9786046615031967
1317,0.9708333333333333,0.9052504722819361,0.8217054263565892,0.8983050847457628,0.9052504722819361,0.8695885888845093,0.8582995951417005,0.8359621451104102,1.0073889741591977
1318,0.9725,0.9061841790979959,0.8217054263565892,0.9137931034482759,0.9061841790979959,0.8773325982357658,0.8653061224489796,0.8386075949367089,0.9498230141719629
1319,0.9775,0.9294399930514842,0.8682170542635659,0.9180327868852459,0.9294399930514843,0.9002082539077393,0.8924302788844621,0.8777429467084639,0.7771291321974095
1320,0.9708333333333333,0.9018413566977179,0.813953488372093,0.9051724137931034,0.9018413566977179,0.8695629510825982,0.8571428571428572,0.8306962025316456,1.0073883078280057
1321,0.9716666666666667,0.8988990945215296,0.8062015503875969,0.9203539823008849,0.8988990945215296,0.8736944330109077,0.859504132231405,0.8267090620031796,0.9786046615031967
1322,0.9758333333333333,0.9182789394827698,0.8449612403100775,0.923728813559322,0.9182789394827698,0.892678360268033,0.8825910931174089,0.8596214511041009,0.8346930931910689
1323,0.9733333333333334,0.9066510325060257,0.8217054263565892,0.9217391304347826,0.9066510325060257,0.8813056117290192,0.8688524590163934,0.8399366085578447,0.9210400341783456
1324,0.97,0.901374503289688,0.813953488372093,0.8974358974358975,0.901374503289688,0.8656946929039953,0.8536585365853658,0.8293838862559242,1.0361712878216232
1325,0.9708333333333333,0.9018413566977179,0.813953488372093,0.9051724137931034,0.9018413566977179,0.8695629510825982,0.8571428571428572,0.8306962025316456,1.0073883078280057
1326,0.9675,0.8897465963129438,0.7906976744186046,0.8947368421052632,0.8897465963129438,0.853967258261934,0.8395061728395061,0.8095238095238094,1.1225182288089002
1327,0.9733333333333334,0.9066510325060257,0.8217054263565892,0.9217391304347826,0.9066510325060257,0.8813056117290192,0.8688524590163934,0.8399366085578447,0.9210400341783456
1328,0.9708333333333333,0.8984322411134997,0.8062015503875969,0.9122807017543859,0.8984322411134997,0.8696577927376581,0.8559670781893004,0.8253968253968255,1.007387641496814
1329,0.9733333333333334,0.9066510325060257,0.8217054263565892,0.9217391304347826,0.9066510325060257,0.8813056117290192,0.8688524590163934,0.8399366085578447,0.9210400341783456
1330,0.9716666666666667,0.905717325689966,0.8217054263565892,0.905982905982906,0.905717325689966,0.8734274995030809,0.8617886178861788,0.8372827804107424,0.9786059941655803
1331,0.97,0.8979653877054699,0.8062015503875969,0.9043478260869565,0.8979653877054699,0.8656913549039433,0.8524590163934427,0.8240887480190173,1.0361706214904316
1332,0.965,0.8713004581677632,0.751937984496124,0.9065420560747663,0.8713004581677634,0.8425733536187785,0.8220338983050847,0.7784911717495986,1.208863837133793
1333,0.97,0.8979653877054699,0.8062015503875969,0.9043478260869565,0.8979653877054699,0.8656913549039433,0.8524590163934427,0.8240887480190173,1.0361706214904316
1334,0.9725,0.9061841790979959,0.8217054263565892,0.9137931034482759,0.9061841790979959,0.8773325982357658,0.8653061224489796,0.8386075949367089,0.9498230141719629
1335,0.9725,0.8993659479295595,0.8062015503875969,0.9285714285714286,0.8993659479295595,0.8778031561461794,0.8630705394190872,0.8280254777070064,0.9498216815095794
1336,0.97,0.8945562721212517,0.7984496124031008,0.911504424778761,0.8945562721212517,0.8658103519242641,0.8512396694214877,0.8187599364069952,1.0361699551592396
1337,0.9716666666666667,0.9023082101057478,0.813953488372093,0.9130434782608695,0.9023082101057478,0.8734984833164814,0.860655737704918,0.8320126782884311,0.9786053278343885
1338,0.9708333333333333,0.9018413566977179,0.813953488372093,0.9051724137931034,0.9018413566977179,0.8695629510825982,0.8571428571428572,0.8306962025316456,1.0073883078280057
1339,0.97,0.901374503289688,0.813953488372093,0.8974358974358975,0.901374503289688,0.8656946929039953,0.8536585365853658,0.8293838862559242,1.0361712878216234
1340,0.97,0.8945562721212517,0.7984496124031008,0.911504424778761,0.8945562721212517,0.8658103519242641,0.8512396694214877,0.8187599364069952,1.0361699551592396
1341,0.9725,0.9027750635137777,0.813953488372093,0.9210526315789473,0.9027750635137777,0.8775030599755202,0.8641975308641974,0.8333333333333334,0.9498223478407711
1342,0.975,0.9144029704905219,0.8372093023255814,0.9230769230769231,0.9144029704905219,0.8888931127012523,0.878048780487805,0.8530805687203793,0.8634754068534944
1343,0.9733333333333334,0.9066510325060257,0.8217054263565892,0.9217391304347826,0.9066510325060257,0.8813056117290192,0.8688524590163934,0.8399366085578447,0.9210400341783456
1344,0.9733333333333334,0.9100601480902439,0.8294573643410853,0.9145299145299145,0.910060148090244,0.8811603061021666,0.8699186991869918,0.8451816745655608,0.9210407005095373
1345,0.9683333333333334,0.8902134497209737,0.7906976744186046,0.9026548672566371,0.8902134497209737,0.8579262708376209,0.8429752066115702,0.8108108108108106,1.0937352488152827
1346,0.9733333333333334,0.9066510325060257,0.8217054263565892,0.9217391304347826,0.9066510325060257,0.8813056117290192,0.8688524590163934,0.8399366085578447,0.9210400341783456
1347,0.9708333333333333,0.8984322411134997,0.8062015503875969,0.9122807017543859,0.8984322411134997,0.8696577927376581,0.8559670781893004,0.8253968253968255,1.007387641496814
1348,0.9708333333333333,0.8984322411134997,0.8062015503875969,0.9122807017543859,0.8984322411134997,0.8696577927376581,0.8559670781893004,0.8253968253968255,1.0073876414968141
1349,0.9708333333333333,0.8984322411134997,0.8062015503875969,0.9122807017543859,0.8984322411134997,0.8696577927376581,0.8559670781893004,0.8253968253968255,1.007387641496814
1350,0.9741666666666666,0.9105270014982738,0.8294573643410853,0.9224137931034483,0.9105270014982738,0.8851022453889336,0.8734693877551021,0.8465189873417721,0.8922577205159198
1351,0.9683333333333334,0.8936225653051919,0.7984496124031008,0.8956521739130435,0.893622565305192,0.8578842264914055,0.8442622950819673,0.8161648177496038,1.0937359151464745
1352,0.9741666666666666,0.9105270014982738,0.8294573643410853,0.9224137931034483,0.9105270014982738,0.8851022453889336,0.8734693877551021,0.8465189873417721,0.89225772051592
1353,0.97,0.8945562721212517,0.7984496124031008,0.911504424778761,0.8945562721212517,0.8658103519242641,0.8512396694214877,0.8187599364069952,1.0361699551592396
1354,0.9741666666666666,0.9207543482509283,0.8527131782945736,0.9016393442622951,0.9207543482509284,0.885092927945101,0.8764940239043824,0.8620689655172413,0.8922597195094955
1355,0.9741666666666666,0.9173452326667101,0.8449612403100775,0.9083333333333333,0.9173452326667102,0.8849806201550388,0.8755020080321284,0.8569182389937107,0.8922590531783037
1356,0.9766666666666667,0.9255640240592361,0.8604651162790697,0.9173553719008265,0.9255640240592361,0.8964102440899482,0.888,0.8712715855572998,0.805911445859835
1357,0.97,0.901374503289688,0.813953488372093,0.8974358974358975,0.901374503289688,0.8656946929039953,0.8536585365853658,0.8293838862559242,1.0361712878216232
1358,0.9766666666666667,0.9221549084750179,0.8527131782945736,0.9243697478991597,0.9221549084750179,0.8964581297635333,0.8870967741935484,0.8661417322834647,0.8059107795286432
1359,0.9708333333333333,0.9018413566977179,0.813953488372093,0.9051724137931034,0.9018413566977179,0.8695629510825982,0.8571428571428572,0.8306962025316456,1.0073883078280057
1360,0.9708333333333333,0.9018413566977179,0.813953488372093,0.9051724137931034,0.9018413566977179,0.8695629510825982,0.8571428571428572,0.8306962025316456,1.0073883078280057
1361,0.9716666666666667,0.8988990945215296,0.8062015503875969,0.9203539823008849,0.8988990945215296,0.8736944330109077,0.859504132231405,0.8267090620031796,0.9786046615031967
1362,0.9725,0.9061841790979959,0.8217054263565892,0.9137931034482759,0.9061841790979959,0.8773325982357658,0.8653061224489796,0.8386075949367089,0.9498230141719629
1363,0.9725,0.9095932946822141,0.8294573643410853,0.9067796610169492,0.9095932946822141,0.877285179345684,0.8663967611336033,0.8438485804416405,0.9498236805031547
1364,0.9708333333333333,0.9018413566977179,0.813953488372093,0.9051724137931034,0.9018413566977179,0.8695629510825982,0.8571428571428572,0.8306962025316456,1.0073883078280057
1365,0.9733333333333334,0.9100601480902439,0.8294573643410853,0.9145299145299145,0.910060148090244,0.8811603061021666,0.8699186991869918,0.8451816745655608,0.9210407005095373
1366,0.9725,0.9061841790979959,0.8217054263565892,0.9137931034482759,0.9061841790979959,0.8773325982357658,0.8653061224489796,0.8386075949367089,0.9498230141719629
1367,0.97,0.901374503289688,0.813953488372093,0.8974358974358975,0.901374503289688,0.8656946929039953,0.8536585365853658,0.8293838862559242,1.0361712878216232
1368,0.9733333333333334,0.9100601480902439,0.8294573643410853,0.9145299145299145,0.910060148090244,0.8811603061021666,0.8699186991869918,0.8451816745655608,0.9210407005095373
1369,0.9741666666666666,0.9071178859140556,0.8217054263565892,0.9298245614035088,0.9071178859140556,0.8853483272133823,0.8724279835390947,0.8412698412698413,0.8922570541847282
1370,0.97,0.8945562721212517,0.7984496124031008,0.911504424778761,0.8945562721212517,0.8658103519242641,0.8512396694214877,0.8187599364069952,1.0361699551592396
1371,0.9716666666666667,0.9023082101057478,0.813953488372093,0.9130434782608695,0.9023082101057478,0.8734984833164814,0.860655737704918,0.8320126782884311,0.9786053278343885
1372,0.9716666666666667,0.9023082101057478,0.813953488372093,0.9130434782608695,0.9023082101057478,0.8734984833164814,0.860655737704918,0.8320126782884311,0.9786053278343885
1373,0.9725,0.9027750635137777,0.813953488372093,0.9210526315789473,0.9027750635137777,0.8775030599755202,0.8641975308641974,0.8333333333333334,0.9498223478407711
1374,0.9675,0.8829283651445075,0.7751937984496124,0.9090909090909091,0.8829283651445075,0.8542256871035941,0.8368200836820083,0.7987220447284344,1.1225168961465164
1375,0.9725,0.9061841790979959,0.8217054263565892,0.9137931034482759,0.9061841790979959,0.8773325982357658,0.8653061224489796,0.8386075949367089,0.9498230141719627
1376,0.975,0.91781208607474,0.8449612403100775,0.9159663865546218,0.91781208607474,0.8887971467656829,0.879032258064516,0.8582677165354329,0.8634760731846863
1377,0.975,0.9212212016589582,0.8527131782945736,0.9090909090909091,0.9212212016589582,0.8888187103594081,0.88,0.8634222919937204,0.8634767395158781
1378,0.9716666666666667,0.9023082101057478,0.813953488372093,0.9130434782608695,0.9023082101057478,0.8734984833164814,0.860655737704918,0.8320126782884311,0.9786053278343885
1379,0.9733333333333334,0.9168783792586802,0.8449612403100775,0.9008264462809917,0.9168783792586802,0.881227176628868,0.8719999999999999,0.8555729984301412,0.921042033171921
1380,0.9733333333333334,0.9168783792586802,0.8449612403100775,0.9008264462809917,0.9168783792586802,0.881227176628868,0.8719999999999999,0.8555729984301412,0.921042033171921
1381,0.9691666666666666,0.8940894187132218,0.7984496124031008,0.9035087719298246,0.8940894187132218,0.861812525499796,0.8477366255144033,0.8174603174603176,1.064952935152857
1382,0.9733333333333334,0.9066510325060257,0.8217054263565892,0.9217391304347826,0.9066510325060257,0.8813056117290192,0.8688524590163934,0.8399366085578447,0.9210400341783456
1383,0.9658333333333333,0.8854037739126659,0.7829457364341085,0.8859649122807017,0.8854037739126659,0.8461219910240717,0.831275720164609,0.8015873015873015,1.180083522464943
1384,0.9708333333333333,0.8984322411134997,0.8062015503875969,0.9122807017543859,0.8984322411134997,0.8696577927376581,0.8559670781893004,0.8253968253968255,1.007387641496814
1385,0.9708333333333333,0.9018413566977179,0.813953488372093,0.9051724137931034,0.9018413566977179,0.8695629510825982,0.8571428571428572,0.8306962025316456,1.0073883078280057
1386,0.9741666666666666,0.9105270014982738,0.8294573643410853,0.9224137931034483,0.9105270014982738,0.8851022453889336,0.8734693877551021,0.8465189873417721,0.89225772051592
1387,0.9691666666666666,0.89749853429744,0.8062015503875969,0.896551724137931,0.89749853429744,0.8617933039294307,0.8489795918367347,0.8227848101265822,1.0649536014840488
1388,0.9733333333333334,0.9100601480902439,0.8294573643410853,0.9145299145299145,0.910060148090244,0.8811603061021666,0.8699186991869918,0.8451816745655608,0.9210407005095373
1389,0.9716666666666667,0.9023082101057478,0.813953488372093,0.9130434782608695,0.9023082101057478,0.8734984833164814,0.860655737704918,0.8320126782884311,0.9786053278343885
1390,0.975,0.9144029704905219,0.8372093023255814,0.9230769230769231,0.9144029704905219,0.8888931127012523,0.878048780487805,0.8530805687203793,0.8634754068534944
1391,0.97,0.8979653877054699,0.8062015503875969,0.9043478260869565,0.8979653877054699,0.8656913549039433,0.8524590163934427,0.8240887480190173,1.0361706214904314
1392,0.97,0.8979653877054699,0.8062015503875969,0.9043478260869565,0.8979653877054699,0.8656913549039433,0.8524590163934427,0.8240887480190173,1.0361706214904316
1393,0.9716666666666667,0.9023082101057478,0.813953488372093,0.9130434782608695,0.9023082101057478,0.8734984833164814,0.860655737704918,0.8320126782884311,0.9786053278343885
1394,0.9691666666666666,0.8906803031290036,0.7906976744186046,0.9107142857142857,0.8906803031290037,0.8619559800664451,0.846473029045643,0.8121019108280255,1.064952268821665
1395,0.9708333333333333,0.8984322411134997,0.8062015503875969,0.9122807017543859,0.8984322411134997,0.8696577927376581,0.8559670781893004,0.8253968253968255,1.007387641496814
1396,0.9733333333333334,0.9134692636744621,0.8372093023255814,0.907563025210084,0.9134692636744621,0.8811361637678327,0.8709677419354839,0.8503937007874015,0.9210413668407291
1397,0.9716666666666667,0.9023082101057478,0.813953488372093,0.9130434782608695,0.9023082101057478,0.8734984833164814,0.860655737704918,0.8320126782884311,0.9786053278343885
1398,0.9758333333333333,0.9182789394827698,0.8449612403100775,0.923728813559322,0.9182789394827698,0.892678360268033,0.8825910931174089,0.8596214511041009,0.8346930931910689
1399,0.97,0.8945562721212517,0.7984496124031008,0.911504424778761,0.8945562721212517,0.8658103519242641,0.8512396694214877,0.8187599364069952,1.0361699551592396
1400,0.9691666666666666,0.8906803031290036,0.7906976744186046,0.9107142857142857,0.8906803031290037,0.8619559800664451,0.846473029045643,0.8121019108280255,1.064952268821665
1401,0.9741666666666666,0.913936117082492,0.8372093023255814,0.9152542372881356,0.913936117082492,0.8849817698068585,0.8744939271255062,0.8517350157728708,0.8922583868471118
1402,0.9725,0.9027750635137777,0.813953488372093,0.9210526315789473,0.9027750635137777,0.8775030599755202,0.8641975308641974,0.8333333333333334,0.9498223478407711
1403,0.9733333333333334,0.9100601480902439,0.8294573643410853,0.9145299145299145,0.910060148090244,0.8811603061021666,0.8699186991869918,0.8451816745655608,0.9210407005095373
1404,0.9716666666666667,0.905717325689966,0.8217054263565892,0.905982905982906,0.905717325689966,0.8734274995030809,0.8617886178861788,0.8372827804107424,0.9786059941655803
1405,0.9716666666666667,0.9023082101057478,0.813953488372093,0.9130434782608695,0.9023082101057478,0.8734984833164814,0.860655737704918,0.8320126782884311,0.9786053278343885
1406,0.9666666666666667,0.8824615117364776,0.7751937984496124,0.9009009009009009,0.8824615117364776,0.8501306830085901,0.8333333333333333,0.7974481658692185,1.1512998761401336
1407,0.9683333333333334,0.8902134497209737,0.7906976744186046,0.9026548672566371,0.8902134497209737,0.8579262708376209,0.8429752066115702,0.8108108108108106,1.0937352488152827
1408,0.9691666666666666,0.8940894187132218,0.7984496124031008,0.9035087719298246,0.8940894187132218,0.861812525499796,0.8477366255144033,0.8174603174603176,1.0649529351528568
1409,0.975,0.9109938549063037,0.8294573643410853,0.9304347826086956,0.9109938549063037,0.8891127401415572,0.8770491803278688,0.8478605388272585,0.8634747405223024
1410,0.975,0.9144029704905219,0.8372093023255814,0.9230769230769231,0.9144029704905219,0.8888931127012523,0.878048780487805,0.8530805687203793,0.8634754068534943
1411,0.9733333333333334,0.9134692636744621,0.8372093023255814,0.907563025210084,0.9134692636744621,0.8811361637678327,0.8709677419354839,0.8503937007874015,0.9210413668407291
1412,0.9758333333333333,0.921688055066988,0.8527131782945736,0.9166666666666666,0.921688055066988,0.8926065891472867,0.8835341365461846,0.8647798742138364,0.8346937595222605
1413,0.975,0.9109938549063037,0.8294573643410853,0.9304347826086956,0.9109938549063037,0.8891127401415572,0.8770491803278688,0.8478605388272585,0.8634747405223024
1414,0.9733333333333334,0.9134692636744621,0.8372093023255814,0.907563025210084,0.9134692636744621,0.8811361637678327,0.8709677419354839,0.8503937007874015,0.9210413668407291
1415,0.9725,0.9095932946822141,0.8294573643410853,0.9067796610169492,0.9095932946822141,0.877285179345684,0.8663967611336033,0.8438485804416405,0.9498236805031547
1416,0.9725,0.9095932946822141,0.8294573643410853,0.9067796610169492,0.9095932946822141,0.877285179345684,0.8663967611336033,0.8438485804416405,0.9498236805031547
1417,0.9716666666666667,0.905717325689966,0.8217054263565892,0.905982905982906,0.905717325689966,0.8734274995030809,0.8617886178861788,0.8372827804107424,0.9786059941655803
1418,0.9691666666666666,0.8940894187132218,0.7984496124031008,0.9035087719298246,0.8940894187132218,0.861812525499796,0.8477366255144033,0.8174603174603176,1.0649529351528568
1419,0.9733333333333334,0.9100601480902439,0.8294573643410853,0.9145299145299145,0.910060148090244,0.8811603061021666,0.8699186991869918,0.8451816745655608,0.9210407005095373
1420,0.9733333333333334,0.9134692636744621,0.8372093023255814,0.907563025210084,0.9134692636744621,0.8811361637678327,0.8709677419354839,0.8503937007874015,0.9210413668407291
1421,0.9725,0.9095932946822141,0.8294573643410853,0.9067796610169492,0.9095932946822141,0.877285179345684,0.8663967611336033,0.8438485804416405,0.9498236805031547
1422,0.9741666666666666,0.9173452326667101,0.8449612403100775,0.9083333333333333,0.9173452326667102,0.8849806201550388,0.8755020080321284,0.8569182389937107,0.8922590531783037
1423,0.9725,0.9061841790979959,0.8217054263565892,0.9137931034482759,0.9061841790979959,0.8773325982357658,0.8653061224489796,0.8386075949367089,0.9498230141719629
1424,0.975,0.9144029704905219,0.8372093023255814,0.9230769230769231,0.9144029704905219,0.8888931127012523,0.878048780487805,0.8530805687203793,0.8634754068534944
1425,0.97,0.8911471565370335,0.7906976744186046,0.918918918918919,0.8911471565370335,0.8660582966687618,0.85,0.8133971291866028,1.0361692888280478
1426,0.9725,0.9027750635137777,0.813953488372093,0.9210526315789473,0.9027750635137777,0.8775030599755202,0.8641975308641974,0.8333333333333334,0.9498223478407711
1427,0.9725,0.9061841790979959,0.8217054263565892,0.9137931034482759,0.9061841790979959,0.8773325982357658,0.8653061224489796,0.8386075949367089,0.9498230141719629
1428,0.97,0.8979653877054699,0.8062015503875969,0.9043478260869565,0.8979653877054699,0.8656913549039433,0.8524590163934427,0.8240887480190173,1.0361706214904314
1429,0.9733333333333334,0.9168783792586802,0.8449612403100775,0.9008264462809917,0.9168783792586802,0.881227176628868,0.8719999999999999,0.8555729984301412,0.921042033171921
1430,0.9708333333333333,0.8984322411134997,0.8062015503875969,0.9122807017543859,0.8984322411134997,0.8696577927376581,0.8559670781893004,0.8253968253968255,1.007387641496814
1431,0.9708333333333333,0.9052504722819361,0.8217054263565892,0.8983050847457628,0.9052504722819361,0.8695885888845093,0.8582995951417005,0.8359621451104102,1.0073889741591977
1432,0.975,0.9109938549063037,0.8294573643410853,0.9304347826086956,0.9109938549063037,0.8891127401415572,0.8770491803278688,0.8478605388272585,0.8634747405223024
1433,0.9741666666666666,0.9173452326667101,0.8449612403100775,0.9083333333333333,0.9173452326667102,0.8849806201550388,0.8755020080321284,0.8569182389937107,0.8922590531783037
1434,0.9716666666666667,0.905717325689966,0.8217054263565892,0.905982905982906,0.905717325689966,0.8734274995030809,0.8617886178861788,0.8372827804107424,0.9786059941655803
1435,0.9716666666666667,0.905717325689966,0.8217054263565892,0.905982905982906,0.905717325689966,0.8734274995030809,0.8617886178861788,0.8372827804107424,0.9786059941655803
1436,0.9758333333333333,0.9148698238985518,0.8372093023255814,0.9310344827586207,0.9148698238985518,0.892871892542101,0.8816326530612245,0.8544303797468354,0.834692426859877
1437,0.975,0.91781208607474,0.8449612403100775,0.9159663865546218,0.91781208607474,0.8887971467656829,0.879032258064516,0.8582677165354329,0.8634760731846863
1438,0.9766666666666667,0.9221549084750179,0.8527131782945736,0.9243697478991597,0.9221549084750179,0.8964581297635333,0.8870967741935484,0.8661417322834647,0.8059107795286433
1439,0.9725,0.9130024102664323,0.8372093023255814,0.9,0.9130024102664323,0.8773546511627908,0.8674698795180723,0.8490566037735848,0.9498243468343465
1440,0.9733333333333334,0.9100601480902439,0.8294573643410853,0.9145299145299145,0.910060148090244,0.8811603061021666,0.8699186991869918,0.8451816745655608,0.9210407005095373
1441,0.9758333333333333,0.921688055066988,0.8527131782945736,0.9166666666666666,0.921688055066988,0.8926065891472867,0.8835341365461846,0.8647798742138364,0.8346937595222608
1442,0.9708333333333333,0.9052504722819361,0.8217054263565892,0.8983050847457628,0.9052504722819361,0.8695885888845093,0.8582995951417005,0.8359621451104102,1.0073889741591977
1443,0.9741666666666666,0.913936117082492,0.8372093023255814,0.9152542372881356,0.913936117082492,0.8849817698068585,0.8744939271255062,0.8517350157728708,0.8922583868471118
1444,0.9691666666666666,0.8940894187132218,0.7984496124031008,0.9035087719298246,0.8940894187132218,0.861812525499796,0.8477366255144033,0.8174603174603176,1.064952935152857
1445,0.975,0.9144029704905219,0.8372093023255814,0.9230769230769231,0.9144029704905219,0.8888931127012523,0.878048780487805,0.8530805687203793,0.8634754068534944
1446,0.9716666666666667,0.9023082101057478,0.813953488372093,0.9130434782608695,0.9023082101057478,0.8734984833164814,0.860655737704918,0.8320126782884311,0.9786053278343885
1447,0.9766666666666667,0.9255640240592361,0.8604651162790697,0.9173553719008265,0.9255640240592361,0.8964102440899482,0.888,0.8712715855572998,0.805911445859835
1448,0.9716666666666667,0.8988990945215296,0.8062015503875969,0.9203539823008849,0.8988990945215296,0.8736944330109077,0.859504132231405,0.8267090620031796,0.9786046615031967
1449,0.9733333333333334,0.9066510325060257,0.8217054263565892,0.9217391304347826,0.9066510325060257,0.8813056117290192,0.8688524590163934,0.8399366085578447,0.9210400341783456
1450,0.975,0.9109938549063037,0.8294573643410853,0.9304347826086956,0.9109938549063037,0.8891127401415572,0.8770491803278688,0.8478605388272585,0.8634747405223024
1451,0.9733333333333334,0.9066510325060257,0.8217054263565892,0.9217391304347826,0.9066510325060257,0.8813056117290192,0.8688524590163934,0.8399366085578447,0.9210400341783456
1452,0.975,0.9109938549063037,0.8294573643410853,0.9304347826086956,0.9109938549063037,0.8891127401415572,0.8770491803278688,0.8478605388272585,0.8634747405223027
1453,0.9683333333333334,0.8936225653051919,0.7984496124031008,0.8956521739130435,0.893622565305192,0.8578842264914055,0.8442622950819673,0.8161648177496038,1.0937359151464745
1454,0.975,0.91781208607474,0.8449612403100775,0.9159663865546218,0.91781208607474,0.8887971467656829,0.879032258064516,0.8582677165354329,0.8634760731846863
1455,0.9775,0.9226217618830478,0.8527131782945736,0.9322033898305084,0.9226217618830478,0.9003749507292077,0.8906882591093117,0.8675078864353313,0.7771277995350259
1456,0.9741666666666666,0.9071178859140556,0.8217054263565892,0.9298245614035088,0.9071178859140556,0.8853483272133823,0.8724279835390947,0.8412698412698413,0.8922570541847282
1457,0.9725,0.9061841790979959,0.8217054263565892,0.9137931034482759,0.9061841790979959,0.8773325982357658,0.8653061224489796,0.8386075949367089,0.9498230141719629
1458,0.9741666666666666,0.913936117082492,0.8372093023255814,0.9152542372881356,0.913936117082492,0.8849817698068585,0.8744939271255062,0.8517350157728708,0.8922583868471118
1459,0.97,0.901374503289688,0.813953488372093,0.8974358974358975,0.901374503289688,0.8656946929039953,0.8536585365853658,0.8293838862559242,1.0361712878216232
1460,0.9691666666666666,0.8940894187132218,0.7984496124031008,0.9035087719298246,0.8940894187132218,0.861812525499796,0.8477366255144033,0.8174603174603176,1.0649529351528568
1461,0.9733333333333334,0.9066510325060257,0.8217054263565892,0.9217391304347826,0.9066510325060257,0.8813056117290192,0.8688524590163934,0.8399366085578447,0.9210400341783456
1462,0.9741666666666666,0.9071178859140556,0.8217054263565892,0.9298245614035088,0.9071178859140556,0.8853483272133823,0.8724279835390947,0.8412698412698413,0.8922570541847282
1463,0.9691666666666666,0.8872711875447854,0.7829457364341085,0.9181818181818182,0.8872711875447854,0.86223044397463,0.8451882845188284,0.8067092651757188,1.0649516024904733
1464,0.9733333333333334,0.9032419169218076,0.813953488372093,0.9292035398230089,0.9032419169218076,0.881578514097551,0.8677685950413223,0.8346581875993642,0.9210393678471538
1465,0.9725,0.9027750635137777,0.813953488372093,0.9210526315789473,0.9027750635137777,0.8775030599755202,0.8641975308641974,0.8333333333333334,0.9498223478407709
1466,0.9741666666666666,0.913936117082492,0.8372093023255814,0.9152542372881356,0.913936117082492,0.8849817698068585,0.8744939271255062,0.8517350157728708,0.8922583868471117
1467,0.9741666666666666,0.913936117082492,0.8372093023255814,0.9152542372881356,0.913936117082492,0.8849817698068585,0.8744939271255062,0.8517350157728708,0.8922583868471118
1468,0.9716666666666667,0.8988990945215296,0.8062015503875969,0.9203539823008849,0.8988990945215296,0.8736944330109077,0.859504132231405,0.8267090620031796,0.9786046615031967
1469,0.9716666666666667,0.9023082101057478,0.813953488372093,0.9130434782608695,0.9023082101057478,0.8734984833164814,0.860655737704918,0.8320126782884311,0.9786053278343885
1470,0.9741666666666666,0.9173452326667101,0.8449612403100775,0.9083333333333333,0.9173452326667102,0.8849806201550388,0.8755020080321284,0.8569182389937107,0.8922590531783037
1471,0.9741666666666666,0.9105270014982738,0.8294573643410853,0.9224137931034483,0.9105270014982738,0.8851022453889336,0.8734693877551021,0.8465189873417721,0.89225772051592
1472,0.975,0.91781208607474,0.8449612403100775,0.9159663865546218,0.91781208607474,0.8887971467656829,0.879032258064516,0.8582677165354329,0.8634760731846863
1473,0.9733333333333334,0.9032419169218076,0.813953488372093,0.9292035398230089,0.9032419169218076,0.881578514097551,0.8677685950413223,0.8346581875993642,0.9210393678471538
1474,0.9725,0.9061841790979959,0.8217054263565892,0.9137931034482759,0.9061841790979959,0.8773325982357658,0.8653061224489796,0.8386075949367089,0.9498230141719629
1475,0.9725,0.9061841790979959,0.8217054263565892,0.9137931034482759,0.9061841790979959,0.8773325982357658,0.8653061224489796,0.8386075949367089,0.9498230141719629
1476,0.9733333333333334,0.9100601480902439,0.8294573643410853,0.9145299145299145,0.910060148090244,0.8811603061021666,0.8699186991869918,0.8451816745655608,0.9210407005095373
1477,0.97,0.8945562721212517,0.7984496124031008,0.911504424778761,0.8945562721212517,0.8658103519242641,0.8512396694214877,0.8187599364069952,1.0361699551592396
1478,0.9716666666666667,0.8988990945215296,0.8062015503875969,0.9203539823008849,0.8988990945215296,0.8736944330109077,0.859504132231405,0.8267090620031796,0.9786046615031967
1479,0.97,0.8979653877054699,0.8062015503875969,0.9043478260869565,0.8979653877054699,0.8656913549039433,0.8524590163934427,0.8240887480190173,1.0361706214904314
1480,0.9725,0.9061841790979959,0.8217054263565892,0.9137931034482759,0.9061841790979959,0.8773325982357658,0.8653061224489796,0.8386075949367089,0.9498230141719627
1481,0.9691666666666666,0.8940894187132218,0.7984496124031008,0.9035087719298246,0.8940894187132218,0.861812525499796,0.8477366255144033,0.8174603174603176,1.064952935152857
1482,0.9691666666666666,0.8940894187132218,0.7984496124031008,0.9035087719298246,0.8940894187132218,0.861812525499796,0.8477366255144033,0.8174603174603176,1.0649529351528568
1483,0.9758333333333333,0.921688055066988,0.8527131782945736,0.9166666666666666,0.921688055066988,0.8926065891472867,0.8835341365461846,0.8647798742138364,0.8346937595222608
1484,0.9741666666666666,0.913936117082492,0.8372093023255814,0.9152542372881356,0.913936117082492,0.8849817698068585,0.8744939271255062,0.8517350157728708,0.8922583868471117
1485,0.9716666666666667,0.9023082101057478,0.813953488372093,0.9130434782608695,0.9023082101057478,0.8734984833164814,0.860655737704918,0.8320126782884311,0.9786053278343885
1486,0.9733333333333334,0.9134692636744621,0.8372093023255814,0.907563025210084,0.9134692636744621,0.8811361637678327,0.8709677419354839,0.8503937007874015,0.9210413668407291
1487,0.9708333333333333,0.9018413566977179,0.813953488372093,0.9051724137931034,0.9018413566977179,0.8695629510825982,0.8571428571428572,0.8306962025316456,1.0073883078280057
1488,0.9733333333333334,0.9100601480902439,0.8294573643410853,0.9145299145299145,0.910060148090244,0.8811603061021666,0.8699186991869918,0.8451816745655608,0.9210407005095373
1489,0.9725,0.9027750635137777,0.813953488372093,0.9210526315789473,0.9027750635137777,0.8775030599755202,0.8641975308641974,0.8333333333333334,0.9498223478407711
1490,0.9708333333333333,0.9018413566977179,0.813953488372093,0.9051724137931034,0.9018413566977179,0.8695629510825982,0.8571428571428572,0.8306962025316456,1.0073883078280057
1491,0.9716666666666667,0.9023082101057478,0.813953488372093,0.9130434782608695,0.9023082101057478,0.8734984833164814,0.860655737704918,0.8320126782884311,0.9786053278343885
1492,0.9716666666666667,0.9023082101057478,0.813953488372093,0.9130434782608695,0.9023082101057478,0.8734984833164814,0.860655737704918,0.8320126782884311,0.9786053278343885
1493,0.9708333333333333,0.9018413566977179,0.813953488372093,0.9051724137931034,0.9018413566977179,0.8695629510825982,0.8571428571428572,0.8306962025316456,1.0073883078280057
1494,0.9741666666666666,0.9105270014982738,0.8294573643410853,0.9224137931034483,0.9105270014982738,0.8851022453889336,0.8734693877551021,0.8465189873417721,0.89225772051592
1495,0.9741666666666666,0.9105270014982738,0.8294573643410853,0.9224137931034483,0.9105270014982738,0.8851022453889336,0.8734693877551021,0.8465189873417721,0.89225772051592
1496,0.9708333333333333,0.8984322411134997,0.8062015503875969,0.9122807017543859,0.8984322411134997,0.8696577927376581,0.8559670781893004,0.8253968253968255,1.007387641496814
1497,0.9683333333333334,0.8902134497209737,0.7906976744186046,0.9026548672566371,0.8902134497209737,0.8579262708376209,0.8429752066115702,0.8108108108108106,1.0937352488152827
1498,0.9708333333333333,0.8984322411134997,0.8062015503875969,0.9122807017543859,0.8984322411134997,0.8696577927376581,0.8559670781893004,0.8253968253968255,1.007387641496814
1499,0.9725,0.9095932946822141,0.8294573643410853,0.9067796610169492,0.9095932946822141,0.877285179345684,0.8663967611336033,0.8438485804416405,0.9498236805031547
1500,0.9716666666666667,0.905717325689966,0.8217054263565892,0.905982905982906,0.905717325689966,0.8734274995030809,0.8617886178861788,0.8372827804107424,0.9786059941655803
1501,0.9733333333333334,0.9100601480902439,0.8294573643410853,0.9145299145299145,0.910060148090244,0.8811603061021666,0.8699186991869918,0.8451816745655608,0.9210407005095373
1502,0.9733333333333334,0.9134692636744621,0.8372093023255814,0.907563025210084,0.9134692636744621,0.8811361637678327,0.8709677419354839,0.8503937007874015,0.9210413668407291
1503,0.9725,0.9027750635137777,0.813953488372093,0.9210526315789473,0.9027750635137777,0.8775030599755202,0.8641975308641974,0.8333333333333334,0.9498223478407711
1504,0.9725,0.9061841790979959,0.8217054263565892,0.9137931034482759,0.9061841790979959,0.8773325982357658,0.8653061224489796,0.8386075949367089,0.9498230141719629
1505,0.9708333333333333,0.9018413566977179,0.813953488372093,0.9051724137931034,0.9018413566977179,0.8695629510825982,0.8571428571428572,0.8306962025316456,1.0073883078280057
1506,0.9725,0.9027750635137777,0.813953488372093,0.9210526315789473,0.9027750635137777,0.8775030599755202,0.8641975308641974,0.8333333333333334,0.9498223478407711
1507,0.9733333333333334,0.9100601480902439,0.8294573643410853,0.9145299145299145,0.910060148090244,0.8811603061021666,0.8699186991869918,0.8451816745655608,0.9210407005095373
1508,0.9708333333333333,0.9018413566977179,0.813953488372093,0.9051724137931034,0.9018413566977179,0.8695629510825982,0.8571428571428572,0.8306962025316456,1.0073883078280057
1509,0.9716666666666667,0.9023082101057478,0.813953488372093,0.9130434782608695,0.9023082101057478,0.8734984833164814,0.860655737704918,0.8320126782884311,0.9786053278343885
1510,0.9741666666666666,0.9071178859140556,0.8217054263565892,0.9298245614035088,0.9071178859140556,0.8853483272133823,0.8724279835390947,0.8412698412698413,0.8922570541847282
1511,0.9775,0.926030877467266,0.8604651162790697,0.925,0.9260308774672661,0.9002325581395348,0.891566265060241,0.8726415094339622,0.7771284658662176
1512,0.9733333333333334,0.9134692636744621,0.8372093023255814,0.907563025210084,0.9134692636744621,0.8811361637678327,0.8709677419354839,0.8503937007874015,0.9210413668407291
1513,0.9691666666666666,0.89749853429744,0.8062015503875969,0.896551724137931,0.89749853429744,0.8617933039294307,0.8489795918367347,0.8227848101265822,1.0649536014840488
1514,0.9725,0.9061841790979959,0.8217054263565892,0.9137931034482759,0.9061841790979959,0.8773325982357658,0.8653061224489796,0.8386075949367089,0.9498230141719629
1515,0.97,0.8979653877054699,0.8062015503875969,0.9043478260869565,0.8979653877054699,0.8656913549039433,0.8524590163934427,0.8240887480190173,1.0361706214904314
1516,0.9683333333333334,0.8868043341367555,0.7829457364341085,0.9099099099099099,0.8868043341367555,0.8580944898386759,0.8416666666666666,0.8054226475279107,1.0937345824840907
1517,0.9708333333333333,0.8950231255292815,0.7984496124031008,0.9196428571428571,0.8950231255292815,0.8698795681063124,0.8547717842323651,0.8200636942675159,1.0073869751656221
1518,0.9716666666666667,0.905717325689966,0.8217054263565892,0.905982905982906,0.905717325689966,0.8734274995030809,0.8617886178861788,0.8372827804107424,0.9786059941655803
1519,0.9716666666666667,0.905717325689966,0.8217054263565892,0.905982905982906,0.905717325689966,0.8734274995030809,0.8617886178861788,0.8372827804107424,0.9786059941655803
1520,0.9725,0.9095932946822141,0.8294573643410853,0.9067796610169492,0.9095932946822141,0.877285179345684,0.8663967611336033,0.8438485804416405,0.9498236805031547
1521,0.9708333333333333,0.8984322411134997,0.8062015503875969,0.9122807017543859,0.8984322411134997,0.8696577927376581,0.8559670781893004,0.8253968253968255,1.007387641496814
1522,0.9733333333333334,0.9066510325060257,0.8217054263565892,0.9217391304347826,0.9066510325060257,0.8813056117290192,0.8688524590163934,0.8399366085578447,0.9210400341783453
1523,0.9733333333333334,0.9032419169218076,0.813953488372093,0.9292035398230089,0.9032419169218076,0.881578514097551,0.8677685950413223,0.8346581875993642,0.9210393678471538
1524,0.97,0.8979653877054699,0.8062015503875969,0.9043478260869565,0.8979653877054699,0.8656913549039433,0.8524590163934427,0.8240887480190173,1.0361706214904314
1525,0.9716666666666667,0.9023082101057478,0.813953488372093,0.9130434782608695,0.9023082101057478,0.8734984833164814,0.860655737704918,0.8320126782884311,0.9786053278343885
1526,0.9733333333333334,0.9100601480902439,0.8294573643410853,0.9145299145299145,0.910060148090244,0.8811603061021666,0.8699186991869918,0.8451816745655608,0.9210407005095373
1527,0.9741666666666666,0.9105270014982738,0.8294573643410853,0.9224137931034483,0.9105270014982738,0.8851022453889336,0.8734693877551021,0.8465189873417721,0.89225772051592
1528,0.9716666666666667,0.8988990945215296,0.8062015503875969,0.9203539823008849,0.8988990945215296,0.8736944330109077,0.859504132231405,0.8267090620031796,0.9786046615031967
1529,0.97,0.8945562721212517,0.7984496124031008,0.911504424778761,0.8945562721212517,0.8658103519242641,0.8512396694214877,0.8187599364069952,1.0361699551592396
1530,0.9733333333333334,0.9100601480902439,0.8294573643410853,0.9145299145299145,0.910060148090244,0.8811603061021666,0.8699186991869918,0.8451816745655608,0.9210407005095373
1531,0.9725,0.9061841790979959,0.8217054263565892,0.9137931034482759,0.9061841790979959,0.8773325982357658,0.8653061224489796,0.8386075949367089,0.9498230141719629
1532,0.9708333333333333,0.9018413566977179,0.813953488372093,0.9051724137931034,0.9018413566977179,0.8695629510825982,0.8571428571428572,0.8306962025316456,1.0073883078280057
1533,0.9716666666666667,0.9023082101057478,0.813953488372093,0.9130434782608695,0.9023082101057478,0.8734984833164814,0.860655737704918,0.8320126782884311,0.9786053278343885
1534,0.9716666666666667,0.9091264412741842,0.8294573643410853,0.8991596638655462,0.9091264412741842,0.8734751807699824,0.8629032258064517,0.8425196850393701,0.978606660496772
1535,0.9708333333333333,0.8916140099450633,0.7906976744186046,0.9272727272727272,0.8916140099450633,0.870235200845666,0.8535564853556484,0.8146964856230033,1.0073863088344304
1536,0.9733333333333334,0.9100601480902439,0.8294573643410853,0.9145299145299145,0.910060148090244,0.8811603061021666,0.8699186991869918,0.8451816745655608,0.9210407005095373
1537,0.9708333333333333,0.8984322411134997,0.8062015503875969,0.9122807017543859,0.8984322411134997,0.8696577927376581,0.8559670781893004,0.8253968253968255,1.007387641496814
1538,0.9683333333333334,0.8868043341367555,0.7829457364341085,0.9099099099099099,0.8868043341367555,0.8580944898386759,0.8416666666666666,0.8054226475279107,1.0937345824840907
1539,0.9716666666666667,0.8988990945215296,0.8062015503875969,0.9203539823008849,0.8988990945215296,0.8736944330109077,0.859504132231405,0.8267090620031796,0.9786046615031967
1540,0.9725,0.9061841790979959,0.8217054263565892,0.9137931034482759,0.9061841790979959,0.8773325982357658,0.8653061224489796,0.8386075949367089,0.9498230141719629
1541,0.9733333333333334,0.9100601480902439,0.8294573643410853,0.9145299145299145,0.910060148090244,0.8811603061021666,0.8699186991869918,0.8451816745655608,0.9210407005095373
1542,0.9725,0.8993659479295595,0.8062015503875969,0.9285714285714286,0.8993659479295595,0.8778031561461794,0.8630705394190872,0.8280254777070064,0.9498216815095794
1543,0.9725,0.9027750635137777,0.813953488372093,0.9210526315789473,0.9027750635137777,0.8775030599755202,0.8641975308641974,0.8333333333333334,0.9498223478407711
1544,0.9725,0.9027750635137777,0.813953488372093,0.9210526315789473,0.9027750635137777,0.8775030599755202,0.8641975308641974,0.8333333333333334,0.9498223478407711
1545,0.9758333333333333,0.9148698238985518,0.8372093023255814,0.9310344827586207,0.9148698238985518,0.892871892542101,0.8816326530612245,0.8544303797468354,0.834692426859877
1546,0.97,0.8979653877054699,0.8062015503875969,0.9043478260869565,0.8979653877054699,0.8656913549039433,0.8524590163934427,0.8240887480190173,1.0361706214904314
1547,0.9725,0.9095932946822141,0.8294573643410853,0.9067796610169492,0.9095932946822141,0.877285179345684,0.8663967611336033,0.8438485804416405,0.9498236805031547
1548,0.9741666666666666,0.9105270014982738,0.8294573643410853,0.9224137931034483,0.9105270014982738,0.8851022453889336,0.8734693877551021,0.8465189873417721,0.89225772051592
1549,0.9708333333333333,0.8950231255292815,0.7984496124031008,0.9196428571428571,0.8950231255292815,0.8698795681063124,0.8547717842323651,0.8200636942675159,1.0073869751656221
1550,0.9741666666666666,0.9105270014982738,0.8294573643410853,0.9224137931034483,0.9105270014982738,0.8851022453889336,0.8734693877551021,0.8465189873417721,0.8922577205159198
1551,0.9716666666666667,0.9023082101057478,0.813953488372093,0.9130434782608695,0.9023082101057478,0.8734984833164814,0.860655737704918,0.8320126782884311,0.9786053278343885
1552,0.9741666666666666,0.913936117082492,0.8372093023255814,0.9152542372881356,0.913936117082492,0.8849817698068585,0.8744939271255062,0.8517350157728708,0.8922583868471118
1553,0.97,0.8911471565370335,0.7906976744186046,0.918918918918919,0.8911471565370335,0.8660582966687618,0.85,0.8133971291866028,1.0361692888280478
1554,0.97,0.901374503289688,0.813953488372093,0.8974358974358975,0.901374503289688,0.8656946929039953,0.8536585365853658,0.8293838862559242,1.0361712878216234
1555,0.9733333333333334,0.9100601480902439,0.8294573643410853,0.9145299145299145,0.910060148090244,0.8811603061021666,0.8699186991869918,0.8451816745655608,0.9210407005095373
1556,0.9725,0.9061841790979959,0.8217054263565892,0.9137931034482759,0.9061841790979959,0.8773325982357658,0.8653061224489796,0.8386075949367089,0.9498230141719629
1557,0.9733333333333334,0.9066510325060257,0.8217054263565892,0.9217391304347826,0.9066510325060257,0.8813056117290192,0.8688524590163934,0.8399366085578447,0.9210400341783456
1558,0.9716666666666667,0.905717325689966,0.8217054263565892,0.905982905982906,0.905717325689966,0.8734274995030809,0.8617886178861788,0.8372827804107424,0.9786059941655803
1559,0.9741666666666666,0.913936117082492,0.8372093023255814,0.9152542372881356,0.913936117082492,0.8849817698068585,0.8744939271255062,0.8517350157728708,0.8922583868471118
1560,0.9725,0.9095932946822141,0.8294573643410853,0.9067796610169492,0.9095932946822141,0.877285179345684,0.8663967611336033,0.8438485804416405,0.9498236805031547
1561,0.9683333333333334,0.8936225653051919,0.7984496124031008,0.8956521739130435,0.893622565305192,0.8578842264914055,0.8442622950819673,0.8161648177496038,1.0937359151464747
1562,0.975,0.9144029704905219,0.8372093023255814,0.9230769230769231,0.9144029704905219,0.8888931127012523,0.878048780487805,0.8530805687203793,0.8634754068534944
1563,0.9725,0.9027750635137777,0.813953488372093,0.9210526315789473,0.9027750635137777,0.8775030599755202,0.8641975308641974,0.8333333333333334,0.9498223478407711
1564,0.9716666666666667,0.9023082101057478,0.813953488372093,0.9130434782608695,0.9023082101057478,0.8734984833164814,0.860655737704918,0.8320126782884311,0.9786053278343885
1565,0.9716666666666667,0.8988990945215296,0.8062015503875969,0.9203539823008849,0.8988990945215296,0.8736944330109077,0.859504132231405,0.8267090620031796,0.9786046615031967
1566,0.97,0.8945562721212517,0.7984496124031008,0.911504424778761,0.8945562721212517,0.8658103519242641,0.8512396694214877,0.8187599364069952,1.0361699551592396
1567,0.9691666666666666,0.8906803031290036,0.7906976744186046,0.9107142857142857,0.8906803031290037,0.8619559800664451,0.846473029045643,0.8121019108280255,1.0649522688216653
1568,0.9741666666666666,0.9105270014982738,0.8294573643410853,0.9224137931034483,0.9105270014982738,0.8851022453889336,0.8734693877551021,0.8465189873417721,0.8922577205159198
1569,0.97,0.8911471565370335,0.7906976744186046,0.918918918918919,0.8911471565370335,0.8660582966687618,0.85,0.8133971291866028,1.0361692888280478
1570,0.9716666666666667,0.8988990945215296,0.8062015503875969,0.9203539823008849,0.8988990945215296,0.8736944330109077,0.859504132231405,0.8267090620031796,0.9786046615031967
1571,0.9708333333333333,0.8950231255292815,0.7984496124031008,0.9196428571428571,0.8950231255292815,0.8698795681063124,0.8547717842323651,0.8200636942675159,1.0073869751656221
1572,0.9725,0.8993659479295595,0.8062015503875969,0.9285714285714286,0.8993659479295595,0.8778031561461794,0.8630705394190872,0.8280254777070064,0.9498216815095794
1573,0.9725,0.9095932946822141,0.8294573643410853,0.9067796610169492,0.9095932946822141,0.877285179345684,0.8663967611336033,0.8438485804416405,0.9498236805031547
1574,0.975,0.9109938549063037,0.8294573643410853,0.9304347826086956,0.9109938549063037,0.8891127401415572,0.8770491803278688,0.8478605388272585,0.8634747405223024
1575,0.9691666666666666,0.8940894187132218,0.7984496124031008,0.9035087719298246,0.8940894187132218,0.861812525499796,0.8477366255144033,0.8174603174603176,1.064952935152857
1576,0.9683333333333334,0.8902134497209737,0.7906976744186046,0.9026548672566371,0.8902134497209737,0.8579262708376209,0.8429752066115702,0.8108108108108106,1.0937352488152827
1577,0.97,0.8979653877054699,0.8062015503875969,0.9043478260869565,0.8979653877054699,0.8656913549039433,0.8524590163934427,0.8240887480190173,1.0361706214904314
1578,0.9733333333333334,0.9066510325060257,0.8217054263565892,0.9217391304347826,0.9066510325060257,0.8813056117290192,0.8688524590163934,0.8399366085578447,0.9210400341783456
1579,0.9683333333333334,0.8868043341367555,0.7829457364341085,0.9099099099099099,0.8868043341367555,0.8580944898386759,0.8416666666666666,0.8054226475279107,1.093734582484091
1580,0.9791666666666666,0.9303736998675439,0.8682170542635659,0.9333333333333333,0.9303736998675439,0.9078585271317829,0.8995983935742972,0.8805031446540881,0.7195631722101747
1581,0.97,0.8945562721212517,0.7984496124031008,0.911504424778761,0.8945562721212517,0.8658103519242641,0.8512396694214877,0.8187599364069952,1.0361699551592396
1582,0.9716666666666667,0.905717325689966,0.8217054263565892,0.905982905982906,0.905717325689966,0.8734274995030809,0.8617886178861788,0.8372827804107424,0.9786059941655803
1583,0.9733333333333334,0.9100601480902439,0.8294573643410853,0.9145299145299145,0.910060148090244,0.8811603061021666,0.8699186991869918,0.8451816745655608,0.9210407005095373
1584,0.97,0.8979653877054699,0.8062015503875969,0.9043478260869565,0.8979653877054699,0.8656913549039433,0.8524590163934427,0.8240887480190173,1.0361706214904314
1585,0.9708333333333333,0.8984322411134997,0.8062015503875969,0.9122807017543859,0.8984322411134997,0.8696577927376581,0.8559670781893004,0.8253968253968255,1.007387641496814
1586,0.9725,0.9061841790979959,0.8217054263565892,0.9137931034482759,0.9061841790979959,0.8773325982357658,0.8653061224489796,0.8386075949367089,0.9498230141719629
1587,0.9708333333333333,0.8984322411134997,0.8062015503875969,0.9122807017543859,0.8984322411134997,0.8696577927376581,0.8559670781893004,0.8253968253968255,1.007387641496814
1588,0.9683333333333334,0.8868043341367555,0.7829457364341085,0.9099099099099099,0.8868043341367555,0.8580944898386759,0.8416666666666666,0.8054226475279107,1.0937345824840907
1589,0.9691666666666666,0.8906803031290036,0.7906976744186046,0.9107142857142857,0.8906803031290037,0.8619559800664451,0.846473029045643,0.8121019108280255,1.0649522688216653
1590,0.9725,0.9061841790979959,0.8217054263565892,0.9137931034482759,0.9061841790979959,0.8773325982357658,0.8653061224489796,0.8386075949367089,0.9498230141719629
1591,0.9716666666666667,0.9023082101057478,0.813953488372093,0.9130434782608695,0.9023082101057478,0.8734984833164814,0.860655737704918,0.8320126782884311,0.9786053278343885
1592,0.9741666666666666,0.9173452326667101,0.8449612403100775,0.9083333333333333,0.9173452326667102,0.8849806201550388,0.8755020080321284,0.8569182389937107,0.8922590531783037
1593,0.9725,0.9027750635137777,0.813953488372093,0.9210526315789473,0.9027750635137777,0.8775030599755202,0.8641975308641974,0.8333333333333334,0.9498223478407711
1594,0.9716666666666667,0.8988990945215296,0.8062015503875969,0.9203539823008849,0.8988990945215296,0.8736944330109077,0.859504132231405,0.8267090620031796,0.9786046615031967
1595,0.9708333333333333,0.9018413566977179,0.813953488372093,0.9051724137931034,0.9018413566977179,0.8695629510825982,0.8571428571428572,0.8306962025316456,1.0073883078280057
1596,0.9675,0.8863374807287256,0.7829457364341085,0.9017857142857143,0.8863374807287256,0.8540323920265781,0.8381742738589212,0.8041401273885349,1.1225175624777082
1597,0.9733333333333334,0.9100601480902439,0.8294573643410853,0.9145299145299145,0.910060148090244,0.8811603061021666,0.8699186991869918,0.8451816745655608,0.9210407005095373
1598,0.9725,0.9027750635137777,0.813953488372093,0.9210526315789473,0.9027750635137777,0.8775030599755202,0.8641975308641974,0.8333333333333334,0.9498223478407711
1599,0.9716666666666667,0.8988990945215296,0.8062015503875969,0.9203539823008849,0.8988990945215296,0.8736944330109077,0.859504132231405,0.8267090620031796,0.9786046615031967
1600,0.9716666666666667,0.905717325689966,0.8217054263565892,0.905982905982906,0.905717325689966,0.8734274995030809,0.8617886178861788,0.8372827804107424,0.9786059941655803
1601,0.9725,0.9061841790979959,0.8217054263565892,0.9137931034482759,0.9061841790979959,0.8773325982357658,0.8653061224489796,0.8386075949367089,0.9498230141719629
1602,0.9691666666666666,0.8872711875447854,0.7829457364341085,0.9181818181818182,0.8872711875447854,0.86223044397463,0.8451882845188284,0.8067092651757188,1.0649516024904733
1603,0.9725,0.9027750635137777,0.813953488372093,0.9210526315789473,0.9027750635137777,0.8775030599755202,0.8641975308641974,0.8333333333333334,0.9498223478407711
1604,0.97,0.8979653877054699,0.8062015503875969,0.9043478260869565,0.8979653877054699,0.8656913549039433,0.8524590163934427,0.8240887480190173,1.0361706214904316
1605,0.9725,0.9061841790979959,0.8217054263565892,0.9137931034482759,0.9061841790979959,0.8773325982357658,0.8653061224489796,0.8386075949367089,0.9498230141719629
1606,0.9741666666666666,0.9105270014982738,0.8294573643410853,0.9224137931034483,0.9105270014982738,0.8851022453889336,0.8734693877551021,0.8465189873417721,0.89225772051592
1607,0.9708333333333333,0.8984322411134997,0.8062015503875969,0.9122807017543859,0.8984322411134997,0.8696577927376581,0.8559670781893004,0.8253968253968255,1.007387641496814
1608,0.9716666666666667,0.9023082101057478,0.813953488372093,0.9130434782608695,0.9023082101057478,0.8734984833164814,0.860655737704918,0.8320126782884311,0.9786053278343887
1609,0.97,0.8877380409528153,0.7829457364341085,0.926605504587156,0.8877380409528153,0.8664422871772988,0.8487394957983192,0.808,1.036168622496856
1610,0.97,0.8911471565370335,0.7906976744186046,0.918918918918919,0.8911471565370335,0.8660582966687618,0.85,0.8133971291866028,1.0361692888280478
1611,0.97,0.8979653877054699,0.8062015503875969,0.9043478260869565,0.8979653877054699,0.8656913549039433,0.8524590163934427,0.8240887480190173,1.0361706214904314
1612,0.975,0.91781208607474,0.8449612403100775,0.9159663865546218,0.91781208607474,0.8887971467656829,0.879032258064516,0.8582677165354329,0.8634760731846863
1613,0.9741666666666666,0.9105270014982738,0.8294573643410853,0.9224137931034483,0.9105270014982738,0.8851022453889336,0.8734693877551021,0.8465189873417721,0.89225772051592
1614,0.9725,0.8993659479295595,0.8062015503875969,0.9285714285714286,0.8993659479295595,0.8778031561461794,0.8630705394190872,0.8280254777070064,0.9498216815095794
1615,0.9716666666666667,0.905717325689966,0.8217054263565892,0.905982905982906,0.905717325689966,0.8734274995030809,0.8617886178861788,0.8372827804107424,0.9786059941655803
1616,0.9741666666666666,0.913936117082492,0.8372093023255814,0.9152542372881356,0.913936117082492,0.8849817698068585,0.8744939271255062,0.8517350157728708,0.8922583868471118
1617,0.9683333333333334,0.8902134497209737,0.7906976744186046,0.9026548672566371,0.8902134497209737,0.8579262708376209,0.8429752066115702,0.8108108108108106,1.0937352488152825
1618,0.9766666666666667,0.9187457928907997,0.8449612403100775,0.9316239316239316,0.9187457928907997,0.896625919300338,0.8861788617886178,0.8609794628751976,0.8059101131974514
1619,0.9708333333333333,0.8984322411134997,0.8062015503875969,0.9122807017543859,0.8984322411134997,0.8696577927376581,0.8559670781893004,0.8253968253968255,1.007387641496814
1620,0.9741666666666666,0.9071178859140556,0.8217054263565892,0.9298245614035088,0.9071178859140556,0.8853483272133823,0.8724279835390947,0.8412698412698413,0.8922570541847282
1621,0.9733333333333334,0.9100601480902439,0.8294573643410853,0.9145299145299145,0.910060148090244,0.8811603061021666,0.8699186991869918,0.8451816745655608,0.9210407005095373
1622,0.97,0.8979653877054699,0.8062015503875969,0.9043478260869565,0.8979653877054699,0.8656913549039433,0.8524590163934427,0.8240887480190173,1.0361706214904314
1623,0.97,0.8945562721212517,0.7984496124031008,0.911504424778761,0.8945562721212517,0.8658103519242641,0.8512396694214877,0.8187599364069952,1.0361699551592396
1624,0.9716666666666667,0.905717325689966,0.8217054263565892,0.905982905982906,0.905717325689966,0.8734274995030809,0.8617886178861788,0.8372827804107424,0.9786059941655803
1625,0.9716666666666667,0.8988990945215296,0.8062015503875969,0.9203539823008849,0.8988990945215296,0.8736944330109077,0.859504132231405,0.8267090620031796,0.9786046615031967
1626,0.9708333333333333,0.8984322411134997,0.8062015503875969,0.9122807017543859,0.8984322411134997,0.8696577927376581,0.8559670781893004,0.8253968253968255,1.007387641496814
1627,0.9741666666666666,0.9105270014982738,0.8294573643410853,0.9224137931034483,0.9105270014982738,0.8851022453889336,0.8734693877551021,0.8465189873417721,0.89225772051592
1628,0.9683333333333334,0.8902134497209737,0.7906976744186046,0.9026548672566371,0.8902134497209737,0.8579262708376209,0.8429752066115702,0.8108108108108106,1.0937352488152825
1629,0.9733333333333334,0.9100601480902439,0.8294573643410853,0.9145299145299145,0.910060148090244,0.8811603061021666,0.8699186991869918,0.8451816745655608,0.9210407005095373
1630,0.9716666666666667,0.9023082101057478,0.813953488372093,0.9130434782608695,0.9023082101057478,0.8734984833164814,0.860655737704918,0.8320126782884311,0.9786053278343885
1631,0.9725,0.9061841790979959,0.8217054263565892,0.9137931034482759,0.9061841790979959,0.8773325982357658,0.8653061224489796,0.8386075949367089,0.9498230141719627
1632,0.9708333333333333,0.8984322411134997,0.8062015503875969,0.9122807017543859,0.8984322411134997,0.8696577927376581,0.8559670781893004,0.8253968253968255,1.007387641496814
1633,0.9725,0.9061841790979959,0.8217054263565892,0.9137931034482759,0.9061841790979959,0.8773325982357658,0.8653061224489796,0.8386075949367089,0.9498230141719629
1634,0.9725,0.9027750635137777,0.813953488372093,0.9210526315789473,0.9027750635137777,0.8775030599755202,0.8641975308641974,0.8333333333333334,0.9498223478407711
1635,0.9716666666666667,0.9091264412741842,0.8294573643410853,0.8991596638655462,0.9091264412741842,0.8734751807699824,0.8629032258064517,0.8425196850393701,0.978606660496772
1636,0.9683333333333334,0.8902134497209737,0.7906976744186046,0.9026548672566371,0.8902134497209737,0.8579262708376209,0.8429752066115702,0.8108108108108106,1.0937352488152825
1637,0.9708333333333333,0.8984322411134997,0.8062015503875969,0.9122807017543859,0.8984322411134997,0.8696577927376581,0.8559670781893004,0.8253968253968255,1.007387641496814
1638,0.9716666666666667,0.8988990945215296,0.8062015503875969,0.9203539823008849,0.8988990945215296,0.8736944330109077,0.859504132231405,0.8267090620031796,0.9786046615031967
1639,0.9691666666666666,0.8906803031290036,0.7906976744186046,0.9107142857142857,0.8906803031290037,0.8619559800664451,0.846473029045643,0.8121019108280255,1.064952268821665
1640,0.97,0.8979653877054699,0.8062015503875969,0.9043478260869565,0.8979653877054699,0.8656913549039433,0.8524590163934427,0.8240887480190173,1.0361706214904314
1641,0.9733333333333334,0.9100601480902439,0.8294573643410853,0.9145299145299145,0.910060148090244,0.8811603061021666,0.8699186991869918,0.8451816745655608,0.9210407005095373
1642,0.9725,0.9095932946822141,0.8294573643410853,0.9067796610169492,0.9095932946822141,0.877285179345684,0.8663967611336033,0.8438485804416405,0.9498236805031547
1643,0.9708333333333333,0.8984322411134997,0.8062015503875969,0.9122807017543859,0.8984322411134997,0.8696577927376581,0.8559670781893004,0.8253968253968255,1.007387641496814
1644,0.9725,0.9027750635137777,0.813953488372093,0.9210526315789473,0.9027750635137777,0.8775030599755202,0.8641975308641974,0.8333333333333334,0.9498223478407711
1645,0.9708333333333333,0.8950231255292815,0.7984496124031008,0.9196428571428571,0.8950231255292815,0.8698795681063124,0.8547717842323651,0.8200636942675159,1.0073869751656221
1646,0.9708333333333333,0.8984322411134997,0.8062015503875969,0.9122807017543859,0.8984322411134997,0.8696577927376581,0.8559670781893004,0.8253968253968255,1.007387641496814
1647,0.9725,0.9095932946822141,0.8294573643410853,0.9067796610169492,0.9095932946822141,0.877285179345684,0.8663967611336033,0.8438485804416405,0.9498236805031547
1648,0.9733333333333334,0.9032419169218076,0.813953488372093,0.9292035398230089,0.9032419169218076,0.881578514097551,0.8677685950413223,0.8346581875993642,0.9210393678471538
1649,0.9741666666666666,0.9105270014982738,0.8294573643410853,0.9224137931034483,0.9105270014982738,0.8851022453889336,0.8734693877551021,0.8465189873417721,0.89225772051592
1650,0.9716666666666667,0.8988990945215296,0.8062015503875969,0.9203539823008849,0.8988990945215296,0.8736944330109077,0.859504132231405,0.8267090620031796,0.9786046615031967
1651,0.97,0.8911471565370335,0.7906976744186046,0.918918918918919,0.8911471565370335,0.8660582966687618,0.85,0.8133971291866028,1.0361692888280478
1652,0.97,0.8979653877054699,0.8062015503875969,0.9043478260869565,0.8979653877054699,0.8656913549039433,0.8524590163934427,0.8240887480190173,1.0361706214904314
1653,0.9725,0.9061841790979959,0.8217054263565892,0.9137931034482759,0.9061841790979959,0.8773325982357658,0.8653061224489796,0.8386075949367089,0.9498230141719629
1654,0.9708333333333333,0.8984322411134997,0.8062015503875969,0.9122807017543859,0.8984322411134997,0.8696577927376581,0.8559670781893004,0.8253968253968255,1.007387641496814
1655,0.9725,0.9061841790979959,0.8217054263565892,0.9137931034482759,0.9061841790979959,0.8773325982357658,0.8653061224489796,0.8386075949367089,0.9498230141719629
1656,0.9708333333333333,0.8950231255292815,0.7984496124031008,0.9196428571428571,0.8950231255292815,0.8698795681063124,0.8547717842323651,0.8200636942675159,1.0073869751656221
1657,0.9733333333333334,0.9032419169218076,0.813953488372093,0.9292035398230089,0.9032419169218076,0.881578514097551,0.8677685950413223,0.8346581875993642,0.9210393678471538
1658,0.9725,0.9061841790979959,0.8217054263565892,0.9137931034482759,0.9061841790979959,0.8773325982357658,0.8653061224489796,0.8386075949367089,0.9498230141719629
1659,0.97,0.8945562721212517,0.7984496124031008,0.911504424778761,0.8945562721212517,0.8658103519242641,0.8512396694214877,0.8187599364069952,1.0361699551592396
1660,0.9708333333333333,0.8950231255292815,0.7984496124031008,0.9196428571428571,0.8950231255292815,0.8698795681063124,0.8547717842323651,0.8200636942675159,1.0073869751656221
1661,0.9733333333333334,0.9066510325060257,0.8217054263565892,0.9217391304347826,0.9066510325060257,0.8813056117290192,0.8688524590163934,0.8399366085578447,0.9210400341783456
1662,0.9733333333333334,0.9100601480902439,0.8294573643410853,0.9145299145299145,0.910060148090244,0.8811603061021666,0.8699186991869918,0.8451816745655608,0.9210407005095373
1663,0.9725,0.9027750635137777,0.813953488372093,0.9210526315789473,0.9027750635137777,0.8775030599755202,0.8641975308641974,0.8333333333333334,0.9498223478407711
1664,0.9725,0.9061841790979959,0.8217054263565892,0.9137931034482759,0.9061841790979959,0.8773325982357658,0.8653061224489796,0.8386075949367089,0.9498230141719629
1665,0.97,0.8979653877054699,0.8062015503875969,0.9043478260869565,0.8979653877054699,0.8656913549039433,0.8524590163934427,0.8240887480190173,1.0361706214904316
1666,0.9716666666666667,0.8988990945215296,0.8062015503875969,0.9203539823008849,0.8988990945215296,0.8736944330109077,0.859504132231405,0.8267090620031796,0.9786046615031967
1667,0.97,0.8911471565370335,0.7906976744186046,0.918918918918919,0.8911471565370335,0.8660582966687618,0.85,0.8133971291866028,1.0361692888280478
1668,0.9683333333333334,0.8902134497209737,0.7906976744186046,0.9026548672566371,0.8902134497209737,0.8579262708376209,0.8429752066115702,0.8108108108108106,1.0937352488152825
1669,0.9691666666666666,0.8906803031290036,0.7906976744186046,0.9107142857142857,0.8906803031290037,0.8619559800664451,0.846473029045643,0.8121019108280255,1.064952268821665
1670,0.97,0.8979653877054699,0.8062015503875969,0.9043478260869565,0.8979653877054699,0.8656913549039433,0.8524590163934427,0.8240887480190173,1.0361706214904316
1671,0.9716666666666667,0.9023082101057478,0.813953488372093,0.9130434782608695,0.9023082101057478,0.8734984833164814,0.860655737704918,0.8320126782884311,0.9786053278343885
1672,0.9708333333333333,0.8950231255292815,0.7984496124031008,0.9196428571428571,0.8950231255292815,0.8698795681063124,0.8547717842323651,0.8200636942675159,1.0073869751656221
1673,0.9725,0.9095932946822141,0.8294573643410853,0.9067796610169492,0.9095932946822141,0.877285179345684,0.8663967611336033,0.8438485804416405,0.9498236805031547
1674,0.9741666666666666,0.913936117082492,0.8372093023255814,0.9152542372881356,0.913936117082492,0.8849817698068585,0.8744939271255062,0.8517350157728708,0.8922583868471118
1675,0.9716666666666667,0.9023082101057478,0.813953488372093,0.9130434782608695,0.9023082101057478,0.8734984833164814,0.860655737704918,0.8320126782884311,0.9786053278343885
1676,0.9708333333333333,0.8950231255292815,0.7984496124031008,0.9196428571428571,0.8950231255292815,0.8698795681063124,0.8547717842323651,0.8200636942675159,1.0073869751656221
1677,0.97,0.8945562721212517,0.7984496124031008,0.911504424778761,0.8945562721212517,0.8658103519242641,0.8512396694214877,0.8187599364069952,1.0361699551592396
1678,0.97,0.8945562721212517,0.7984496124031008,0.911504424778761,0.8945562721212517,0.8658103519242641,0.8512396694214877,0.8187599364069952,1.0361699551592396
1679,0.9741666666666666,0.9105270014982738,0.8294573643410853,0.9224137931034483,0.9105270014982738,0.8851022453889336,0.8734693877551021,0.8465189873417721,0.89225772051592
1680,0.9683333333333334,0.8868043341367555,0.7829457364341085,0.9099099099099099,0.8868043341367555,0.8580944898386759,0.8416666666666666,0.8054226475279107,1.093734582484091
1681,0.9725,0.9095932946822141,0.8294573643410853,0.9067796610169492,0.9095932946822141,0.877285179345684,0.8663967611336033,0.8438485804416405,0.9498236805031547
1682,0.9716666666666667,0.9023082101057478,0.813953488372093,0.9130434782608695,0.9023082101057478,0.8734984833164814,0.860655737704918,0.8320126782884311,0.9786053278343885
1683,0.9716666666666667,0.8988990945215296,0.8062015503875969,0.9203539823008849,0.8988990945215296,0.8736944330109077,0.859504132231405,0.8267090620031796,0.9786046615031967
1684,0.9733333333333334,0.9066510325060257,0.8217054263565892,0.9217391304347826,0.9066510325060257,0.8813056117290192,0.8688524590163934,0.8399366085578447,0.9210400341783456
1685,0.97,0.8945562721212517,0.7984496124031008,0.911504424778761,0.8945562721212517,0.8658103519242641,0.8512396694214877,0.8187599364069952,1.0361699551592396
1686,0.9708333333333333,0.8984322411134997,0.8062015503875969,0.9122807017543859,0.8984322411134997,0.8696577927376581,0.8559670781893004,0.8253968253968255,1.007387641496814
1687,0.9725,0.8993659479295595,0.8062015503875969,0.9285714285714286,0.8993659479295595,0.8778031561461794,0.8630705394190872,0.8280254777070064,0.9498216815095794
1688,0.97,0.8945562721212517,0.7984496124031008,0.911504424778761,0.8945562721212517,0.8658103519242641,0.8512396694214877,0.8187599364069952,1.0361699551592396
1689,0.9716666666666667,0.9023082101057478,0.813953488372093,0.9130434782608695,0.9023082101057478,0.8734984833164814,0.860655737704918,0.8320126782884311,0.9786053278343885
1690,0.97,0.8911471565370335,0.7906976744186046,0.918918918918919,0.8911471565370335,0.8660582966687618,0.85,0.8133971291866028,1.0361692888280478
1691,0.9725,0.9095932946822141,0.8294573643410853,0.9067796610169492,0.9095932946822141,0.877285179345684,0.8663967611336033,0.8438485804416405,0.9498236805031547
1692,0.9716666666666667,0.9023082101057478,0.813953488372093,0.9130434782608695,0.9023082101057478,0.8734984833164814,0.860655737704918,0.8320126782884311,0.9786053278343885
1693,0.9716666666666667,0.9023082101057478,0.813953488372093,0.9130434782608695,0.9023082101057478,0.8734984833164814,0.860655737704918,0.8320126782884311,0.9786053278343885
1694,0.9725,0.9027750635137777,0.813953488372093,0.9210526315789473,0.9027750635137777,0.8775030599755202,0.8641975308641974,0.8333333333333334,0.9498223478407711
1695,0.9733333333333334,0.9066510325060257,0.8217054263565892,0.9217391304347826,0.9066510325060257,0.8813056117290192,0.8688524590163934,0.8399366085578447,0.9210400341783456
1696,0.9708333333333333,0.8984322411134997,0.8062015503875969,0.9122807017543859,0.8984322411134997,0.8696577927376581,0.8559670781893004,0.8253968253968255,1.007387641496814
1697,0.9733333333333334,0.9032419169218076,0.813953488372093,0.9292035398230089,0.9032419169218076,0.881578514097551,0.8677685950413223,0.8346581875993642,0.9210393678471538
1698,0.9716666666666667,0.8988990945215296,0.8062015503875969,0.9203539823008849,0.8988990945215296,0.8736944330109077,0.859504132231405,0.8267090620031796,0.9786046615031967
1699,0.9675,0.8829283651445075,0.7751937984496124,0.9090909090909091,0.8829283651445075,0.8542256871035941,0.8368200836820083,0.7987220447284344,1.1225168961465162
1700,0.9733333333333334,0.9066510325060257,0.8217054263565892,0.9217391304347826,0.9066510325060257,0.8813056117290192,0.8688524590163934,0.8399366085578447,0.9210400341783456
1701,0.9733333333333334,0.9066510325060257,0.8217054263565892,0.9217391304347826,0.9066510325060257,0.8813056117290192,0.8688524590163934,0.8399366085578447,0.9210400341783456
1702,0.9708333333333333,0.8916140099450633,0.7906976744186046,0.9272727272727272,0.8916140099450633,0.870235200845666,0.8535564853556484,0.8146964856230033,1.0073863088344304
1703,0.9716666666666667,0.8988990945215296,0.8062015503875969,0.9203539823008849,0.8988990945215296,0.8736944330109077,0.859504132231405,0.8267090620031796,0.9786046615031967
1704,0.9691666666666666,0.8906803031290036,0.7906976744186046,0.9107142857142857,0.8906803031290037,0.8619559800664451,0.846473029045643,0.8121019108280255,1.0649522688216653
1705,0.9716666666666667,0.905717325689966,0.8217054263565892,0.905982905982906,0.905717325689966,0.8734274995030809,0.8617886178861788,0.8372827804107424,0.9786059941655803
1706,0.9716666666666667,0.9023082101057478,0.813953488372093,0.9130434782608695,0.9023082101057478,0.8734984833164814,0.860655737704918,0.8320126782884311,0.9786053278343885
1707,0.97,0.8945562721212517,0.7984496124031008,0.911504424778761,0.8945562721212517,0.8658103519242641,0.8512396694214877,0.8187599364069952,1.0361699551592396
1708,0.9716666666666667,0.8988990945215296,0.8062015503875969,0.9203539823008849,0.8988990945215296,0.8736944330109077,0.859504132231405,0.8267090620031796,0.9786046615031967
1709,0.97,0.8945562721212517,0.7984496124031008,0.911504424778761,0.8945562721212517,0.8658103519242641,0.8512396694214877,0.8187599364069952,1.0361699551592396
1710,0.9708333333333333,0.8950231255292815,0.7984496124031008,0.9196428571428571,0.8950231255292815,0.8698795681063124,0.8547717842323651,0.8200636942675159,1.0073869751656221
1711,0.9716666666666667,0.9023082101057478,0.813953488372093,0.9130434782608695,0.9023082101057478,0.8734984833164814,0.860655737704918,0.8320126782884311,0.9786053278343885
1712,0.9725,0.8993659479295595,0.8062015503875969,0.9285714285714286,0.8993659479295595,0.8778031561461794,0.8630705394190872,0.8280254777070064,0.9498216815095794
1713,0.9691666666666666,0.8906803031290036,0.7906976744186046,0.9107142857142857,0.8906803031290037,0.8619559800664451,0.846473029045643,0.8121019108280255,1.064952268821665
1714,0.9691666666666666,0.8838620719605672,0.7751937984496124,0.9259259259259259,0.8838620719605672,0.8626431955211026,0.8438818565400844,0.8012820512820513,1.0649509361592815
1715,0.9716666666666667,0.9023082101057478,0.813953488372093,0.9130434782608695,0.9023082101057478,0.8734984833164814,0.860655737704918,0.8320126782884311,0.9786053278343885
1716,0.9708333333333333,0.9018413566977179,0.813953488372093,0.9051724137931034,0.9018413566977179,0.8695629510825982,0.8571428571428572,0.8306962025316456,1.0073883078280057
1717,0.9725,0.9095932946822141,0.8294573643410853,0.9067796610169492,0.9095932946822141,0.877285179345684,0.8663967611336033,0.8438485804416405,0.9498236805031547
1718,0.9758333333333333,0.9148698238985518,0.8372093023255814,0.9310344827586207,0.9148698238985518,0.892871892542101,0.8816326530612245,0.8544303797468354,0.834692426859877
1719,0.9725,0.8993659479295595,0.8062015503875969,0.9285714285714286,0.8993659479295595,0.8778031561461794,0.8630705394190872,0.8280254777070064,0.9498216815095794
1720,0.97,0.8945562721212517,0.7984496124031008,0.911504424778761,0.8945562721212517,0.8658103519242641,0.8512396694214877,0.8187599364069952,1.0361699551592396
1721,0.97,0.8979653877054699,0.8062015503875969,0.9043478260869565,0.8979653877054699,0.8656913549039433,0.8524590163934427,0.8240887480190173,1.0361706214904314
1722,0.9708333333333333,0.8984322411134997,0.8062015503875969,0.9122807017543859,0.8984322411134997,0.8696577927376581,0.8559670781893004,0.8253968253968255,1.007387641496814
1723,0.9733333333333334,0.9066510325060257,0.8217054263565892,0.9217391304347826,0.9066510325060257,0.8813056117290192,0.8688524590163934,0.8399366085578447,0.9210400341783456
1724,0.9733333333333334,0.9066510325060257,0.8217054263565892,0.9217391304347826,0.9066510325060257,0.8813056117290192,0.8688524590163934,0.8399366085578447,0.9210400341783456
1725,0.9691666666666666,0.8838620719605672,0.7751937984496124,0.9259259259259259,0.8838620719605672,0.8626431955211026,0.8438818565400844,0.8012820512820513,1.0649509361592815
1726,0.9675,0.8795192495602893,0.7674418604651163,0.9166666666666666,0.8795192495602894,0.8545542635658914,0.8354430379746837,0.7932692307692308,1.1225162298153244
1727,0.9708333333333333,0.9018413566977179,0.813953488372093,0.9051724137931034,0.9018413566977179,0.8695629510825982,0.8571428571428572,0.8306962025316456,1.0073883078280057
1728,0.9725,0.9027750635137777,0.813953488372093,0.9210526315789473,0.9027750635137777,0.8775030599755202,0.8641975308641974,0.8333333333333334,0.9498223478407711
1729,0.9716666666666667,0.8988990945215296,0.8062015503875969,0.9203539823008849,0.8988990945215296,0.8736944330109077,0.859504132231405,0.8267090620031796,0.9786046615031967
1730,0.9708333333333333,0.8950231255292815,0.7984496124031008,0.9196428571428571,0.8950231255292815,0.8698795681063124,0.8547717842323651,0.8200636942675159,1.0073869751656221
1731,0.9708333333333333,0.8950231255292815,0.7984496124031008,0.9196428571428571,0.8950231255292815,0.8698795681063124,0.8547717842323651,0.8200636942675159,1.0073869751656221
1732,0.9683333333333334,0.8902134497209737,0.7906976744186046,0.9026548672566371,0.8902134497209737,0.8579262708376209,0.8429752066115702,0.8108108108108106,1.0937352488152827
1733,0.9716666666666667,0.9023082101057478,0.813953488372093,0.9130434782608695,0.9023082101057478,0.8734984833164814,0.860655737704918,0.8320126782884311,0.9786053278343885
1734,0.9725,0.9027750635137777,0.813953488372093,0.9210526315789473,0.9027750635137777,0.8775030599755202,0.8641975308641974,0.8333333333333334,0.9498223478407711
1735,0.9708333333333333,0.8984322411134997,0.8062015503875969,0.9122807017543859,0.8984322411134997,0.8696577927376581,0.8559670781893004,0.8253968253968255,1.007387641496814
1736,0.9716666666666667,0.9023082101057478,0.813953488372093,0.9130434782608695,0.9023082101057478,0.8734984833164814,0.860655737704918,0.8320126782884311,0.9786053278343885
1737,0.9716666666666667,0.9023082101057478,0.813953488372093,0.9130434782608695,0.9023082101057478,0.8734984833164814,0.860655737704918,0.8320126782884311,0.9786053278343885
1738,0.9691666666666666,0.8906803031290036,0.7906976744186046,0.9107142857142857,0.8906803031290037,0.8619559800664451,0.846473029045643,0.8121019108280255,1.064952268821665
1739,0.9725,0.9027750635137777,0.813953488372093,0.9210526315789473,0.9027750635137777,0.8775030599755202,0.8641975308641974,0.8333333333333334,0.9498223478407711
1740,0.975,0.9109938549063037,0.8294573643410853,0.9304347826086956,0.9109938549063037,0.8891127401415572,0.8770491803278688,0.8478605388272585,0.8634747405223027
1741,0.9716666666666667,0.9023082101057478,0.813953488372093,0.9130434782608695,0.9023082101057478,0.8734984833164814,0.860655737704918,0.8320126782884311,0.9786053278343885
1742,0.9725,0.9061841790979959,0.8217054263565892,0.9137931034482759,0.9061841790979959,0.8773325982357658,0.8653061224489796,0.8386075949367089,0.9498230141719629
1743,0.9708333333333333,0.8916140099450633,0.7906976744186046,0.9272727272727272,0.8916140099450633,0.870235200845666,0.8535564853556484,0.8146964856230033,1.0073863088344304
1744,0.9716666666666667,0.905717325689966,0.8217054263565892,0.905982905982906,0.905717325689966,0.8734274995030809,0.8617886178861788,0.8372827804107424,0.9786059941655803
1745,0.9733333333333334,0.9066510325060257,0.8217054263565892,0.9217391304347826,0.9066510325060257,0.8813056117290192,0.8688524590163934,0.8399366085578447,0.9210400341783456
1746,0.9683333333333334,0.8902134497209737,0.7906976744186046,0.9026548672566371,0.8902134497209737,0.8579262708376209,0.8429752066115702,0.8108108108108106,1.0937352488152825
1747,0.9733333333333334,0.9168783792586802,0.8449612403100775,0.9008264462809917,0.9168783792586802,0.881227176628868,0.8719999999999999,0.8555729984301412,0.921042033171921
1748,0.9683333333333334,0.8868043341367555,0.7829457364341085,0.9099099099099099,0.8868043341367555,0.8580944898386759,0.8416666666666666,0.8054226475279107,1.093734582484091
1749,0.9708333333333333,0.8950231255292815,0.7984496124031008,0.9196428571428571,0.8950231255292815,0.8698795681063124,0.8547717842323651,0.8200636942675159,1.0073869751656221
1750,0.9741666666666666,0.9071178859140556,0.8217054263565892,0.9298245614035088,0.9071178859140556,0.8853483272133823,0.8724279835390947,0.8412698412698413,0.8922570541847282
1751,0.9708333333333333,0.9018413566977179,0.813953488372093,0.9051724137931034,0.9018413566977179,0.8695629510825982,0.8571428571428572,0.8306962025316456,1.0073883078280057
1752,0.9716666666666667,0.9023082101057478,0.813953488372093,0.9130434782608695,0.9023082101057478,0.8734984833164814,0.860655737704918,0.8320126782884311,0.9786053278343885
1753,0.97,0.8911471565370335,0.7906976744186046,0.918918918918919,0.8911471565370335,0.8660582966687618,0.85,0.8133971291866028,1.0361692888280478
1754,0.97,0.8979653877054699,0.8062015503875969,0.9043478260869565,0.8979653877054699,0.8656913549039433,0.8524590163934427,0.8240887480190173,1.0361706214904316
1755,0.9691666666666666,0.8906803031290036,0.7906976744186046,0.9107142857142857,0.8906803031290037,0.8619559800664451,0.846473029045643,0.8121019108280255,1.0649522688216653
1756,0.9725,0.9027750635137777,0.813953488372093,0.9210526315789473,0.9027750635137777,0.8775030599755202,0.8641975308641974,0.8333333333333334,0.9498223478407711
1757,0.9691666666666666,0.8906803031290036,0.7906976744186046,0.9107142857142857,0.8906803031290037,0.8619559800664451,0.846473029045643,0.8121019108280255,1.0649522688216653
1758,0.9716666666666667,0.8988990945215296,0.8062015503875969,0.9203539823008849,0.8988990945215296,0.8736944330109077,0.859504132231405,0.8267090620031796,0.9786046615031967
1759,0.9725,0.9061841790979959,0.8217054263565892,0.9137931034482759,0.9061841790979959,0.8773325982357658,0.8653061224489796,0.8386075949367089,0.9498230141719629
1760,0.9691666666666666,0.8940894187132218,0.7984496124031008,0.9035087719298246,0.8940894187132218,0.861812525499796,0.8477366255144033,0.8174603174603176,1.064952935152857
1761,0.9725,0.9027750635137777,0.813953488372093,0.9210526315789473,0.9027750635137777,0.8775030599755202,0.8641975308641974,0.8333333333333334,0.9498223478407711
1762,0.9725,0.8993659479295595,0.8062015503875969,0.9285714285714286,0.8993659479295595,0.8778031561461794,0.8630705394190872,0.8280254777070064,0.9498216815095794
1763,0.9708333333333333,0.8984322411134997,0.8062015503875969,0.9122807017543859,0.8984322411134997,0.8696577927376581,0.8559670781893004,0.8253968253968255,1.007387641496814
1764,0.97,0.8911471565370335,0.7906976744186046,0.918918918918919,0.8911471565370335,0.8660582966687618,0.85,0.8133971291866028,1.0361692888280478
1765,0.9691666666666666,0.8906803031290036,0.7906976744186046,0.9107142857142857,0.8906803031290037,0.8619559800664451,0.846473029045643,0.8121019108280255,1.0649522688216653
1766,0.9716666666666667,0.8988990945215296,0.8062015503875969,0.9203539823008849,0.8988990945215296,0.8736944330109077,0.859504132231405,0.8267090620031796,0.9786046615031967
1767,0.9691666666666666,0.8872711875447854,0.7829457364341085,0.9181818181818182,0.8872711875447854,0.86223044397463,0.8451882845188284,0.8067092651757188,1.0649516024904733
1768,0.9725,0.9061841790979959,0.8217054263565892,0.9137931034482759,0.9061841790979959,0.8773325982357658,0.8653061224489796,0.8386075949367089,0.9498230141719629
1769,0.9708333333333333,0.8950231255292815,0.7984496124031008,0.9196428571428571,0.8950231255292815,0.8698795681063124,0.8547717842323651,0.8200636942675159,1.0073869751656221
1770,0.9716666666666667,0.8988990945215296,0.8062015503875969,0.9203539823008849,0.8988990945215296,0.8736944330109077,0.859504132231405,0.8267090620031796,0.9786046615031967
1771,0.9725,0.8993659479295595,0.8062015503875969,0.9285714285714286,0.8993659479295595,0.8778031561461794,0.8630705394190872,0.8280254777070064,0.9498216815095794
1772,0.9708333333333333,0.8984322411134997,0.8062015503875969,0.9122807017543859,0.8984322411134997,0.8696577927376581,0.8559670781893004,0.8253968253968255,1.007387641496814
1773,0.9716666666666667,0.8954899789373114,0.7984496124031008,0.9279279279279279,0.8954899789373114,0.8740221034988476,0.8583333333333333,0.8213716108452951,0.9786039951720049
1774,0.9691666666666666,0.8872711875447854,0.7829457364341085,0.9181818181818182,0.8872711875447854,0.86223044397463,0.8451882845188284,0.8067092651757188,1.0649516024904733
1775,0.97,0.8911471565370335,0.7906976744186046,0.918918918918919,0.8911471565370335,0.8660582966687618,0.85,0.8133971291866028,1.0361692888280478
1776,0.9708333333333333,0.8984322411134997,0.8062015503875969,0.9122807017543859,0.8984322411134997,0.8696577927376581,0.8559670781893004,0.8253968253968255,1.007387641496814
1777,0.9708333333333333,0.8984322411134997,0.8062015503875969,0.9122807017543859,0.8984322411134997,0.8696577927376581,0.8559670781893004,0.8253968253968255,1.007387641496814
1778,0.9708333333333333,0.8950231255292815,0.7984496124031008,0.9196428571428571,0.8950231255292815,0.8698795681063124,0.8547717842323651,0.8200636942675159,1.0073869751656221
1779,0.9725,0.9027750635137777,0.813953488372093,0.9210526315789473,0.9027750635137777,0.8775030599755202,0.8641975308641974,0.8333333333333334,0.9498223478407711
1780,0.9708333333333333,0.8916140099450633,0.7906976744186046,0.9272727272727272,0.8916140099450633,0.870235200845666,0.8535564853556484,0.8146964856230033,1.0073863088344304
1781,0.9708333333333333,0.8950231255292815,0.7984496124031008,0.9196428571428571,0.8950231255292815,0.8698795681063124,0.8547717842323651,0.8200636942675159,1.0073869751656221
1782,0.9716666666666667,0.8988990945215296,0.8062015503875969,0.9203539823008849,0.8988990945215296,0.8736944330109077,0.859504132231405,0.8267090620031796,0.9786046615031967
1783,0.9683333333333334,0.8902134497209737,0.7906976744186046,0.9026548672566371,0.8902134497209737,0.8579262708376209,0.8429752066115702,0.8108108108108106,1.0937352488152825
1784,0.97,0.8945562721212517,0.7984496124031008,0.911504424778761,0.8945562721212517,0.8658103519242641,0.8512396694214877,0.8187599364069952,1.0361699551592398
1785,0.9708333333333333,0.8950231255292815,0.7984496124031008,0.9196428571428571,0.8950231255292815,0.8698795681063124,0.8547717842323651,0.8200636942675159,1.0073869751656221
1786,0.9683333333333334,0.8833952185525373,0.7751937984496124,0.9174311926605505,0.8833952185525373,0.8583958288884148,0.8403361344537815,0.7999999999999999,1.093733916152899
1787,0.9683333333333334,0.8833952185525373,0.7751937984496124,0.9174311926605505,0.8833952185525373,0.8583958288884148,0.8403361344537815,0.7999999999999999,1.093733916152899
1788,0.9683333333333334,0.8833952185525373,0.7751937984496124,0.9174311926605505,0.8833952185525373,0.8583958288884148,0.8403361344537815,0.7999999999999999,1.093733916152899
1789,0.9733333333333334,0.9032419169218076,0.813953488372093,0.9292035398230089,0.9032419169218076,0.881578514097551,0.8677685950413223,0.8346581875993642,0.9210393678471538
1790,0.975,0.9144029704905219,0.8372093023255814,0.9230769230769231,0.9144029704905219,0.8888931127012523,0.878048780487805,0.8530805687203793,0.8634754068534944
1791,0.9716666666666667,0.9023082101057478,0.813953488372093,0.9130434782608695,0.9023082101057478,0.8734984833164814,0.860655737704918,0.8320126782884311,0.9786053278343885
1792,0.9708333333333333,0.8950231255292815,0.7984496124031008,0.9196428571428571,0.8950231255292815,0.8698795681063124,0.8547717842323651,0.8200636942675159,1.0073869751656221
1793,0.9683333333333334,0.8833952185525373,0.7751937984496124,0.9174311926605505,0.8833952185525373,0.8583958288884148,0.8403361344537815,0.7999999999999999,1.093733916152899
1794,0.9708333333333333,0.8916140099450633,0.7906976744186046,0.9272727272727272,0.8916140099450633,0.870235200845666,0.8535564853556484,0.8146964856230033,1.0073863088344304
1795,0.9725,0.9027750635137777,0.813953488372093,0.9210526315789473,0.9027750635137777,0.8775030599755202,0.8641975308641974,0.8333333333333334,0.9498223478407711
1796,0.9716666666666667,0.8988990945215296,0.8062015503875969,0.9203539823008849,0.8988990945215296,0.8736944330109077,0.859504132231405,0.8267090620031796,0.9786046615031967
1797,0.97,0.8911471565370335,0.7906976744186046,0.918918918918919,0.8911471565370335,0.8660582966687618,0.85,0.8133971291866028,1.0361692888280478
1798,0.9716666666666667,0.8954899789373114,0.7984496124031008,0.9279279279279279,0.8954899789373114,0.8740221034988476,0.8583333333333333,0.8213716108452951,0.9786039951720049
1799,0.97,0.8979653877054699,0.8062015503875969,0.9043478260869565,0.8979653877054699,0.8656913549039433,0.8524590163934427,0.8240887480190173,1.0361706214904314
1800,0.9683333333333334,0.8868043341367555,0.7829457364341085,0.9099099099099099,0.8868043341367555,0.8580944898386759,0.8416666666666666,0.8054226475279107,1.093734582484091
1801,0.9733333333333334,0.9066510325060257,0.8217054263565892,0.9217391304347826,0.9066510325060257,0.8813056117290192,0.8688524590163934,0.8399366085578447,0.9210400341783456
1802,0.97,0.8911471565370335,0.7906976744186046,0.918918918918919,0.8911471565370335,0.8660582966687618,0.85,0.8133971291866028,1.0361692888280478
1803,0.9691666666666666,0.8906803031290036,0.7906976744186046,0.9107142857142857,0.8906803031290037,0.8619559800664451,0.846473029045643,0.8121019108280255,1.0649522688216653
1804,0.9725,0.9027750635137777,0.813953488372093,0.9210526315789473,0.9027750635137777,0.8775030599755202,0.8641975308641974,0.8333333333333334,0.9498223478407711
1805,0.9708333333333333,0.8950231255292815,0.7984496124031008,0.9196428571428571,0.8950231255292815,0.8698795681063124,0.8547717842323651,0.8200636942675159,1.0073869751656221
1806,0.9675,0.8795192495602893,0.7674418604651163,0.9166666666666666,0.8795192495602894,0.8545542635658914,0.8354430379746837,0.7932692307692308,1.1225162298153244
1807,0.9683333333333334,0.8868043341367555,0.7829457364341085,0.9099099099099099,0.8868043341367555,0.8580944898386759,0.8416666666666666,0.8054226475279107,1.0937345824840907
1808,0.9708333333333333,0.8950231255292815,0.7984496124031008,0.9196428571428571,0.8950231255292815,0.8698795681063124,0.8547717842323651,0.8200636942675159,1.0073869751656221
1809,0.9708333333333333,0.8984322411134997,0.8062015503875969,0.9122807017543859,0.8984322411134997,0.8696577927376581,0.8559670781893004,0.8253968253968255,1.007387641496814
1810,0.9716666666666667,0.905717325689966,0.8217054263565892,0.905982905982906,0.905717325689966,0.8734274995030809,0.8617886178861788,0.8372827804107424,0.9786059941655803
1811,0.9716666666666667,0.8988990945215296,0.8062015503875969,0.9203539823008849,0.8988990945215296,0.8736944330109077,0.859504132231405,0.8267090620031796,0.9786046615031967
1812,0.9691666666666666,0.89749853429744,0.8062015503875969,0.896551724137931,0.89749853429744,0.8617933039294307,0.8489795918367347,0.8227848101265822,1.0649536014840488
1813,0.97,0.8979653877054699,0.8062015503875969,0.9043478260869565,0.8979653877054699,0.8656913549039433,0.8524590163934427,0.8240887480190173,1.0361706214904314
1814,0.9766666666666667,0.9187457928907997,0.8449612403100775,0.9316239316239316,0.9187457928907997,0.896625919300338,0.8861788617886178,0.8609794628751976,0.8059101131974515
1815,0.97,0.8945562721212517,0.7984496124031008,0.911504424778761,0.8945562721212517,0.8658103519242641,0.8512396694214877,0.8187599364069952,1.0361699551592396
1816,0.9691666666666666,0.8872711875447854,0.7829457364341085,0.9181818181818182,0.8872711875447854,0.86223044397463,0.8451882845188284,0.8067092651757188,1.0649516024904733
1817,0.9733333333333334,0.9066510325060257,0.8217054263565892,0.9217391304347826,0.9066510325060257,0.8813056117290192,0.8688524590163934,0.8399366085578447,0.9210400341783456
1818,0.97,0.8979653877054699,0.8062015503875969,0.9043478260869565,0.8979653877054699,0.8656913549039433,0.8524590163934427,0.8240887480190173,1.0361706214904316
1819,0.9716666666666667,0.8988990945215296,0.8062015503875969,0.9203539823008849,0.8988990945215296,0.8736944330109077,0.859504132231405,0.8267090620031796,0.9786046615031967
1820,0.9708333333333333,0.8950231255292815,0.7984496124031008,0.9196428571428571,0.8950231255292815,0.8698795681063124,0.8547717842323651,0.8200636942675159,1.0073869751656221
1821,0.9683333333333334,0.8868043341367555,0.7829457364341085,0.9099099099099099,0.8868043341367555,0.8580944898386759,0.8416666666666666,0.8054226475279107,1.0937345824840907
1822,0.97,0.8911471565370335,0.7906976744186046,0.918918918918919,0.8911471565370335,0.8660582966687618,0.85,0.8133971291866028,1.0361692888280478
1823,0.9725,0.9027750635137777,0.813953488372093,0.9210526315789473,0.9027750635137777,0.8775030599755202,0.8641975308641974,0.8333333333333334,0.9498223478407709
1824,0.9708333333333333,0.8984322411134997,0.8062015503875969,0.9122807017543859,0.8984322411134997,0.8696577927376581,0.8559670781893004,0.8253968253968255,1.007387641496814
1825,0.9691666666666666,0.8872711875447854,0.7829457364341085,0.9181818181818182,0.8872711875447854,0.86223044397463,0.8451882845188284,0.8067092651757188,1.0649516024904733
1826,0.9683333333333334,0.8833952185525373,0.7751937984496124,0.9174311926605505,0.8833952185525373,0.8583958288884148,0.8403361344537815,0.7999999999999999,1.093733916152899
1827,0.97,0.8979653877054699,0.8062015503875969,0.9043478260869565,0.8979653877054699,0.8656913549039433,0.8524590163934427,0.8240887480190173,1.0361706214904314
1828,0.9716666666666667,0.8988990945215296,0.8062015503875969,0.9203539823008849,0.8988990945215296,0.8736944330109077,0.859504132231405,0.8267090620031796,0.9786046615031967
1829,0.9733333333333334,0.9032419169218076,0.813953488372093,0.9292035398230089,0.9032419169218076,0.881578514097551,0.8677685950413223,0.8346581875993642,0.9210393678471538
1830,0.97,0.8877380409528153,0.7829457364341085,0.926605504587156,0.8877380409528153,0.8664422871772988,0.8487394957983192,0.808,1.036168622496856
1831,0.9725,0.9027750635137777,0.813953488372093,0.9210526315789473,0.9027750635137777,0.8775030599755202,0.8641975308641974,0.8333333333333334,0.9498223478407711
1832,0.9675,0.8795192495602893,0.7674418604651163,0.9166666666666666,0.8795192495602894,0.8545542635658914,0.8354430379746837,0.7932692307692308,1.1225162298153244
1833,0.9716666666666667,0.8954899789373114,0.7984496124031008,0.9279279279279279,0.8954899789373114,0.8740221034988476,0.8583333333333333,0.8213716108452951,0.9786039951720049
1834,0.9691666666666666,0.8872711875447854,0.7829457364341085,0.9181818181818182,0.8872711875447854,0.86223044397463,0.8451882845188284,0.8067092651757188,1.0649516024904733
1835,0.9666666666666667,0.8790523961522594,0.7674418604651163,0.908256880733945,0.8790523961522594,0.8503493705995308,0.8319327731092436,0.7919999999999999,1.1512992098089418
1836,0.97,0.8911471565370335,0.7906976744186046,0.918918918918919,0.8911471565370335,0.8660582966687618,0.85,0.8133971291866028,1.0361692888280478
1837,0.97,0.8877380409528153,0.7829457364341085,0.926605504587156,0.8877380409528153,0.8664422871772988,0.8487394957983192,0.808,1.036168622496856
1838,0.9716666666666667,0.8988990945215296,0.8062015503875969,0.9203539823008849,0.8988990945215296,0.8736944330109077,0.859504132231405,0.8267090620031796,0.9786046615031967
1839,0.9683333333333334,0.8833952185525373,0.7751937984496124,0.9174311926605505,0.8833952185525373,0.8583958288884148,0.8403361344537815,0.7999999999999999,1.093733916152899
1840,0.9666666666666667,0.8824615117364776,0.7751937984496124,0.9009009009009009,0.8824615117364776,0.8501306830085901,0.8333333333333333,0.7974481658692185,1.1512998761401338
1841,0.9683333333333334,0.8868043341367555,0.7829457364341085,0.9099099099099099,0.8868043341367555,0.8580944898386759,0.8416666666666666,0.8054226475279107,1.0937345824840907
1842,0.9733333333333334,0.9066510325060257,0.8217054263565892,0.9217391304347826,0.9066510325060257,0.8813056117290192,0.8688524590163934,0.8399366085578447,0.9210400341783456
1843,0.9708333333333333,0.8984322411134997,0.8062015503875969,0.9122807017543859,0.8984322411134997,0.8696577927376581,0.8559670781893004,0.8253968253968255,1.007387641496814
1844,0.9716666666666667,0.8954899789373114,0.7984496124031008,0.9279279279279279,0.8954899789373114,0.8740221034988476,0.8583333333333333,0.8213716108452951,0.9786039951720049
1845,0.9691666666666666,0.8872711875447854,0.7829457364341085,0.9181818181818182,0.8872711875447854,0.86223044397463,0.8451882845188284,0.8067092651757188,1.0649516024904733
1846,0.9716666666666667,0.8988990945215296,0.8062015503875969,0.9203539823008849,0.8988990945215296,0.8736944330109077,0.859504132231405,0.8267090620031796,0.9786046615031967
1847,0.9733333333333334,0.9066510325060257,0.8217054263565892,0.9217391304347826,0.9066510325060257,0.8813056117290192,0.8688524590163934,0.8399366085578447,0.9210400341783456
1848,0.9708333333333333,0.8950231255292815,0.7984496124031008,0.9196428571428571,0.8950231255292815,0.8698795681063124,0.8547717842323651,0.8200636942675159,1.0073869751656221
1849,0.9716666666666667,0.8988990945215296,0.8062015503875969,0.9203539823008849,0.8988990945215296,0.8736944330109077,0.859504132231405,0.8267090620031796,0.9786046615031967
1850,0.9733333333333334,0.9100601480902439,0.8294573643410853,0.9145299145299145,0.910060148090244,0.8811603061021666,0.8699186991869918,0.8451816745655608,0.9210407005095373
1851,0.9716666666666667,0.9023082101057478,0.813953488372093,0.9130434782608695,0.9023082101057478,0.8734984833164814,0.860655737704918,0.8320126782884311,0.9786053278343885
1852,0.9725,0.8993659479295595,0.8062015503875969,0.9285714285714286,0.8993659479295595,0.8778031561461794,0.8630705394190872,0.8280254777070064,0.9498216815095794
1853,0.9683333333333334,0.8799861029683191,0.7674418604651163,0.9252336448598131,0.8799861029683191,0.8588377526624646,0.8389830508474577,0.7945425361155699,1.093733249821707
1854,0.9708333333333333,0.8916140099450633,0.7906976744186046,0.9272727272727272,0.8916140099450633,0.870235200845666,0.8535564853556484,0.8146964856230033,1.0073863088344304
1855,0.9683333333333334,0.8868043341367555,0.7829457364341085,0.9099099099099099,0.8868043341367555,0.8580944898386759,0.8416666666666666,0.8054226475279107,1.093734582484091
1856,0.9708333333333333,0.8984322411134997,0.8062015503875969,0.9122807017543859,0.8984322411134997,0.8696577927376581,0.8559670781893004,0.8253968253968255,1.007387641496814
1857,0.9683333333333334,0.8868043341367555,0.7829457364341085,0.9099099099099099,0.8868043341367555,0.8580944898386759,0.8416666666666666,0.8054226475279107,1.093734582484091
1858,0.9716666666666667,0.9023082101057478,0.813953488372093,0.9130434782608695,0.9023082101057478,0.8734984833164814,0.860655737704918,0.8320126782884311,0.9786053278343885
1859,0.9691666666666666,0.8872711875447854,0.7829457364341085,0.9181818181818182,0.8872711875447854,0.86223044397463,0.8451882845188284,0.8067092651757188,1.0649516024904733
1860,0.9708333333333333,0.8984322411134997,0.8062015503875969,0.9122807017543859,0.8984322411134997,0.8696577927376581,0.8559670781893004,0.8253968253968255,1.007387641496814
1861,0.97,0.8911471565370335,0.7906976744186046,0.918918918918919,0.8911471565370335,0.8660582966687618,0.85,0.8133971291866028,1.0361692888280478
1862,0.9733333333333334,0.9066510325060257,0.8217054263565892,0.9217391304347826,0.9066510325060257,0.8813056117290192,0.8688524590163934,0.8399366085578447,0.9210400341783456
1863,0.9725,0.9061841790979959,0.8217054263565892,0.9137931034482759,0.9061841790979959,0.8773325982357658,0.8653061224489796,0.8386075949367089,0.9498230141719629
1864,0.9733333333333334,0.9066510325060257,0.8217054263565892,0.9217391304347826,0.9066510325060257,0.8813056117290192,0.8688524590163934,0.8399366085578447,0.9210400341783456
1865,0.9691666666666666,0.8872711875447854,0.7829457364341085,0.9181818181818182,0.8872711875447854,0.86223044397463,0.8451882845188284,0.8067092651757188,1.0649516024904733
1866,0.9691666666666666,0.8906803031290036,0.7906976744186046,0.9107142857142857,0.8906803031290037,0.8619559800664451,0.846473029045643,0.8121019108280255,1.064952268821665
1867,0.97,0.8945562721212517,0.7984496124031008,0.911504424778761,0.8945562721212517,0.8658103519242641,0.8512396694214877,0.8187599364069952,1.0361699551592396
1868,0.9708333333333333,0.8950231255292815,0.7984496124031008,0.9196428571428571,0.8950231255292815,0.8698795681063124,0.8547717842323651,0.8200636942675159,1.0073869751656221
1869,0.9708333333333333,0.8950231255292815,0.7984496124031008,0.9196428571428571,0.8950231255292815,0.8698795681063124,0.8547717842323651,0.8200636942675159,1.0073869751656221
1870,0.9725,0.8993659479295595,0.8062015503875969,0.9285714285714286,0.8993659479295595,0.8778031561461794,0.8630705394190872,0.8280254777070064,0.9498216815095794
1871,0.97,0.8945562721212517,0.7984496124031008,0.911504424778761,0.8945562721212517,0.8658103519242641,0.8512396694214877,0.8187599364069952,1.0361699551592396
1872,0.9708333333333333,0.8984322411134997,0.8062015503875969,0.9122807017543859,0.8984322411134997,0.8696577927376581,0.8559670781893004,0.8253968253968255,1.007387641496814
1873,0.9691666666666666,0.8872711875447854,0.7829457364341085,0.9181818181818182,0.8872711875447854,0.86223044397463,0.8451882845188284,0.8067092651757188,1.0649516024904733
1874,0.9708333333333333,0.8984322411134997,0.8062015503875969,0.9122807017543859,0.8984322411134997,0.8696577927376581,0.8559670781893004,0.8253968253968255,1.007387641496814
1875,0.9658333333333333,0.8751764271600113,0.7596899224806202,0.9074074074074074,0.8751764271600113,0.8464653316106805,0.8270042194092827,0.7852564102564104,1.1800815234713675
1876,0.9683333333333334,0.8902134497209737,0.7906976744186046,0.9026548672566371,0.8902134497209737,0.8579262708376209,0.8429752066115702,0.8108108108108106,1.0937352488152825
1877,0.9716666666666667,0.8954899789373114,0.7984496124031008,0.9279279279279279,0.8954899789373114,0.8740221034988476,0.8583333333333333,0.8213716108452951,0.9786039951720049
1878,0.9733333333333334,0.9032419169218076,0.813953488372093,0.9292035398230089,0.9032419169218076,0.881578514097551,0.8677685950413223,0.8346581875993642,0.9210393678471536
1879,0.9708333333333333,0.8984322411134997,0.8062015503875969,0.9122807017543859,0.8984322411134997,0.8696577927376581,0.8559670781893004,0.8253968253968255,1.007387641496814
1880,0.9683333333333334,0.8833952185525373,0.7751937984496124,0.9174311926605505,0.8833952185525373,0.8583958288884148,0.8403361344537815,0.7999999999999999,1.093733916152899
1881,0.9691666666666666,0.8838620719605672,0.7751937984496124,0.9259259259259259,0.8838620719605672,0.8626431955211026,0.8438818565400844,0.8012820512820513,1.0649509361592815
1882,0.9683333333333334,0.8868043341367555,0.7829457364341085,0.9099099099099099,0.8868043341367555,0.8580944898386759,0.8416666666666666,0.8054226475279107,1.093734582484091
1883,0.9741666666666666,0.913936117082492,0.8372093023255814,0.9152542372881356,0.913936117082492,0.8849817698068585,0.8744939271255062,0.8517350157728708,0.8922583868471118
1884,0.97,0.8911471565370335,0.7906976744186046,0.918918918918919,0.8911471565370335,0.8660582966687618,0.85,0.8133971291866028,1.0361692888280478
1885,0.9683333333333334,0.8833952185525373,0.7751937984496124,0.9174311926605505,0.8833952185525373,0.8583958288884148,0.8403361344537815,0.7999999999999999,1.093733916152899
1886,0.9691666666666666,0.8872711875447854,0.7829457364341085,0.9181818181818182,0.8872711875447854,0.86223044397463,0.8451882845188284,0.8067092651757188,1.0649516024904733
1887,0.9708333333333333,0.8984322411134997,0.8062015503875969,0.9122807017543859,0.8984322411134997,0.8696577927376581,0.8559670781893004,0.8253968253968255,1.007387641496814
1888,0.9708333333333333,0.8950231255292815,0.7984496124031008,0.9196428571428571,0.8950231255292815,0.8698795681063124,0.8547717842323651,0.8200636942675159,1.0073869751656221
1889,0.9691666666666666,0.8838620719605672,0.7751937984496124,0.9259259259259259,0.8838620719605672,0.8626431955211026,0.8438818565400844,0.8012820512820513,1.0649509361592815
1890,0.9675,0.8863374807287256,0.7829457364341085,0.9017857142857143,0.8863374807287256,0.8540323920265781,0.8381742738589212,0.8041401273885349,1.122517562477708
1891,0.9675,0.8829283651445075,0.7751937984496124,0.9090909090909091,0.8829283651445075,0.8542256871035941,0.8368200836820083,0.7987220447284344,1.1225168961465164
1892,0.9675,0.8795192495602893,0.7674418604651163,0.9166666666666666,0.8795192495602894,0.8545542635658914,0.8354430379746837,0.7932692307692308,1.1225162298153244
1893,0.9708333333333333,0.8916140099450633,0.7906976744186046,0.9272727272727272,0.8916140099450633,0.870235200845666,0.8535564853556484,0.8146964856230033,1.0073863088344304
1894,0.9708333333333333,0.8916140099450633,0.7906976744186046,0.9272727272727272,0.8916140099450633,0.870235200845666,0.8535564853556484,0.8146964856230033,1.0073863088344304
1895,0.9708333333333333,0.8950231255292815,0.7984496124031008,0.9196428571428571,0.8950231255292815,0.8698795681063124,0.8547717842323651,0.8200636942675159,1.0073869751656221
1896,0.97,0.8945562721212517,0.7984496124031008,0.911504424778761,0.8945562721212517,0.8658103519242641,0.8512396694214877,0.8187599364069952,1.0361699551592396
1897,0.9708333333333333,0.8950231255292815,0.7984496124031008,0.9196428571428571,0.8950231255292815,0.8698795681063124,0.8547717842323651,0.8200636942675159,1.0073869751656221
1898,0.97,0.8911471565370335,0.7906976744186046,0.918918918918919,0.8911471565370335,0.8660582966687618,0.85,0.8133971291866028,1.0361692888280478
1899,0.9716666666666667,0.8988990945215296,0.8062015503875969,0.9203539823008849,0.8988990945215296,0.8736944330109077,0.859504132231405,0.8267090620031796,0.9786046615031967
1900,0.9675,0.8863374807287256,0.7829457364341085,0.9017857142857143,0.8863374807287256,0.8540323920265781,0.8381742738589212,0.8041401273885349,1.1225175624777082
1901,0.9733333333333334,0.9032419169218076,0.813953488372093,0.9292035398230089,0.9032419169218076,0.881578514097551,0.8677685950413223,0.8346581875993642,0.9210393678471538
1902,0.9683333333333334,0.8868043341367555,0.7829457364341085,0.9099099099099099,0.8868043341367555,0.8580944898386759,0.8416666666666666,0.8054226475279107,1.093734582484091
1903,0.9725,0.9061841790979959,0.8217054263565892,0.9137931034482759,0.9061841790979959,0.8773325982357658,0.8653061224489796,0.8386075949367089,0.9498230141719629
1904,0.9716666666666667,0.8988990945215296,0.8062015503875969,0.9203539823008849,0.8988990945215296,0.8736944330109077,0.859504132231405,0.8267090620031796,0.9786046615031967
1905,0.9683333333333334,0.8833952185525373,0.7751937984496124,0.9174311926605505,0.8833952185525373,0.8583958288884148,0.8403361344537815,0.7999999999999999,1.093733916152899
1906,0.9708333333333333,0.8950231255292815,0.7984496124031008,0.9196428571428571,0.8950231255292815,0.8698795681063124,0.8547717842323651,0.8200636942675159,1.0073869751656221
1907,0.97,0.8945562721212517,0.7984496124031008,0.911504424778761,0.8945562721212517,0.8658103519242641,0.8512396694214877,0.8187599364069952,1.0361699551592396
1908,0.97,0.8945562721212517,0.7984496124031008,0.911504424778761,0.8945562721212517,0.8658103519242641,0.8512396694214877,0.8187599364069952,1.0361699551592396
1909,0.9683333333333334,0.8833952185525373,0.7751937984496124,0.9174311926605505,0.8833952185525373,0.8583958288884148,0.8403361344537815,0.7999999999999999,1.093733916152899
1910,0.9691666666666666,0.8906803031290036,0.7906976744186046,0.9107142857142857,0.8906803031290037,0.8619559800664451,0.846473029045643,0.8121019108280255,1.064952268821665
1911,0.97,0.8945562721212517,0.7984496124031008,0.911504424778761,0.8945562721212517,0.8658103519242641,0.8512396694214877,0.8187599364069952,1.0361699551592396
1912,0.9741666666666666,0.9071178859140556,0.8217054263565892,0.9298245614035088,0.9071178859140556,0.8853483272133823,0.8724279835390947,0.8412698412698413,0.8922570541847282
1913,0.9708333333333333,0.8950231255292815,0.7984496124031008,0.9196428571428571,0.8950231255292815,0.8698795681063124,0.8547717842323651,0.8200636942675159,1.0073869751656221
1914,0.9716666666666667,0.8988990945215296,0.8062015503875969,0.9203539823008849,0.8988990945215296,0.8736944330109077,0.859504132231405,0.8267090620031796,0.9786046615031967
1915,0.9675,0.8829283651445075,0.7751937984496124,0.9090909090909091,0.8829283651445075,0.8542256871035941,0.8368200836820083,0.7987220447284344,1.1225168961465162
1916,0.97,0.8911471565370335,0.7906976744186046,0.918918918918919,0.8911471565370335,0.8660582966687618,0.85,0.8133971291866028,1.0361692888280478
1917,0.9708333333333333,0.8950231255292815,0.7984496124031008,0.9196428571428571,0.8950231255292815,0.8698795681063124,0.8547717842323651,0.8200636942675159,1.0073869751656221
1918,0.9716666666666667,0.9023082101057478,0.813953488372093,0.9130434782608695,0.9023082101057478,0.8734984833164814,0.860655737704918,0.8320126782884311,0.9786053278343885
1919,0.9708333333333333,0.8950231255292815,0.7984496124031008,0.9196428571428571,0.8950231255292815,0.8698795681063124,0.8547717842323651,0.8200636942675159,1.0073869751656221
1920,0.975,0.9109938549063037,0.8294573643410853,0.9304347826086956,0.9109938549063037,0.8891127401415572,0.8770491803278688,0.8478605388272585,0.8634747405223024
1921,0.9691666666666666,0.8872711875447854,0.7829457364341085,0.9181818181818182,0.8872711875447854,0.86223044397463,0.8451882845188284,0.8067092651757188,1.0649516024904733
1922,0.9716666666666667,0.8954899789373114,0.7984496124031008,0.9279279279279279,0.8954899789373114,0.8740221034988476,0.8583333333333333,0.8213716108452951,0.9786039951720049
1923,0.9675,0.8795192495602893,0.7674418604651163,0.9166666666666666,0.8795192495602894,0.8545542635658914,0.8354430379746837,0.7932692307692308,1.1225162298153244
1924,0.9725,0.8993659479295595,0.8062015503875969,0.9285714285714286,0.8993659479295595,0.8778031561461794,0.8630705394190872,0.8280254777070064,0.9498216815095794
1925,0.97,0.8877380409528153,0.7829457364341085,0.926605504587156,0.8877380409528153,0.8664422871772988,0.8487394957983192,0.808,1.036168622496856
1926,0.9691666666666666,0.8906803031290036,0.7906976744186046,0.9107142857142857,0.8906803031290037,0.8619559800664451,0.846473029045643,0.8121019108280255,1.064952268821665
1927,0.9716666666666667,0.9023082101057478,0.813953488372093,0.9130434782608695,0.9023082101057478,0.8734984833164814,0.860655737704918,0.8320126782884311,0.9786053278343885
1928,0.9683333333333334,0.8868043341367555,0.7829457364341085,0.9099099099099099,0.8868043341367555,0.8580944898386759,0.8416666666666666,0.8054226475279107,1.093734582484091
1929,0.9716666666666667,0.8988990945215296,0.8062015503875969,0.9203539823008849,0.8988990945215296,0.8736944330109077,0.859504132231405,0.8267090620031796,0.9786046615031967
1930,0.97,0.8877380409528153,0.7829457364341085,0.926605504587156,0.8877380409528153,0.8664422871772988,0.8487394957983192,0.808,1.036168622496856
1931,0.9716666666666667,0.8988990945215296,0.8062015503875969,0.9203539823008849,0.8988990945215296,0.8736944330109077,0.859504132231405,0.8267090620031796,0.9786046615031967
1932,0.9716666666666667,0.9023082101057478,0.813953488372093,0.9130434782608695,0.9023082101057478,0.8734984833164814,0.860655737704918,0.8320126782884311,0.9786053278343885
1933,0.9716666666666667,0.8988990945215296,0.8062015503875969,0.9203539823008849,0.8988990945215296,0.8736944330109077,0.859504132231405,0.8267090620031796,0.9786046615031967
1934,0.97,0.8945562721212517,0.7984496124031008,0.911504424778761,0.8945562721212517,0.8658103519242641,0.8512396694214877,0.8187599364069952,1.0361699551592396
1935,0.97,0.8911471565370335,0.7906976744186046,0.918918918918919,0.8911471565370335,0.8660582966687618,0.85,0.8133971291866028,1.0361692888280478
1936,0.9691666666666666,0.8906803031290036,0.7906976744186046,0.9107142857142857,0.8906803031290037,0.8619559800664451,0.846473029045643,0.8121019108280255,1.064952268821665
1937,0.9725,0.9027750635137777,0.813953488372093,0.9210526315789473,0.9027750635137777,0.8775030599755202,0.8641975308641974,0.8333333333333334,0.9498223478407711
1938,0.9708333333333333,0.8950231255292815,0.7984496124031008,0.9196428571428571,0.8950231255292815,0.8698795681063124,0.8547717842323651,0.8200636942675159,1.0073869751656221
1939,0.9708333333333333,0.8950231255292815,0.7984496124031008,0.9196428571428571,0.8950231255292815,0.8698795681063124,0.8547717842323651,0.8200636942675159,1.0073869751656221
1940,0.9741666666666666,0.9071178859140556,0.8217054263565892,0.9298245614035088,0.9071178859140556,0.8853483272133823,0.8724279835390947,0.8412698412698413,0.8922570541847282
1941,0.9716666666666667,0.8988990945215296,0.8062015503875969,0.9203539823008849,0.8988990945215296,0.8736944330109077,0.859504132231405,0.8267090620031796,0.9786046615031967
1942,0.97,0.8945562721212517,0.7984496124031008,0.911504424778761,0.8945562721212517,0.8658103519242641,0.8512396694214877,0.8187599364069952,1.0361699551592396
1943,0.9725,0.9061841790979959,0.8217054263565892,0.9137931034482759,0.9061841790979959,0.8773325982357658,0.8653061224489796,0.8386075949367089,0.9498230141719629
1944,0.97,0.8945562721212517,0.7984496124031008,0.911504424778761,0.8945562721212517,0.8658103519242641,0.8512396694214877,0.8187599364069952,1.0361699551592396
1945,0.97,0.8945562721212517,0.7984496124031008,0.911504424778761,0.8945562721212517,0.8658103519242641,0.8512396694214877,0.8187599364069952,1.0361699551592396
1946,0.9691666666666666,0.8872711875447854,0.7829457364341085,0.9181818181818182,0.8872711875447854,0.86223044397463,0.8451882845188284,0.8067092651757188,1.0649516024904733
1947,0.9683333333333334,0.8799861029683191,0.7674418604651163,0.9252336448598131,0.8799861029683191,0.8588377526624646,0.8389830508474577,0.7945425361155699,1.093733249821707
1948,0.97,0.8877380409528153,0.7829457364341085,0.926605504587156,0.8877380409528153,0.8664422871772988,0.8487394957983192,0.808,1.036168622496856
1949,0.9733333333333334,0.9066510325060257,0.8217054263565892,0.9217391304347826,0.9066510325060257,0.8813056117290192,0.8688524590163934,0.8399366085578447,0.9210400341783456
1950,0.9675,0.8829283651445075,0.7751937984496124,0.9090909090909091,0.8829283651445075,0.8542256871035941,0.8368200836820083,0.7987220447284344,1.1225168961465164
1951,0.97,0.8945562721212517,0.7984496124031008,0.911504424778761,0.8945562721212517,0.8658103519242641,0.8512396694214877,0.8187599364069952,1.0361699551592396
1952,0.9708333333333333,0.8984322411134997,0.8062015503875969,0.9122807017543859,0.8984322411134997,0.8696577927376581,0.8559670781893004,0.8253968253968255,1.007387641496814
1953,0.9716666666666667,0.9023082101057478,0.813953488372093,0.9130434782608695,0.9023082101057478,0.8734984833164814,0.860655737704918,0.8320126782884311,0.9786053278343885
1954,0.9716666666666667,0.8988990945215296,0.8062015503875969,0.9203539823008849,0.8988990945215296,0.8736944330109077,0.859504132231405,0.8267090620031796,0.9786046615031967
1955,0.9725,0.8993659479295595,0.8062015503875969,0.9285714285714286,0.8993659479295595,0.8778031561461794,0.8630705394190872,0.8280254777070064,0.9498216815095794
1956,0.9708333333333333,0.8984322411134997,0.8062015503875969,0.9122807017543859,0.8984322411134997,0.8696577927376581,0.8559670781893004,0.8253968253968255,1.007387641496814
1957,0.97,0.8911471565370335,0.7906976744186046,0.918918918918919,0.8911471565370335,0.8660582966687618,0.85,0.8133971291866028,1.0361692888280478
1958,0.9675,0.8863374807287256,0.7829457364341085,0.9017857142857143,0.8863374807287256,0.8540323920265781,0.8381742738589212,0.8041401273885349,1.1225175624777082
1959,0.9691666666666666,0.8872711875447854,0.7829457364341085,0.9181818181818182,0.8872711875447854,0.86223044397463,0.8451882845188284,0.8067092651757188,1.0649516024904733
1960,0.9733333333333334,0.9100601480902439,0.8294573643410853,0.9145299145299145,0.910060148090244,0.8811603061021666,0.8699186991869918,0.8451816745655608,0.9210407005095373
1961,0.9691666666666666,0.8906803031290036,0.7906976744186046,0.9107142857142857,0.8906803031290037,0.8619559800664451,0.846473029045643,0.8121019108280255,1.064952268821665
1962,0.9733333333333334,0.9066510325060257,0.8217054263565892,0.9217391304347826,0.9066510325060257,0.8813056117290192,0.8688524590163934,0.8399366085578447,0.9210400341783456
1963,0.9716666666666667,0.9023082101057478,0.813953488372093,0.9130434782608695,0.9023082101057478,0.8734984833164814,0.860655737704918,0.8320126782884311,0.9786053278343885
1964,0.97,0.8911471565370335,0.7906976744186046,0.918918918918919,0.8911471565370335,0.8660582966687618,0.85,0.8133971291866028,1.0361692888280478
1965,0.97,0.8911471565370335,0.7906976744186046,0.918918918918919,0.8911471565370335,0.8660582966687618,0.85,0.8133971291866028,1.0361692888280478
1966,0.9708333333333333,0.8984322411134997,0.8062015503875969,0.9122807017543859,0.8984322411134997,0.8696577927376581,0.8559670781893004,0.8253968253968255,1.007387641496814
1967,0.9691666666666666,0.8872711875447854,0.7829457364341085,0.9181818181818182,0.8872711875447854,0.86223044397463,0.8451882845188284,0.8067092651757188,1.0649516024904733
1968,0.9675,0.8795192495602893,0.7674418604651163,0.9166666666666666,0.8795192495602894,0.8545542635658914,0.8354430379746837,0.7932692307692308,1.1225162298153244
1969,0.9691666666666666,0.8906803031290036,0.7906976744186046,0.9107142857142857,0.8906803031290037,0.8619559800664451,0.846473029045643,0.8121019108280255,1.064952268821665
1970,0.9708333333333333,0.8984322411134997,0.8062015503875969,0.9122807017543859,0.8984322411134997,0.8696577927376581,0.8559670781893004,0.8253968253968255,1.007387641496814
1971,0.9708333333333333,0.8950231255292815,0.7984496124031008,0.9196428571428571,0.8950231255292815,0.8698795681063124,0.8547717842323651,0.8200636942675159,1.0073869751656221
1972,0.9716666666666667,0.8988990945215296,0.8062015503875969,0.9203539823008849,0.8988990945215296,0.8736944330109077,0.859504132231405,0.8267090620031796,0.9786046615031967
1973,0.9708333333333333,0.8950231255292815,0.7984496124031008,0.9196428571428571,0.8950231255292815,0.8698795681063124,0.8547717842323651,0.8200636942675159,1.0073869751656221
1974,0.9725,0.9027750635137777,0.813953488372093,0.9210526315789473,0.9027750635137777,0.8775030599755202,0.8641975308641974,0.8333333333333334,0.9498223478407711
1975,0.9691666666666666,0.8906803031290036,0.7906976744186046,0.9107142857142857,0.8906803031290037,0.8619559800664451,0.846473029045643,0.8121019108280255,1.0649522688216653
1976,0.9716666666666667,0.8988990945215296,0.8062015503875969,0.9203539823008849,0.8988990945215296,0.8736944330109077,0.859504132231405,0.8267090620031796,0.9786046615031967
1977,0.97,0.8945562721212517,0.7984496124031008,0.911504424778761,0.8945562721212517,0.8658103519242641,0.8512396694214877,0.8187599364069952,1.0361699551592396
1978,0.9725,0.8993659479295595,0.8062015503875969,0.9285714285714286,0.8993659479295595,0.8778031561461794,0.8630705394190872,0.8280254777070064,0.9498216815095794
1979,0.9716666666666667,0.8988990945215296,0.8062015503875969,0.9203539823008849,0.8988990945215296,0.8736944330109077,0.859504132231405,0.8267090620031796,0.9786046615031967
1980,0.9675,0.8829283651445075,0.7751937984496124,0.9090909090909091,0.8829283651445075,0.8542256871035941,0.8368200836820083,0.7987220447284344,1.1225168961465164
1981,0.97,0.8945562721212517,0.7984496124031008,0.911504424778761,0.8945562721212517,0.8658103519242641,0.8512396694214877,0.8187599364069952,1.0361699551592396
1982,0.9733333333333334,0.9032419169218076,0.813953488372093,0.9292035398230089,0.9032419169218076,0.881578514097551,0.8677685950413223,0.8346581875993642,0.9210393678471538
1983,0.97,0.8911471565370335,0.7906976744186046,0.918918918918919,0.8911471565370335,0.8660582966687618,0.85,0.8133971291866028,1.036169288828048
1984,0.9716666666666667,0.8988990945215296,0.8062015503875969,0.9203539823008849,0.8988990945215296,0.8736944330109077,0.859504132231405,0.8267090620031796,0.9786046615031967
1985,0.9716666666666667,0.8988990945215296,0.8062015503875969,0.9203539823008849,0.8988990945215296,0.8736944330109077,0.859504132231405,0.8267090620031796,0.9786046615031967
1986,0.9691666666666666,0.8906803031290036,0.7906976744186046,0.9107142857142857,0.8906803031290037,0.8619559800664451,0.846473029045643,0.8121019108280255,1.064952268821665
1987,0.9675,0.8829283651445075,0.7751937984496124,0.9090909090909091,0.8829283651445075,0.8542256871035941,0.8368200836820083,0.7987220447284344,1.1225168961465164
1988,0.9691666666666666,0.8906803031290036,0.7906976744186046,0.9107142857142857,0.8906803031290037,0.8619559800664451,0.846473029045643,0.8121019108280255,1.064952268821665
1989,0.97,0.8979653877054699,0.8062015503875969,0.9043478260869565,0.8979653877054699,0.8656913549039433,0.8524590163934427,0.8240887480190173,1.0361706214904314
1990,0.9666666666666667,0.8756432805680412,0.7596899224806202,0.9158878504672897,0.8756432805680412,0.8507055531406216,0.8305084745762713,0.7865168539325843,1.15129854347775
1991,0.9691666666666666,0.8906803031290036,0.7906976744186046,0.9107142857142857,0.8906803031290037,0.8619559800664451,0.846473029045643,0.8121019108280255,1.064952268821665
1992,0.97,0.8911471565370335,0.7906976744186046,0.918918918918919,0.8911471565370335,0.8660582966687618,0.85,0.8133971291866028,1.0361692888280478
1993,0.97,0.8945562721212517,0.7984496124031008,0.911504424778761,0.8945562721212517,0.8658103519242641,0.8512396694214877,0.8187599364069952,1.0361699551592396
1994,0.97,0.8911471565370335,0.7906976744186046,0.918918918918919,0.8911471565370335,0.8660582966687618,0.85,0.8133971291866028,1.0361692888280478
1995,0.9683333333333334,0.8868043341367555,0.7829457364341085,0.9099099099099099,0.8868043341367555,0.8580944898386759,0.8416666666666666,0.8054226475279107,1.0937345824840907
1996,0.97,0.8911471565370335,0.7906976744186046,0.918918918918919,0.8911471565370335,0.8660582966687618,0.85,0.8133971291866028,1.0361692888280478
1997,0.9708333333333333,0.8984322411134997,0.8062015503875969,0.9122807017543859,0.8984322411134997,0.8696577927376581,0.8559670781893004,0.8253968253968255,1.007387641496814
1998,0.97,0.8945562721212517,0.7984496124031008,0.911504424778761,0.8945562721212517,0.8658103519242641,0.8512396694214877,0.8187599364069952,1.0361699551592396
1999,0.9708333333333333,0.8916140099450633,0.7906976744186046,0.9272727272727272,0.8916140099450633,0.870235200845666,0.8535564853556484,0.8146964856230033,1.0073863088344304
2000,0.9691666666666666,0.8906803031290036,0.7906976744186046,0.9107142857142857,0.8906803031290037,0.8619559800664451,0.846473029045643,0.8121019108280255,1.064952268821665
2001,0.9708333333333333,0.8950231255292815,0.7984496124031008,0.9196428571428571,0.8950231255292815,0.8698795681063124,0.8547717842323651,0.8200636942675159,1.0073869751656221
2002,0.9691666666666666,0.8940894187132218,0.7984496124031008,0.9035087719298246,0.8940894187132218,0.861812525499796,0.8477366255144033,0.8174603174603176,1.064952935152857
2003,0.9691666666666666,0.8906803031290036,0.7906976744186046,0.9107142857142857,0.8906803031290037,0.8619559800664451,0.846473029045643,0.8121019108280255,1.064952268821665
2004,0.9733333333333334,0.9066510325060257,0.8217054263565892,0.9217391304347826,0.9066510325060257,0.8813056117290192,0.8688524590163934,0.8399366085578447,0.9210400341783456
2005,0.965,0.8747095737519814,0.7596899224806202,0.8990825688073395,0.8747095737519816,0.8423029123106465,0.823529411764706,0.784,1.208864503464985
2006,0.9708333333333333,0.9018413566977179,0.813953488372093,0.9051724137931034,0.9018413566977179,0.8695629510825982,0.8571428571428572,0.8306962025316456,1.0073883078280057
2007,0.9675,0.8829283651445075,0.7751937984496124,0.9090909090909091,0.8829283651445075,0.8542256871035941,0.8368200836820083,0.7987220447284344,1.1225168961465164
2008,0.9691666666666666,0.8872711875447854,0.7829457364341085,0.9181818181818182,0.8872711875447854,0.86223044397463,0.8451882845188284,0.8067092651757188,1.0649516024904733
2009,0.9691666666666666,0.8906803031290036,0.7906976744186046,0.9107142857142857,0.8906803031290037,0.8619559800664451,0.846473029045643,0.8121019108280255,1.064952268821665
2010,0.97,0.8911471565370335,0.7906976744186046,0.918918918918919,0.8911471565370335,0.8660582966687618,0.85,0.8133971291866028,1.0361692888280478
2011,0.9683333333333334,0.8868043341367555,0.7829457364341085,0.9099099099099099,0.8868043341367555,0.8580944898386759,0.8416666666666666,0.8054226475279107,1.093734582484091
2012,0.9708333333333333,0.8950231255292815,0.7984496124031008,0.9196428571428571,0.8950231255292815,0.8698795681063124,0.8547717842323651,0.8200636942675159,1.0073869751656221
2013,0.97,0.8911471565370335,0.7906976744186046,0.918918918918919,0.8911471565370335,0.8660582966687618,0.85,0.8133971291866028,1.0361692888280478
2014,0.9725,0.8993659479295595,0.8062015503875969,0.9285714285714286,0.8993659479295595,0.8778031561461794,0.8630705394190872,0.8280254777070064,0.9498216815095791
2015,0.9716666666666667,0.8988990945215296,0.8062015503875969,0.9203539823008849,0.8988990945215296,0.8736944330109077,0.859504132231405,0.8267090620031796,0.9786046615031967
2016,0.9716666666666667,0.8988990945215296,0.8062015503875969,0.9203539823008849,0.8988990945215296,0.8736944330109077,0.859504132231405,0.8267090620031796,0.9786046615031967
2017,0.9691666666666666,0.8906803031290036,0.7906976744186046,0.9107142857142857,0.8906803031290037,0.8619559800664451,0.846473029045643,0.8121019108280255,1.064952268821665
2018,0.9708333333333333,0.8950231255292815,0.7984496124031008,0.9196428571428571,0.8950231255292815,0.8698795681063124,0.8547717842323651,0.8200636942675159,1.0073869751656221
2019,0.9666666666666667,0.8790523961522594,0.7674418604651163,0.908256880733945,0.8790523961522594,0.8503493705995308,0.8319327731092436,0.7919999999999999,1.1512992098089418
2020,0.9675,0.8829283651445075,0.7751937984496124,0.9090909090909091,0.8829283651445075,0.8542256871035941,0.8368200836820083,0.7987220447284344,1.1225168961465162
2021,0.9708333333333333,0.8950231255292815,0.7984496124031008,0.9196428571428571,0.8950231255292815,0.8698795681063124,0.8547717842323651,0.8200636942675159,1.0073869751656221
2022,0.9683333333333334,0.8868043341367555,0.7829457364341085,0.9099099099099099,0.8868043341367555,0.8580944898386759,0.8416666666666666,0.8054226475279107,1.093734582484091
2023,0.9683333333333334,0.8868043341367555,0.7829457364341085,0.9099099099099099,0.8868043341367555,0.8580944898386759,0.8416666666666666,0.8054226475279107,1.0937345824840907
2024,0.9733333333333334,0.9100601480902439,0.8294573643410853,0.9145299145299145,0.910060148090244,0.8811603061021666,0.8699186991869918,0.8451816745655608,0.9210407005095373
2025,0.9691666666666666,0.8872711875447854,0.7829457364341085,0.9181818181818182,0.8872711875447854,0.86223044397463,0.8451882845188284,0.8067092651757188,1.0649516024904733
2026,0.9691666666666666,0.8872711875447854,0.7829457364341085,0.9181818181818182,0.8872711875447854,0.86223044397463,0.8451882845188284,0.8067092651757188,1.0649516024904733
2027,0.9741666666666666,0.9105270014982738,0.8294573643410853,0.9224137931034483,0.9105270014982738,0.8851022453889336,0.8734693877551021,0.8465189873417721,0.89225772051592
2028,0.9716666666666667,0.8988990945215296,0.8062015503875969,0.9203539823008849,0.8988990945215296,0.8736944330109077,0.859504132231405,0.8267090620031796,0.9786046615031967
2029,0.9666666666666667,0.8790523961522594,0.7674418604651163,0.908256880733945,0.8790523961522594,0.8503493705995308,0.8319327731092436,0.7919999999999999,1.1512992098089418
2030,0.9716666666666667,0.8988990945215296,0.8062015503875969,0.9203539823008849,0.8988990945215296,0.8736944330109077,0.859504132231405,0.8267090620031796,0.9786046615031967
2031,0.9675,0.8795192495602893,0.7674418604651163,0.9166666666666666,0.8795192495602894,0.8545542635658914,0.8354430379746837,0.7932692307692308,1.1225162298153244
2032,0.9683333333333334,0.8833952185525373,0.7751937984496124,0.9174311926605505,0.8833952185525373,0.8583958288884148,0.8403361344537815,0.7999999999999999,1.093733916152899
2033,0.9691666666666666,0.8872711875447854,0.7829457364341085,0.9181818181818182,0.8872711875447854,0.86223044397463,0.8451882845188284,0.8067092651757188,1.0649516024904733
2034,0.9683333333333334,0.8833952185525373,0.7751937984496124,0.9174311926605505,0.8833952185525373,0.8583958288884148,0.8403361344537815,0.7999999999999999,1.093733916152899
2035,0.9691666666666666,0.8906803031290036,0.7906976744186046,0.9107142857142857,0.8906803031290037,0.8619559800664451,0.846473029045643,0.8121019108280255,1.0649522688216653
2036,0.9691666666666666,0.8872711875447854,0.7829457364341085,0.9181818181818182,0.8872711875447854,0.86223044397463,0.8451882845188284,0.8067092651757188,1.0649516024904733
2037,0.9708333333333333,0.8916140099450633,0.7906976744186046,0.9272727272727272,0.8916140099450633,0.870235200845666,0.8535564853556484,0.8146964856230033,1.0073863088344304
2038,0.97,0.8911471565370335,0.7906976744186046,0.918918918918919,0.8911471565370335,0.8660582966687618,0.85,0.8133971291866028,1.0361692888280478
2039,0.9741666666666666,0.9071178859140556,0.8217054263565892,0.9298245614035088,0.9071178859140556,0.8853483272133823,0.8724279835390947,0.8412698412698413,0.892257054184728
2040,0.9691666666666666,0.8906803031290036,0.7906976744186046,0.9107142857142857,0.8906803031290037,0.8619559800664451,0.846473029045643,0.8121019108280255,1.064952268821665
2041,0.9725,0.8993659479295595,0.8062015503875969,0.9285714285714286,0.8993659479295595,0.8778031561461794,0.8630705394190872,0.8280254777070064,0.9498216815095794
2042,0.9708333333333333,0.8916140099450633,0.7906976744186046,0.9272727272727272,0.8916140099450633,0.870235200845666,0.8535564853556484,0.8146964856230033,1.0073863088344304
2043,0.9666666666666667,0.8790523961522594,0.7674418604651163,0.908256880733945,0.8790523961522594,0.8503493705995308,0.8319327731092436,0.7919999999999999,1.1512992098089418
2044,0.9691666666666666,0.8838620719605672,0.7751937984496124,0.9259259259259259,0.8838620719605672,0.8626431955211026,0.8438818565400844,0.8012820512820513,1.0649509361592815
2045,0.9725,0.8993659479295595,0.8062015503875969,0.9285714285714286,0.8993659479295595,0.8778031561461794,0.8630705394190872,0.8280254777070064,0.9498216815095794
2046,0.9716666666666667,0.9023082101057478,0.813953488372093,0.9130434782608695,0.9023082101057478,0.8734984833164814,0.860655737704918,0.8320126782884311,0.9786053278343885
2047,0.9716666666666667,0.8988990945215296,0.8062015503875969,0.9203539823008849,0.8988990945215296,0.8736944330109077,0.859504132231405,0.8267090620031796,0.9786046615031967
2048,0.9708333333333333,0.8950231255292815,0.7984496124031008,0.9196428571428571,0.8950231255292815,0.8698795681063124,0.8547717842323651,0.8200636942675159,1.0073869751656221
2049,0.97,0.8945562721212517,0.7984496124031008,0.911504424778761,0.8945562721212517,0.8658103519242641,0.8512396694214877,0.8187599364069952,1.0361699551592396
2050,0.97,0.8911471565370335,0.7906976744186046,0.918918918918919,0.8911471565370335,0.8660582966687618,0.85,0.8133971291866028,1.0361692888280478
2051,0.9675,0.8795192495602893,0.7674418604651163,0.9166666666666666,0.8795192495602894,0.8545542635658914,0.8354430379746837,0.7932692307692308,1.1225162298153244
2052,0.9666666666666667,0.8756432805680412,0.7596899224806202,0.9158878504672897,0.8756432805680412,0.8507055531406216,0.8305084745762713,0.7865168539325843,1.1512985434777498
2053,0.9708333333333333,0.8984322411134997,0.8062015503875969,0.9122807017543859,0.8984322411134997,0.8696577927376581,0.8559670781893004,0.8253968253968255,1.007387641496814
2054,0.9683333333333334,0.8868043341367555,0.7829457364341085,0.9099099099099099,0.8868043341367555,0.8580944898386759,0.8416666666666666,0.8054226475279107,1.093734582484091
2055,0.97,0.8911471565370335,0.7906976744186046,0.918918918918919,0.8911471565370335,0.8660582966687618,0.85,0.8133971291866028,1.0361692888280478
2056,0.9708333333333333,0.8984322411134997,0.8062015503875969,0.9122807017543859,0.8984322411134997,0.8696577927376581,0.8559670781893004,0.8253968253968255,1.007387641496814
2057,0.97,0.8911471565370335,0.7906976744186046,0.918918918918919,0.8911471565370335,0.8660582966687618,0.85,0.8133971291866028,1.0361692888280478
2058,0.97,0.8945562721212517,0.7984496124031008,0.911504424778761,0.8945562721212517,0.8658103519242641,0.8512396694214877,0.8187599364069952,1.0361699551592396
2059,0.9716666666666667,0.9023082101057478,0.813953488372093,0.9130434782608695,0.9023082101057478,0.8734984833164814,0.860655737704918,0.8320126782884311,0.9786053278343885
2060,0.9708333333333333,0.8916140099450633,0.7906976744186046,0.9272727272727272,0.8916140099450633,0.870235200845666,0.8535564853556484,0.8146964856230033,1.0073863088344304
2061,0.9716666666666667,0.8988990945215296,0.8062015503875969,0.9203539823008849,0.8988990945215296,0.8736944330109077,0.859504132231405,0.8267090620031796,0.9786046615031967
2062,0.9691666666666666,0.8906803031290036,0.7906976744186046,0.9107142857142857,0.8906803031290037,0.8619559800664451,0.846473029045643,0.8121019108280255,1.064952268821665
2063,0.97,0.8911471565370335,0.7906976744186046,0.918918918918919,0.8911471565370335,0.8660582966687618,0.85,0.8133971291866028,1.0361692888280478
2064,0.97,0.8945562721212517,0.7984496124031008,0.911504424778761,0.8945562721212517,0.8658103519242641,0.8512396694214877,0.8187599364069952,1.0361699551592398
2065,0.9683333333333334,0.8902134497209737,0.7906976744186046,0.9026548672566371,0.8902134497209737,0.8579262708376209,0.8429752066115702,0.8108108108108106,1.0937352488152827
2066,0.9691666666666666,0.8838620719605672,0.7751937984496124,0.9259259259259259,0.8838620719605672,0.8626431955211026,0.8438818565400844,0.8012820512820513,1.0649509361592815
2067,0.9691666666666666,0.8872711875447854,0.7829457364341085,0.9181818181818182,0.8872711875447854,0.86223044397463,0.8451882845188284,0.8067092651757188,1.0649516024904733
2068,0.9708333333333333,0.8916140099450633,0.7906976744186046,0.9272727272727272,0.8916140099450633,0.870235200845666,0.8535564853556484,0.8146964856230033,1.0073863088344304
2069,0.9716666666666667,0.8988990945215296,0.8062015503875969,0.9203539823008849,0.8988990945215296,0.8736944330109077,0.859504132231405,0.8267090620031796,0.9786046615031967
2070,0.9708333333333333,0.8950231255292815,0.7984496124031008,0.9196428571428571,0.8950231255292815,0.8698795681063124,0.8547717842323651,0.8200636942675159,1.0073869751656221
2071,0.97,0.8911471565370335,0.7906976744186046,0.918918918918919,0.8911471565370335,0.8660582966687618,0.85,0.8133971291866028,1.0361692888280478
2072,0.97,0.8911471565370335,0.7906976744186046,0.918918918918919,0.8911471565370335,0.8660582966687618,0.85,0.8133971291866028,1.0361692888280478
2073,0.9691666666666666,0.8872711875447854,0.7829457364341085,0.9181818181818182,0.8872711875447854,0.86223044397463,0.8451882845188284,0.8067092651757188,1.0649516024904733
2074,0.9716666666666667,0.8954899789373114,0.7984496124031008,0.9279279279279279,0.8954899789373114,0.8740221034988476,0.8583333333333333,0.8213716108452951,0.9786039951720049
2075,0.9708333333333333,0.8950231255292815,0.7984496124031008,0.9196428571428571,0.8950231255292815,0.8698795681063124,0.8547717842323651,0.8200636942675159,1.0073869751656221
2076,0.9716666666666667,0.905717325689966,0.8217054263565892,0.905982905982906,0.905717325689966,0.8734274995030809,0.8617886178861788,0.8372827804107424,0.9786059941655803
2077,0.97,0.8911471565370335,0.7906976744186046,0.918918918918919,0.8911471565370335,0.8660582966687618,0.85,0.8133971291866028,1.0361692888280478
2078,0.9708333333333333,0.8916140099450633,0.7906976744186046,0.9272727272727272,0.8916140099450633,0.870235200845666,0.8535564853556484,0.8146964856230033,1.0073863088344304
2079,0.9708333333333333,0.8984322411134997,0.8062015503875969,0.9122807017543859,0.8984322411134997,0.8696577927376581,0.8559670781893004,0.8253968253968255,1.007387641496814
2080,0.9691666666666666,0.8906803031290036,0.7906976744186046,0.9107142857142857,0.8906803031290037,0.8619559800664451,0.846473029045643,0.8121019108280255,1.064952268821665
2081,0.9708333333333333,0.8950231255292815,0.7984496124031008,0.9196428571428571,0.8950231255292815,0.8698795681063124,0.8547717842323651,0.8200636942675159,1.0073869751656221
2082,0.9683333333333334,0.8833952185525373,0.7751937984496124,0.9174311926605505,0.8833952185525373,0.8583958288884148,0.8403361344537815,0.7999999999999999,1.093733916152899
2083,0.9658333333333333,0.8785855427442295,0.7674418604651163,0.9,0.8785855427442295,0.8462209302325582,0.8284518828451884,0.7907348242811502,1.1800821898025593
2084,0.9708333333333333,0.8950231255292815,0.7984496124031008,0.9196428571428571,0.8950231255292815,0.8698795681063124,0.8547717842323651,0.8200636942675159,1.0073869751656221
2085,0.97,0.8877380409528153,0.7829457364341085,0.926605504587156,0.8877380409528153,0.8664422871772988,0.8487394957983192,0.808,1.036168622496856
2086,0.9675,0.8829283651445075,0.7751937984496124,0.9090909090909091,0.8829283651445075,0.8542256871035941,0.8368200836820083,0.7987220447284344,1.1225168961465164
2087,0.97,0.8911471565370335,0.7906976744186046,0.918918918918919,0.8911471565370335,0.8660582966687618,0.85,0.8133971291866028,1.0361692888280478
2088,0.9691666666666666,0.8872711875447854,0.7829457364341085,0.9181818181818182,0.8872711875447854,0.86223044397463,0.8451882845188284,0.8067092651757188,1.0649516024904733
2089,0.9725,0.8993659479295595,0.8062015503875969,0.9285714285714286,0.8993659479295595,0.8778031561461794,0.8630705394190872,0.8280254777070064,0.9498216815095794
2090,0.9683333333333334,0.8868043341367555,0.7829457364341085,0.9099099099099099,0.8868043341367555,0.8580944898386759,0.8416666666666666,0.8054226475279107,1.093734582484091
2091,0.97,0.8911471565370335,0.7906976744186046,0.918918918918919,0.8911471565370335,0.8660582966687618,0.85,0.8133971291866028,1.0361692888280478
2092,0.97,0.8911471565370335,0.7906976744186046,0.918918918918919,0.8911471565370335,0.8660582966687618,0.85,0.8133971291866028,1.0361692888280478
2093,0.97,0.8945562721212517,0.7984496124031008,0.911504424778761,0.8945562721212517,0.8658103519242641,0.8512396694214877,0.8187599364069952,1.0361699551592396
2094,0.9708333333333333,0.8984322411134997,0.8062015503875969,0.9122807017543859,0.8984322411134997,0.8696577927376581,0.8559670781893004,0.8253968253968255,1.007387641496814
2095,0.9716666666666667,0.8988990945215296,0.8062015503875969,0.9203539823008849,0.8988990945215296,0.8736944330109077,0.859504132231405,0.8267090620031796,0.9786046615031967
2096,0.9725,0.9027750635137777,0.813953488372093,0.9210526315789473,0.9027750635137777,0.8775030599755202,0.8641975308641974,0.8333333333333334,0.9498223478407711
2097,0.9683333333333334,0.8833952185525373,0.7751937984496124,0.9174311926605505,0.8833952185525373,0.8583958288884148,0.8403361344537815,0.7999999999999999,1.093733916152899
2098,0.9733333333333334,0.9032419169218076,0.813953488372093,0.9292035398230089,0.9032419169218076,0.881578514097551,0.8677685950413223,0.8346581875993642,0.9210393678471538
2099,0.97,0.8911471565370335,0.7906976744186046,0.918918918918919,0.8911471565370335,0.8660582966687618,0.85,0.8133971291866028,1.0361692888280478
2100,0.9716666666666667,0.8988990945215296,0.8062015503875969,0.9203539823008849,0.8988990945215296,0.8736944330109077,0.859504132231405,0.8267090620031796,0.9786046615031967
2101,0.9666666666666667,0.8756432805680412,0.7596899224806202,0.9158878504672897,0.8756432805680412,0.8507055531406216,0.8305084745762713,0.7865168539325843,1.1512985434777498
2102,0.97,0.8911471565370335,0.7906976744186046,0.918918918918919,0.8911471565370335,0.8660582966687618,0.85,0.8133971291866028,1.0361692888280478
2103,0.9708333333333333,0.8916140099450633,0.7906976744186046,0.9272727272727272,0.8916140099450633,0.870235200845666,0.8535564853556484,0.8146964856230033,1.0073863088344304
2104,0.97,0.8911471565370335,0.7906976744186046,0.918918918918919,0.8911471565370335,0.8660582966687618,0.85,0.8133971291866028,1.0361692888280478
2105,0.9708333333333333,0.8984322411134997,0.8062015503875969,0.9122807017543859,0.8984322411134997,0.8696577927376581,0.8559670781893004,0.8253968253968255,1.007387641496814
2106,0.9708333333333333,0.8916140099450633,0.7906976744186046,0.9272727272727272,0.8916140099450633,0.870235200845666,0.8535564853556484,0.8146964856230033,1.0073863088344304
2107,0.9675,0.8829283651445075,0.7751937984496124,0.9090909090909091,0.8829283651445075,0.8542256871035941,0.8368200836820083,0.7987220447284344,1.1225168961465164
2108,0.9708333333333333,0.8950231255292815,0.7984496124031008,0.9196428571428571,0.8950231255292815,0.8698795681063124,0.8547717842323651,0.8200636942675159,1.0073869751656221
2109,0.9683333333333334,0.8868043341367555,0.7829457364341085,0.9099099099099099,0.8868043341367555,0.8580944898386759,0.8416666666666666,0.8054226475279107,1.093734582484091
2110,0.9683333333333334,0.8868043341367555,0.7829457364341085,0.9099099099099099,0.8868043341367555,0.8580944898386759,0.8416666666666666,0.8054226475279107,1.0937345824840907
2111,0.9675,0.8795192495602893,0.7674418604651163,0.9166666666666666,0.8795192495602894,0.8545542635658914,0.8354430379746837,0.7932692307692308,1.1225162298153244
2112,0.9716666666666667,0.9023082101057478,0.813953488372093,0.9130434782608695,0.9023082101057478,0.8734984833164814,0.860655737704918,0.8320126782884311,0.9786053278343885
2113,0.9691666666666666,0.8872711875447854,0.7829457364341085,0.9181818181818182,0.8872711875447854,0.86223044397463,0.8451882845188284,0.8067092651757188,1.0649516024904733
2114,0.9716666666666667,0.9023082101057478,0.813953488372093,0.9130434782608695,0.9023082101057478,0.8734984833164814,0.860655737704918,0.8320126782884311,0.9786053278343885
2115,0.9708333333333333,0.8950231255292815,0.7984496124031008,0.9196428571428571,0.8950231255292815,0.8698795681063124,0.8547717842323651,0.8200636942675159,1.0073869751656221
2116,0.97,0.8945562721212517,0.7984496124031008,0.911504424778761,0.8945562721212517,0.8658103519242641,0.8512396694214877,0.8187599364069952,1.0361699551592396
2117,0.97,0.8911471565370335,0.7906976744186046,0.918918918918919,0.8911471565370335,0.8660582966687618,0.85,0.8133971291866028,1.0361692888280478
2118,0.9683333333333334,0.8868043341367555,0.7829457364341085,0.9099099099099099,0.8868043341367555,0.8580944898386759,0.8416666666666666,0.8054226475279107,1.093734582484091
2119,0.9691666666666666,0.8838620719605672,0.7751937984496124,0.9259259259259259,0.8838620719605672,0.8626431955211026,0.8438818565400844,0.8012820512820513,1.0649509361592815
2120,0.9683333333333334,0.8833952185525373,0.7751937984496124,0.9174311926605505,0.8833952185525373,0.8583958288884148,0.8403361344537815,0.7999999999999999,1.093733916152899
2121,0.9716666666666667,0.8954899789373114,0.7984496124031008,0.9279279279279279,0.8954899789373114,0.8740221034988476,0.8583333333333333,0.8213716108452951,0.9786039951720049
2122,0.97,0.8945562721212517,0.7984496124031008,0.911504424778761,0.8945562721212517,0.8658103519242641,0.8512396694214877,0.8187599364069952,1.0361699551592396
2123,0.9691666666666666,0.8872711875447854,0.7829457364341085,0.9181818181818182,0.8872711875447854,0.86223044397463,0.8451882845188284,0.8067092651757188,1.0649516024904733
2124,0.97,0.8911471565370335,0.7906976744186046,0.918918918918919,0.8911471565370335,0.8660582966687618,0.85,0.8133971291866028,1.0361692888280478
2125,0.9708333333333333,0.8950231255292815,0.7984496124031008,0.9196428571428571,0.8950231255292815,0.8698795681063124,0.8547717842323651,0.8200636942675159,1.0073869751656221
2126,0.9666666666666667,0.8790523961522594,0.7674418604651163,0.908256880733945,0.8790523961522594,0.8503493705995308,0.8319327731092436,0.7919999999999999,1.1512992098089418
2127,0.9725,0.8993659479295595,0.8062015503875969,0.9285714285714286,0.8993659479295595,0.8778031561461794,0.8630705394190872,0.8280254777070064,0.9498216815095794
2128,0.9675,0.8829283651445075,0.7751937984496124,0.9090909090909091,0.8829283651445075,0.8542256871035941,0.8368200836820083,0.7987220447284344,1.1225168961465162
2129,0.9708333333333333,0.8984322411134997,0.8062015503875969,0.9122807017543859,0.8984322411134997,0.8696577927376581,0.8559670781893004,0.8253968253968255,1.007387641496814
2130,0.9708333333333333,0.8950231255292815,0.7984496124031008,0.9196428571428571,0.8950231255292815,0.8698795681063124,0.8547717842323651,0.8200636942675159,1.0073869751656221
2131,0.97,0.8945562721212517,0.7984496124031008,0.911504424778761,0.8945562721212517,0.8658103519242641,0.8512396694214877,0.8187599364069952,1.0361699551592396
2132,0.9683333333333334,0.8868043341367555,0.7829457364341085,0.9099099099099099,0.8868043341367555,0.8580944898386759,0.8416666666666666,0.8054226475279107,1.093734582484091
2133,0.97,0.8945562721212517,0.7984496124031008,0.911504424778761,0.8945562721212517,0.8658103519242641,0.8512396694214877,0.8187599364069952,1.0361699551592396
2134,0.9708333333333333,0.8950231255292815,0.7984496124031008,0.9196428571428571,0.8950231255292815,0.8698795681063124,0.8547717842323651,0.8200636942675159,1.0073869751656221
2135,0.9683333333333334,0.8799861029683191,0.7674418604651163,0.9252336448598131,0.8799861029683191,0.8588377526624646,0.8389830508474577,0.7945425361155699,1.093733249821707
2136,0.9683333333333334,0.8868043341367555,0.7829457364341085,0.9099099099099099,0.8868043341367555,0.8580944898386759,0.8416666666666666,0.8054226475279107,1.093734582484091
2137,0.9683333333333334,0.8833952185525373,0.7751937984496124,0.9174311926605505,0.8833952185525373,0.8583958288884148,0.8403361344537815,0.7999999999999999,1.093733916152899
2138,0.9691666666666666,0.8838620719605672,0.7751937984496124,0.9259259259259259,0.8838620719605672,0.8626431955211026,0.8438818565400844,0.8012820512820513,1.0649509361592815
2139,0.9716666666666667,0.8954899789373114,0.7984496124031008,0.9279279279279279,0.8954899789373114,0.8740221034988476,0.8583333333333333,0.8213716108452951,0.9786039951720049
2140,0.9708333333333333,0.8916140099450633,0.7906976744186046,0.9272727272727272,0.8916140099450633,0.870235200845666,0.8535564853556484,0.8146964856230033,1.0073863088344304
2141,0.9675,0.8829283651445075,0.7751937984496124,0.9090909090909091,0.8829283651445075,0.8542256871035941,0.8368200836820083,0.7987220447284344,1.1225168961465164
2142,0.9675,0.8795192495602893,0.7674418604651163,0.9166666666666666,0.8795192495602894,0.8545542635658914,0.8354430379746837,0.7932692307692308,1.1225162298153244
2143,0.9708333333333333,0.8984322411134997,0.8062015503875969,0.9122807017543859,0.8984322411134997,0.8696577927376581,0.8559670781893004,0.8253968253968255,1.007387641496814
2144,0.9675,0.8863374807287256,0.7829457364341085,0.9017857142857143,0.8863374807287256,0.8540323920265781,0.8381742738589212,0.8041401273885349,1.122517562477708
2145,0.9683333333333334,0.8799861029683191,0.7674418604651163,0.9252336448598131,0.8799861029683191,0.8588377526624646,0.8389830508474577,0.7945425361155699,1.093733249821707
2146,0.9683333333333334,0.8833952185525373,0.7751937984496124,0.9174311926605505,0.8833952185525373,0.8583958288884148,0.8403361344537815,0.7999999999999999,1.093733916152899
2147,0.9675,0.8795192495602893,0.7674418604651163,0.9166666666666666,0.8795192495602894,0.8545542635658914,0.8354430379746837,0.7932692307692308,1.1225162298153244
2148,0.9666666666666667,0.8756432805680412,0.7596899224806202,0.9158878504672897,0.8756432805680412,0.8507055531406216,0.8305084745762713,0.7865168539325843,1.1512985434777498
2149,0.97,0.8911471565370335,0.7906976744186046,0.918918918918919,0.8911471565370335,0.8660582966687618,0.85,0.8133971291866028,1.0361692888280478
2150,0.9725,0.8993659479295595,0.8062015503875969,0.9285714285714286,0.8993659479295595,0.8778031561461794,0.8630705394190872,0.8280254777070064,0.9498216815095794
2151,0.9708333333333333,0.8984322411134997,0.8062015503875969,0.9122807017543859,0.8984322411134997,0.8696577927376581,0.8559670781893004,0.8253968253968255,1.007387641496814
2152,0.9683333333333334,0.8833952185525373,0.7751937984496124,0.9174311926605505,0.8833952185525373,0.8583958288884148,0.8403361344537815,0.7999999999999999,1.093733916152899
2153,0.9708333333333333,0.8950231255292815,0.7984496124031008,0.9196428571428571,0.8950231255292815,0.8698795681063124,0.8547717842323651,0.8200636942675159,1.0073869751656221
2154,0.9691666666666666,0.8906803031290036,0.7906976744186046,0.9107142857142857,0.8906803031290037,0.8619559800664451,0.846473029045643,0.8121019108280255,1.064952268821665
2155,0.9691666666666666,0.8872711875447854,0.7829457364341085,0.9181818181818182,0.8872711875447854,0.86223044397463,0.8451882845188284,0.8067092651757188,1.0649516024904733
2156,0.9716666666666667,0.8988990945215296,0.8062015503875969,0.9203539823008849,0.8988990945215296,0.8736944330109077,0.859504132231405,0.8267090620031796,0.9786046615031967
2157,0.9683333333333334,0.8902134497209737,0.7906976744186046,0.9026548672566371,0.8902134497209737,0.8579262708376209,0.8429752066115702,0.8108108108108106,1.0937352488152827
2158,0.9683333333333334,0.8833952185525373,0.7751937984496124,0.9174311926605505,0.8833952185525373,0.8583958288884148,0.8403361344537815,0.7999999999999999,1.093733916152899
2159,0.9666666666666667,0.8790523961522594,0.7674418604651163,0.908256880733945,0.8790523961522594,0.8503493705995308,0.8319327731092436,0.7919999999999999,1.1512992098089418
2160,0.9691666666666666,0.8872711875447854,0.7829457364341085,0.9181818181818182,0.8872711875447854,0.86223044397463,0.8451882845188284,0.8067092651757188,1.0649516024904733
2161,0.9691666666666666,0.8906803031290036,0.7906976744186046,0.9107142857142857,0.8906803031290037,0.8619559800664451,0.846473029045643,0.8121019108280255,1.064952268821665
2162,0.9708333333333333,0.8950231255292815,0.7984496124031008,0.9196428571428571,0.8950231255292815,0.8698795681063124,0.8547717842323651,0.8200636942675159,1.0073869751656221
2163,0.9675,0.8795192495602893,0.7674418604651163,0.9166666666666666,0.8795192495602894,0.8545542635658914,0.8354430379746837,0.7932692307692308,1.1225162298153244
2164,0.9675,0.8829283651445075,0.7751937984496124,0.9090909090909091,0.8829283651445075,0.8542256871035941,0.8368200836820083,0.7987220447284344,1.1225168961465164
2165,0.9708333333333333,0.8916140099450633,0.7906976744186046,0.9272727272727272,0.8916140099450633,0.870235200845666,0.8535564853556484,0.8146964856230033,1.0073863088344304
2166,0.9683333333333334,0.8833952185525373,0.7751937984496124,0.9174311926605505,0.8833952185525373,0.8583958288884148,0.8403361344537815,0.7999999999999999,1.093733916152899
2167,0.9675,0.8829283651445075,0.7751937984496124,0.9090909090909091,0.8829283651445075,0.8542256871035941,0.8368200836820083,0.7987220447284344,1.1225168961465164
2168,0.9708333333333333,0.8916140099450633,0.7906976744186046,0.9272727272727272,0.8916140099450633,0.870235200845666,0.8535564853556484,0.8146964856230033,1.0073863088344304
2169,0.9691666666666666,0.8838620719605672,0.7751937984496124,0.9259259259259259,0.8838620719605672,0.8626431955211026,0.8438818565400844,0.8012820512820513,1.0649509361592815
2170,0.9675,0.8761101339760711,0.7596899224806202,0.9245283018867925,0.8761101339760711,0.855025778850373,0.8340425531914893,0.7877813504823152,1.1225155634841326
2171,0.9683333333333334,0.8833952185525373,0.7751937984496124,0.9174311926605505,0.8833952185525373,0.8583958288884148,0.8403361344537815,0.7999999999999999,1.093733916152899
2172,0.9691666666666666,0.8838620719605672,0.7751937984496124,0.9259259259259259,0.8838620719605672,0.8626431955211026,0.8438818565400844,0.8012820512820513,1.0649509361592815
2173,0.9683333333333334,0.8799861029683191,0.7674418604651163,0.9252336448598131,0.8799861029683191,0.8588377526624646,0.8389830508474577,0.7945425361155699,1.093733249821707
2174,0.9691666666666666,0.8872711875447854,0.7829457364341085,0.9181818181818182,0.8872711875447854,0.86223044397463,0.8451882845188284,0.8067092651757188,1.0649516024904733
2175,0.9675,0.8829283651445075,0.7751937984496124,0.9090909090909091,0.8829283651445075,0.8542256871035941,0.8368200836820083,0.7987220447284344,1.1225168961465164
2176,0.9691666666666666,0.8872711875447854,0.7829457364341085,0.9181818181818182,0.8872711875447854,0.86223044397463,0.8451882845188284,0.8067092651757188,1.0649516024904733
2177,0.9691666666666666,0.8838620719605672,0.7751937984496124,0.9259259259259259,0.8838620719605672,0.8626431955211026,0.8438818565400844,0.8012820512820513,1.0649509361592815
2178,0.9691666666666666,0.8872711875447854,0.7829457364341085,0.9181818181818182,0.8872711875447854,0.86223044397463,0.8451882845188284,0.8067092651757188,1.0649516024904733
2179,0.9716666666666667,0.8954899789373114,0.7984496124031008,0.9279279279279279,0.8954899789373114,0.8740221034988476,0.8583333333333333,0.8213716108452951,0.9786039951720049
2180,0.9733333333333334,0.9032419169218076,0.813953488372093,0.9292035398230089,0.9032419169218076,0.881578514097551,0.8677685950413223,0.8346581875993642,0.9210393678471538
2181,0.9691666666666666,0.8872711875447854,0.7829457364341085,0.9181818181818182,0.8872711875447854,0.86223044397463,0.8451882845188284,0.8067092651757188,1.0649516024904733
2182,0.9666666666666667,0.8790523961522594,0.7674418604651163,0.908256880733945,0.8790523961522594,0.8503493705995308,0.8319327731092436,0.7919999999999999,1.1512992098089418
2183,0.9675,0.8795192495602893,0.7674418604651163,0.9166666666666666,0.8795192495602894,0.8545542635658914,0.8354430379746837,0.7932692307692308,1.1225162298153246
2184,0.9691666666666666,0.8872711875447854,0.7829457364341085,0.9181818181818182,0.8872711875447854,0.86223044397463,0.8451882845188284,0.8067092651757188,1.0649516024904733
2185,0.97,0.8877380409528153,0.7829457364341085,0.926605504587156,0.8877380409528153,0.8664422871772988,0.8487394957983192,0.808,1.036168622496856
2186,0.9683333333333334,0.8833952185525373,0.7751937984496124,0.9174311926605505,0.8833952185525373,0.8583958288884148,0.8403361344537815,0.7999999999999999,1.093733916152899
2187,0.9708333333333333,0.8950231255292815,0.7984496124031008,0.9196428571428571,0.8950231255292815,0.8698795681063124,0.8547717842323651,0.8200636942675159,1.0073869751656221
2188,0.9725,0.9027750635137777,0.813953488372093,0.9210526315789473,0.9027750635137777,0.8775030599755202,0.8641975308641974,0.8333333333333334,0.9498223478407711
2189,0.9675,0.8829283651445075,0.7751937984496124,0.9090909090909091,0.8829283651445075,0.8542256871035941,0.8368200836820083,0.7987220447284344,1.1225168961465162
2190,0.9691666666666666,0.8872711875447854,0.7829457364341085,0.9181818181818182,0.8872711875447854,0.86223044397463,0.8451882845188284,0.8067092651757188,1.0649516024904733
2191,0.9683333333333334,0.8833952185525373,0.7751937984496124,0.9174311926605505,0.8833952185525373,0.8583958288884148,0.8403361344537815,0.7999999999999999,1.093733916152899
2192,0.9725,0.8993659479295595,0.8062015503875969,0.9285714285714286,0.8993659479295595,0.8778031561461794,0.8630705394190872,0.8280254777070064,0.9498216815095794
2193,0.9691666666666666,0.8872711875447854,0.7829457364341085,0.9181818181818182,0.8872711875447854,0.86223044397463,0.8451882845188284,0.8067092651757188,1.0649516024904733
2194,0.97,0.8945562721212517,0.7984496124031008,0.911504424778761,0.8945562721212517,0.8658103519242641,0.8512396694214877,0.8187599364069952,1.0361699551592396
2195,0.97,0.8945562721212517,0.7984496124031008,0.911504424778761,0.8945562721212517,0.8658103519242641,0.8512396694214877,0.8187599364069952,1.0361699551592398
2196,0.9675,0.8829283651445075,0.7751937984496124,0.9090909090909091,0.8829283651445075,0.8542256871035941,0.8368200836820083,0.7987220447284344,1.1225168961465164
2197,0.9675,0.8795192495602893,0.7674418604651163,0.9166666666666666,0.8795192495602894,0.8545542635658914,0.8354430379746837,0.7932692307692308,1.1225162298153244
2198,0.97,0.8911471565370335,0.7906976744186046,0.918918918918919,0.8911471565370335,0.8660582966687618,0.85,0.8133971291866028,1.0361692888280478
2199,0.97,0.8945562721212517,0.7984496124031008,0.911504424778761,0.8945562721212517,0.8658103519242641,0.8512396694214877,0.8187599364069952,1.0361699551592396
2200,0.9683333333333334,0.8799861029683191,0.7674418604651163,0.9252336448598131,0.8799861029683191,0.8588377526624646,0.8389830508474577,0.7945425361155699,1.093733249821707
2201,0.97,0.8945562721212517,0.7984496124031008,0.911504424778761,0.8945562721212517,0.8658103519242641,0.8512396694214877,0.8187599364069952,1.0361699551592396
2202,0.9691666666666666,0.8872711875447854,0.7829457364341085,0.9181818181818182,0.8872711875447854,0.86223044397463,0.8451882845188284,0.8067092651757188,1.0649516024904733
2203,0.9708333333333333,0.8950231255292815,0.7984496124031008,0.9196428571428571,0.8950231255292815,0.8698795681063124,0.8547717842323651,0.8200636942675159,1.0073869751656221
2204,0.97,0.8945562721212517,0.7984496124031008,0.911504424778761,0.8945562721212517,0.8658103519242641,0.8512396694214877,0.8187599364069952,1.0361699551592396
2205,0.9716666666666667,0.9023082101057478,0.813953488372093,0.9130434782608695,0.9023082101057478,0.8734984833164814,0.860655737704918,0.8320126782884311,0.9786053278343885
2206,0.9683333333333334,0.8833952185525373,0.7751937984496124,0.9174311926605505,0.8833952185525373,0.8583958288884148,0.8403361344537815,0.7999999999999999,1.093733916152899
2207,0.9708333333333333,0.8916140099450633,0.7906976744186046,0.9272727272727272,0.8916140099450633,0.870235200845666,0.8535564853556484,0.8146964856230033,1.0073863088344304
2208,0.9675,0.8829283651445075,0.7751937984496124,0.9090909090909091,0.8829283651445075,0.8542256871035941,0.8368200836820083,0.7987220447284344,1.1225168961465162
2209,0.9716666666666667,0.8954899789373114,0.7984496124031008,0.9279279279279279,0.8954899789373114,0.8740221034988476,0.8583333333333333,0.8213716108452951,0.9786039951720049
2210,0.97,0.8911471565370335,0.7906976744186046,0.918918918918919,0.8911471565370335,0.8660582966687618,0.85,0.8133971291866028,1.0361692888280478
2211,0.9691666666666666,0.8906803031290036,0.7906976744186046,0.9107142857142857,0.8906803031290037,0.8619559800664451,0.846473029045643,0.8121019108280255,1.0649522688216653
2212,0.9675,0.8795192495602893,0.7674418604651163,0.9166666666666666,0.8795192495602894,0.8545542635658914,0.8354430379746837,0.7932692307692308,1.1225162298153244
2213,0.9683333333333334,0.8833952185525373,0.7751937984496124,0.9174311926605505,0.8833952185525373,0.8583958288884148,0.8403361344537815,0.7999999999999999,1.093733916152899
2214,0.97,0.8911471565370335,0.7906976744186046,0.918918918918919,0.8911471565370335,0.8660582966687618,0.85,0.8133971291866028,1.0361692888280478
2215,0.9716666666666667,0.8988990945215296,0.8062015503875969,0.9203539823008849,0.8988990945215296,0.8736944330109077,0.859504132231405,0.8267090620031796,0.9786046615031967
2216,0.9691666666666666,0.8872711875447854,0.7829457364341085,0.9181818181818182,0.8872711875447854,0.86223044397463,0.8451882845188284,0.8067092651757188,1.0649516024904733
2217,0.9683333333333334,0.8833952185525373,0.7751937984496124,0.9174311926605505,0.8833952185525373,0.8583958288884148,0.8403361344537815,0.7999999999999999,1.093733916152899
2218,0.9666666666666667,0.8790523961522594,0.7674418604651163,0.908256880733945,0.8790523961522594,0.8503493705995308,0.8319327731092436,0.7919999999999999,1.1512992098089418
2219,0.9675,0.8795192495602893,0.7674418604651163,0.9166666666666666,0.8795192495602894,0.8545542635658914,0.8354430379746837,0.7932692307692308,1.1225162298153244
2220,0.9691666666666666,0.8838620719605672,0.7751937984496124,0.9259259259259259,0.8838620719605672,0.8626431955211026,0.8438818565400844,0.8012820512820513,1.0649509361592815
2221,0.9691666666666666,0.8872711875447854,0.7829457364341085,0.9181818181818182,0.8872711875447854,0.86223044397463,0.8451882845188284,0.8067092651757188,1.0649516024904733
2222,0.9683333333333334,0.8868043341367555,0.7829457364341085,0.9099099099099099,0.8868043341367555,0.8580944898386759,0.8416666666666666,0.8054226475279107,1.0937345824840907
2223,0.9691666666666666,0.8838620719605672,0.7751937984496124,0.9259259259259259,0.8838620719605672,0.8626431955211026,0.8438818565400844,0.8012820512820513,1.0649509361592815
2224,0.97,0.8945562721212517,0.7984496124031008,0.911504424778761,0.8945562721212517,0.8658103519242641,0.8512396694214877,0.8187599364069952,1.0361699551592396
2225,0.9675,0.8761101339760711,0.7596899224806202,0.9245283018867925,0.8761101339760711,0.855025778850373,0.8340425531914893,0.7877813504823152,1.1225155634841326
2226,0.9675,0.8795192495602893,0.7674418604651163,0.9166666666666666,0.8795192495602894,0.8545542635658914,0.8354430379746837,0.7932692307692308,1.1225162298153244
2227,0.97,0.8911471565370335,0.7906976744186046,0.918918918918919,0.8911471565370335,0.8660582966687618,0.85,0.8133971291866028,1.0361692888280478
2228,0.97,0.8877380409528153,0.7829457364341085,0.926605504587156,0.8877380409528153,0.8664422871772988,0.8487394957983192,0.808,1.036168622496856
2229,0.9708333333333333,0.8916140099450633,0.7906976744186046,0.9272727272727272,0.8916140099450633,0.870235200845666,0.8535564853556484,0.8146964856230033,1.0073863088344304
2230,0.9691666666666666,0.8940894187132218,0.7984496124031008,0.9035087719298246,0.8940894187132218,0.861812525499796,0.8477366255144033,0.8174603174603176,1.0649529351528568
2231,0.9691666666666666,0.8872711875447854,0.7829457364341085,0.9181818181818182,0.8872711875447854,0.86223044397463,0.8451882845188284,0.8067092651757188,1.0649516024904733
2232,0.9733333333333334,0.9066510325060257,0.8217054263565892,0.9217391304347826,0.9066510325060257,0.8813056117290192,0.8688524590163934,0.8399366085578447,0.9210400341783456
2233,0.97,0.8911471565370335,0.7906976744186046,0.918918918918919,0.8911471565370335,0.8660582966687618,0.85,0.8133971291866028,1.0361692888280478
2234,0.9666666666666667,0.8824615117364776,0.7751937984496124,0.9009009009009009,0.8824615117364776,0.8501306830085901,0.8333333333333333,0.7974481658692185,1.1512998761401336
2235,0.97,0.8911471565370335,0.7906976744186046,0.918918918918919,0.8911471565370335,0.8660582966687618,0.85,0.8133971291866028,1.0361692888280478
2236,0.9691666666666666,0.8872711875447854,0.7829457364341085,0.9181818181818182,0.8872711875447854,0.86223044397463,0.8451882845188284,0.8067092651757188,1.0649516024904733
2237,0.9708333333333333,0.8950231255292815,0.7984496124031008,0.9196428571428571,0.8950231255292815,0.8698795681063124,0.8547717842323651,0.8200636942675159,1.0073869751656221
2238,0.97,0.8911471565370335,0.7906976744186046,0.918918918918919,0.8911471565370335,0.8660582966687618,0.85,0.8133971291866028,1.0361692888280478
2239,0.9675,0.8829283651445075,0.7751937984496124,0.9090909090909091,0.8829283651445075,0.8542256871035941,0.8368200836820083,0.7987220447284344,1.1225168961465164
2240,0.9683333333333334,0.8833952185525373,0.7751937984496124,0.9174311926605505,0.8833952185525373,0.8583958288884148,0.8403361344537815,0.7999999999999999,1.093733916152899
2241,0.97,0.8945562721212517,0.7984496124031008,0.911504424778761,0.8945562721212517,0.8658103519242641,0.8512396694214877,0.8187599364069952,1.0361699551592396
2242,0.9683333333333334,0.8868043341367555,0.7829457364341085,0.9099099099099099,0.8868043341367555,0.8580944898386759,0.8416666666666666,0.8054226475279107,1.0937345824840907
2243,0.9708333333333333,0.8916140099450633,0.7906976744186046,0.9272727272727272,0.8916140099450633,0.870235200845666,0.8535564853556484,0.8146964856230033,1.0073863088344304
2244,0.9666666666666667,0.8756432805680412,0.7596899224806202,0.9158878504672897,0.8756432805680412,0.8507055531406216,0.8305084745762713,0.7865168539325843,1.15129854347775
2245,0.9666666666666667,0.8756432805680412,0.7596899224806202,0.9158878504672897,0.8756432805680412,0.8507055531406216,0.8305084745762713,0.7865168539325843,1.1512985434777498
2246,0.9708333333333333,0.8950231255292815,0.7984496124031008,0.9196428571428571,0.8950231255292815,0.8698795681063124,0.8547717842323651,0.8200636942675159,1.0073869751656221
2247,0.9683333333333334,0.8833952185525373,0.7751937984496124,0.9174311926605505,0.8833952185525373,0.8583958288884148,0.8403361344537815,0.7999999999999999,1.093733916152899
2248,0.97,0.8877380409528153,0.7829457364341085,0.926605504587156,0.8877380409528153,0.8664422871772988,0.8487394957983192,0.808,1.036168622496856
2249,0.9675,0.8761101339760711,0.7596899224806202,0.9245283018867925,0.8761101339760711,0.855025778850373,0.8340425531914893,0.7877813504823152,1.1225155634841326
2250,0.9708333333333333,0.8916140099450633,0.7906976744186046,0.9272727272727272,0.8916140099450633,0.870235200845666,0.8535564853556484,0.8146964856230033,1.0073863088344304
2251,0.9708333333333333,0.8984322411134997,0.8062015503875969,0.9122807017543859,0.8984322411134997,0.8696577927376581,0.8559670781893004,0.8253968253968255,1.0073876414968141
2252,0.9675,0.8795192495602893,0.7674418604651163,0.9166666666666666,0.8795192495602894,0.8545542635658914,0.8354430379746837,0.7932692307692308,1.1225162298153246
2253,0.9691666666666666,0.8872711875447854,0.7829457364341085,0.9181818181818182,0.8872711875447854,0.86223044397463,0.8451882845188284,0.8067092651757188,1.0649516024904733
2254,0.97,0.8877380409528153,0.7829457364341085,0.926605504587156,0.8877380409528153,0.8664422871772988,0.8487394957983192,0.808,1.036168622496856
2255,0.9666666666666667,0.8790523961522594,0.7674418604651163,0.908256880733945,0.8790523961522594,0.8503493705995308,0.8319327731092436,0.7919999999999999,1.1512992098089418
2256,0.9691666666666666,0.8872711875447854,0.7829457364341085,0.9181818181818182,0.8872711875447854,0.86223044397463,0.8451882845188284,0.8067092651757188,1.0649516024904733
2257,0.97,0.8911471565370335,0.7906976744186046,0.918918918918919,0.8911471565370335,0.8660582966687618,0.85,0.8133971291866028,1.0361692888280478
2258,0.9691666666666666,0.8872711875447854,0.7829457364341085,0.9181818181818182,0.8872711875447854,0.86223044397463,0.8451882845188284,0.8067092651757188,1.0649516024904733
2259,0.9691666666666666,0.8872711875447854,0.7829457364341085,0.9181818181818182,0.8872711875447854,0.86223044397463,0.8451882845188284,0.8067092651757188,1.0649516024904733
2260,0.9708333333333333,0.8950231255292815,0.7984496124031008,0.9196428571428571,0.8950231255292815,0.8698795681063124,0.8547717842323651,0.8200636942675159,1.0073869751656221
2261,0.9708333333333333,0.8950231255292815,0.7984496124031008,0.9196428571428571,0.8950231255292815,0.8698795681063124,0.8547717842323651,0.8200636942675159,1.0073869751656221
2262,0.9691666666666666,0.8838620719605672,0.7751937984496124,0.9259259259259259,0.8838620719605672,0.8626431955211026,0.8438818565400844,0.8012820512820513,1.0649509361592815
2263,0.9716666666666667,0.8988990945215296,0.8062015503875969,0.9203539823008849,0.8988990945215296,0.8736944330109077,0.859504132231405,0.8267090620031796,0.9786046615031967
2264,0.9708333333333333,0.8950231255292815,0.7984496124031008,0.9196428571428571,0.8950231255292815,0.8698795681063124,0.8547717842323651,0.8200636942675159,1.0073869751656221
2265,0.9675,0.8795192495602893,0.7674418604651163,0.9166666666666666,0.8795192495602894,0.8545542635658914,0.8354430379746837,0.7932692307692308,1.1225162298153244
2266,0.9675,0.8829283651445075,0.7751937984496124,0.9090909090909091,0.8829283651445075,0.8542256871035941,0.8368200836820083,0.7987220447284344,1.1225168961465162
2267,0.9691666666666666,0.8872711875447854,0.7829457364341085,0.9181818181818182,0.8872711875447854,0.86223044397463,0.8451882845188284,0.8067092651757188,1.0649516024904733
2268,0.97,0.8877380409528153,0.7829457364341085,0.926605504587156,0.8877380409528153,0.8664422871772988,0.8487394957983192,0.808,1.036168622496856
2269,0.9691666666666666,0.8906803031290036,0.7906976744186046,0.9107142857142857,0.8906803031290037,0.8619559800664451,0.846473029045643,0.8121019108280255,1.0649522688216653
2270,0.9683333333333334,0.8868043341367555,0.7829457364341085,0.9099099099099099,0.8868043341367555,0.8580944898386759,0.8416666666666666,0.8054226475279107,1.093734582484091
2271,0.9683333333333334,0.8833952185525373,0.7751937984496124,0.9174311926605505,0.8833952185525373,0.8583958288884148,0.8403361344537815,0.7999999999999999,1.093733916152899
2272,0.97,0.8877380409528153,0.7829457364341085,0.926605504587156,0.8877380409528153,0.8664422871772988,0.8487394957983192,0.808,1.036168622496856
2273,0.9691666666666666,0.8906803031290036,0.7906976744186046,0.9107142857142857,0.8906803031290037,0.8619559800664451,0.846473029045643,0.8121019108280255,1.064952268821665
2274,0.9716666666666667,0.8988990945215296,0.8062015503875969,0.9203539823008849,0.8988990945215296,0.8736944330109077,0.859504132231405,0.8267090620031796,0.9786046615031967
2275,0.9708333333333333,0.8984322411134997,0.8062015503875969,0.9122807017543859,0.8984322411134997,0.8696577927376581,0.8559670781893004,0.8253968253968255,1.007387641496814
2276,0.9683333333333334,0.8868043341367555,0.7829457364341085,0.9099099099099099,0.8868043341367555,0.8580944898386759,0.8416666666666666,0.8054226475279107,1.093734582484091
2277,0.9733333333333334,0.9032419169218076,0.813953488372093,0.9292035398230089,0.9032419169218076,0.881578514097551,0.8677685950413223,0.8346581875993642,0.9210393678471538
2278,0.9716666666666667,0.8954899789373114,0.7984496124031008,0.9279279279279279,0.8954899789373114,0.8740221034988476,0.8583333333333333,0.8213716108452951,0.9786039951720049
2279,0.9675,0.8795192495602893,0.7674418604651163,0.9166666666666666,0.8795192495602894,0.8545542635658914,0.8354430379746837,0.7932692307692308,1.1225162298153244
2280,0.9675,0.8795192495602893,0.7674418604651163,0.9166666666666666,0.8795192495602894,0.8545542635658914,0.8354430379746837,0.7932692307692308,1.1225162298153244
2281,0.9691666666666666,0.8838620719605672,0.7751937984496124,0.9259259259259259,0.8838620719605672,0.8626431955211026,0.8438818565400844,0.8012820512820513,1.0649509361592815
2282,0.9683333333333334,0.8833952185525373,0.7751937984496124,0.9174311926605505,0.8833952185525373,0.8583958288884148,0.8403361344537815,0.7999999999999999,1.093733916152899
2283,0.9641666666666666,0.8674244891755152,0.7441860465116279,0.9056603773584906,0.8674244891755152,0.8386732119350592,0.8170212765957447,0.7717041800643085,1.2376461507962189
2284,0.9675,0.8829283651445075,0.7751937984496124,0.9090909090909091,0.8829283651445075,0.8542256871035941,0.8368200836820083,0.7987220447284344,1.1225168961465164
2285,0.9708333333333333,0.8950231255292815,0.7984496124031008,0.9196428571428571,0.8950231255292815,0.8698795681063124,0.8547717842323651,0.8200636942675159,1.0073869751656221
2286,0.9716666666666667,0.8954899789373114,0.7984496124031008,0.9279279279279279,0.8954899789373114,0.8740221034988476,0.8583333333333333,0.8213716108452951,0.9786039951720049
2287,0.9666666666666667,0.8790523961522594,0.7674418604651163,0.908256880733945,0.8790523961522594,0.8503493705995308,0.8319327731092436,0.7919999999999999,1.1512992098089418
2288,0.9716666666666667,0.9023082101057478,0.813953488372093,0.9130434782608695,0.9023082101057478,0.8734984833164814,0.860655737704918,0.8320126782884311,0.9786053278343885
2289,0.9691666666666666,0.8872711875447854,0.7829457364341085,0.9181818181818182,0.8872711875447854,0.86223044397463,0.8451882845188284,0.8067092651757188,1.0649516024904733
2290,0.9716666666666667,0.8954899789373114,0.7984496124031008,0.9279279279279279,0.8954899789373114,0.8740221034988476,0.8583333333333333,0.8213716108452951,0.9786039951720049
2291,0.9691666666666666,0.8872711875447854,0.7829457364341085,0.9181818181818182,0.8872711875447854,0.86223044397463,0.8451882845188284,0.8067092651757188,1.0649516024904733
2292,0.97,0.8911471565370335,0.7906976744186046,0.918918918918919,0.8911471565370335,0.8660582966687618,0.85,0.8133971291866028,1.0361692888280478
2293,0.9683333333333334,0.8833952185525373,0.7751937984496124,0.9174311926605505,0.8833952185525373,0.8583958288884148,0.8403361344537815,0.7999999999999999,1.093733916152899
2294,0.97,0.8877380409528153,0.7829457364341085,0.926605504587156,0.8877380409528153,0.8664422871772988,0.8487394957983192,0.808,1.036168622496856
2295,0.97,0.8945562721212517,0.7984496124031008,0.911504424778761,0.8945562721212517,0.8658103519242641,0.8512396694214877,0.8187599364069952,1.0361699551592396
2296,0.9725,0.9027750635137777,0.813953488372093,0.9210526315789473,0.9027750635137777,0.8775030599755202,0.8641975308641974,0.8333333333333334,0.9498223478407711
2297,0.9666666666666667,0.8790523961522594,0.7674418604651163,0.908256880733945,0.8790523961522594,0.8503493705995308,0.8319327731092436,0.7919999999999999,1.1512992098089418
2298,0.9691666666666666,0.8872711875447854,0.7829457364341085,0.9181818181818182,0.8872711875447854,0.86223044397463,0.8451882845188284,0.8067092651757188,1.0649516024904733
2299,0.9658333333333333,0.8785855427442295,0.7674418604651163,0.9,0.8785855427442295,0.8462209302325582,0.8284518828451884,0.7907348242811502,1.1800821898025595
2300,0.9666666666666667,0.8756432805680412,0.7596899224806202,0.9158878504672897,0.8756432805680412,0.8507055531406216,0.8305084745762713,0.7865168539325843,1.1512985434777498
2301,0.9691666666666666,0.8872711875447854,0.7829457364341085,0.9181818181818182,0.8872711875447854,0.86223044397463,0.8451882845188284,0.8067092651757188,1.0649516024904733
2302,0.9708333333333333,0.8950231255292815,0.7984496124031008,0.9196428571428571,0.8950231255292815,0.8698795681063124,0.8547717842323651,0.8200636942675159,1.0073869751656221
2303,0.9675,0.8795192495602893,0.7674418604651163,0.9166666666666666,0.8795192495602894,0.8545542635658914,0.8354430379746837,0.7932692307692308,1.1225162298153244
2304,0.9691666666666666,0.8872711875447854,0.7829457364341085,0.9181818181818182,0.8872711875447854,0.86223044397463,0.8451882845188284,0.8067092651757188,1.0649516024904733
2305,0.9708333333333333,0.8950231255292815,0.7984496124031008,0.9196428571428571,0.8950231255292815,0.8698795681063124,0.8547717842323651,0.8200636942675159,1.0073869751656221
2306,0.9675,0.8795192495602893,0.7674418604651163,0.9166666666666666,0.8795192495602894,0.8545542635658914,0.8354430379746837,0.7932692307692308,1.1225162298153244
2307,0.97,0.8911471565370335,0.7906976744186046,0.918918918918919,0.8911471565370335,0.8660582966687618,0.85,0.8133971291866028,1.0361692888280478
2308,0.9683333333333334,0.8833952185525373,0.7751937984496124,0.9174311926605505,0.8833952185525373,0.8583958288884148,0.8403361344537815,0.7999999999999999,1.093733916152899
2309,0.9658333333333333,0.8751764271600113,0.7596899224806202,0.9074074074074074,0.8751764271600113,0.8464653316106805,0.8270042194092827,0.7852564102564104,1.1800815234713675
2310,0.9675,0.8829283651445075,0.7751937984496124,0.9090909090909091,0.8829283651445075,0.8542256871035941,0.8368200836820083,0.7987220447284344,1.1225168961465162
2311,0.9716666666666667,0.8954899789373114,0.7984496124031008,0.9279279279279279,0.8954899789373114,0.8740221034988476,0.8583333333333333,0.8213716108452951,0.9786039951720049
2312,0.97,0.8911471565370335,0.7906976744186046,0.918918918918919,0.8911471565370335,0.8660582966687618,0.85,0.8133971291866028,1.0361692888280478
2313,0.97,0.8877380409528153,0.7829457364341085,0.926605504587156,0.8877380409528153,0.8664422871772988,0.8487394957983192,0.808,1.036168622496856
2314,0.9708333333333333,0.8916140099450633,0.7906976744186046,0.9272727272727272,0.8916140099450633,0.870235200845666,0.8535564853556484,0.8146964856230033,1.0073863088344304
2315,0.97,0.8911471565370335,0.7906976744186046,0.918918918918919,0.8911471565370335,0.8660582966687618,0.85,0.8133971291866028,1.0361692888280478
2316,0.9691666666666666,0.8838620719605672,0.7751937984496124,0.9259259259259259,0.8838620719605672,0.8626431955211026,0.8438818565400844,0.8012820512820513,1.0649509361592815
2317,0.97,0.8911471565370335,0.7906976744186046,0.918918918918919,0.8911471565370335,0.8660582966687618,0.85,0.8133971291866028,1.0361692888280478
2318,0.9716666666666667,0.8988990945215296,0.8062015503875969,0.9203539823008849,0.8988990945215296,0.8736944330109077,0.859504132231405,0.8267090620031796,0.9786046615031967
2319,0.97,0.8911471565370335,0.7906976744186046,0.918918918918919,0.8911471565370335,0.8660582966687618,0.85,0.8133971291866028,1.0361692888280478
2320,0.9683333333333334,0.8833952185525373,0.7751937984496124,0.9174311926605505,0.8833952185525373,0.8583958288884148,0.8403361344537815,0.7999999999999999,1.093733916152899
2321,0.9658333333333333,0.8751764271600113,0.7596899224806202,0.9074074074074074,0.8751764271600113,0.8464653316106805,0.8270042194092827,0.7852564102564104,1.1800815234713677
2322,0.97,0.8945562721212517,0.7984496124031008,0.911504424778761,0.8945562721212517,0.8658103519242641,0.8512396694214877,0.8187599364069952,1.0361699551592396
2323,0.9683333333333334,0.8833952185525373,0.7751937984496124,0.9174311926605505,0.8833952185525373,0.8583958288884148,0.8403361344537815,0.7999999999999999,1.093733916152899
2324,0.9708333333333333,0.8916140099450633,0.7906976744186046,0.9272727272727272,0.8916140099450633,0.870235200845666,0.8535564853556484,0.8146964856230033,1.0073863088344301
2325,0.9683333333333334,0.8833952185525373,0.7751937984496124,0.9174311926605505,0.8833952185525373,0.8583958288884148,0.8403361344537815,0.7999999999999999,1.093733916152899
2326,0.9716666666666667,0.8988990945215296,0.8062015503875969,0.9203539823008849,0.8988990945215296,0.8736944330109077,0.859504132231405,0.8267090620031796,0.9786046615031967
2327,0.97,0.8911471565370335,0.7906976744186046,0.918918918918919,0.8911471565370335,0.8660582966687618,0.85,0.8133971291866028,1.0361692888280478
2328,0.9675,0.8829283651445075,0.7751937984496124,0.9090909090909091,0.8829283651445075,0.8542256871035941,0.8368200836820083,0.7987220447284344,1.1225168961465164
2329,0.9691666666666666,0.8872711875447854,0.7829457364341085,0.9181818181818182,0.8872711875447854,0.86223044397463,0.8451882845188284,0.8067092651757188,1.0649516024904733
2330,0.9691666666666666,0.8906803031290036,0.7906976744186046,0.9107142857142857,0.8906803031290037,0.8619559800664451,0.846473029045643,0.8121019108280255,1.0649522688216653
2331,0.9683333333333334,0.8833952185525373,0.7751937984496124,0.9174311926605505,0.8833952185525373,0.8583958288884148,0.8403361344537815,0.7999999999999999,1.093733916152899
2332,0.9683333333333334,0.8833952185525373,0.7751937984496124,0.9174311926605505,0.8833952185525373,0.8583958288884148,0.8403361344537815,0.7999999999999999,1.093733916152899
2333,0.9658333333333333,0.8717673115757931,0.751937984496124,0.9150943396226415,0.8717673115757931,0.8468494953927161,0.8255319148936171,0.7797427652733119,1.1800808571401757
2334,0.9683333333333334,0.8868043341367555,0.7829457364341085,0.9099099099099099,0.8868043341367555,0.8580944898386759,0.8416666666666666,0.8054226475279107,1.093734582484091
2335,0.9708333333333333,0.8916140099450633,0.7906976744186046,0.9272727272727272,0.8916140099450633,0.870235200845666,0.8535564853556484,0.8146964856230033,1.0073863088344304
2336,0.9725,0.9027750635137777,0.813953488372093,0.9210526315789473,0.9027750635137777,0.8775030599755202,0.8641975308641974,0.8333333333333334,0.9498223478407711
2337,0.97,0.8911471565370335,0.7906976744186046,0.918918918918919,0.8911471565370335,0.8660582966687618,0.85,0.8133971291866028,1.0361692888280478
2338,0.9666666666666667,0.8790523961522594,0.7674418604651163,0.908256880733945,0.8790523961522594,0.8503493705995308,0.8319327731092436,0.7919999999999999,1.1512992098089418
2339,0.9725,0.8993659479295595,0.8062015503875969,0.9285714285714286,0.8993659479295595,0.8778031561461794,0.8630705394190872,0.8280254777070064,0.9498216815095794
2340,0.9691666666666666,0.8872711875447854,0.7829457364341085,0.9181818181818182,0.8872711875447854,0.86223044397463,0.8451882845188284,0.8067092651757188,1.0649516024904733
2341,0.9691666666666666,0.8906803031290036,0.7906976744186046,0.9107142857142857,0.8906803031290037,0.8619559800664451,0.846473029045643,0.8121019108280255,1.064952268821665
2342,0.9683333333333334,0.8833952185525373,0.7751937984496124,0.9174311926605505,0.8833952185525373,0.8583958288884148,0.8403361344537815,0.7999999999999999,1.093733916152899
2343,0.9716666666666667,0.8988990945215296,0.8062015503875969,0.9203539823008849,0.8988990945215296,0.8736944330109077,0.859504132231405,0.8267090620031796,0.9786046615031965
2344,0.9708333333333333,0.8950231255292815,0.7984496124031008,0.9196428571428571,0.8950231255292815,0.8698795681063124,0.8547717842323651,0.8200636942675159,1.0073869751656221
2345,0.9675,0.8795192495602893,0.7674418604651163,0.9166666666666666,0.8795192495602894,0.8545542635658914,0.8354430379746837,0.7932692307692308,1.1225162298153244
2346,0.9691666666666666,0.8872711875447854,0.7829457364341085,0.9181818181818182,0.8872711875447854,0.86223044397463,0.8451882845188284,0.8067092651757188,1.0649516024904733
2347,0.9666666666666667,0.8756432805680412,0.7596899224806202,0.9158878504672897,0.8756432805680412,0.8507055531406216,0.8305084745762713,0.7865168539325843,1.15129854347775
2348,0.9708333333333333,0.8950231255292815,0.7984496124031008,0.9196428571428571,0.8950231255292815,0.8698795681063124,0.8547717842323651,0.8200636942675159,1.0073869751656221
2349,0.9716666666666667,0.8954899789373114,0.7984496124031008,0.9279279279279279,0.8954899789373114,0.8740221034988476,0.8583333333333333,0.8213716108452951,0.9786039951720049
2350,0.9691666666666666,0.8872711875447854,0.7829457364341085,0.9181818181818182,0.8872711875447854,0.86223044397463,0.8451882845188284,0.8067092651757188,1.0649516024904733
2351,0.9683333333333334,0.8868043341367555,0.7829457364341085,0.9099099099099099,0.8868043341367555,0.8580944898386759,0.8416666666666666,0.8054226475279107,1.0937345824840907
2352,0.9691666666666666,0.8872711875447854,0.7829457364341085,0.9181818181818182,0.8872711875447854,0.86223044397463,0.8451882845188284,0.8067092651757188,1.0649516024904733
2353,0.9675,0.8829283651445075,0.7751937984496124,0.9090909090909091,0.8829283651445075,0.8542256871035941,0.8368200836820083,0.7987220447284344,1.1225168961465162
2354,0.97,0.8911471565370335,0.7906976744186046,0.918918918918919,0.8911471565370335,0.8660582966687618,0.85,0.8133971291866028,1.0361692888280478
2355,0.9716666666666667,0.8988990945215296,0.8062015503875969,0.9203539823008849,0.8988990945215296,0.8736944330109077,0.859504132231405,0.8267090620031796,0.9786046615031967
2356,0.9675,0.8795192495602893,0.7674418604651163,0.9166666666666666,0.8795192495602894,0.8545542635658914,0.8354430379746837,0.7932692307692308,1.1225162298153244
2357,0.9666666666666667,0.8790523961522594,0.7674418604651163,0.908256880733945,0.8790523961522594,0.8503493705995308,0.8319327731092436,0.7919999999999999,1.1512992098089418
2358,0.965,0.8713004581677632,0.751937984496124,0.9065420560747663,0.8713004581677634,0.8425733536187785,0.8220338983050847,0.7784911717495986,1.208863837133793
2359,0.9725,0.9027750635137777,0.813953488372093,0.9210526315789473,0.9027750635137777,0.8775030599755202,0.8641975308641974,0.8333333333333334,0.9498223478407711
2360,0.9716666666666667,0.8954899789373114,0.7984496124031008,0.9279279279279279,0.8954899789373114,0.8740221034988476,0.8583333333333333,0.8213716108452951,0.9786039951720049
2361,0.9708333333333333,0.8950231255292815,0.7984496124031008,0.9196428571428571,0.8950231255292815,0.8698795681063124,0.8547717842323651,0.8200636942675159,1.0073869751656221
2362,0.9683333333333334,0.8833952185525373,0.7751937984496124,0.9174311926605505,0.8833952185525373,0.8583958288884148,0.8403361344537815,0.7999999999999999,1.093733916152899
2363,0.9691666666666666,0.8872711875447854,0.7829457364341085,0.9181818181818182,0.8872711875447854,0.86223044397463,0.8451882845188284,0.8067092651757188,1.0649516024904733
2364,0.9691666666666666,0.8872711875447854,0.7829457364341085,0.9181818181818182,0.8872711875447854,0.86223044397463,0.8451882845188284,0.8067092651757188,1.0649516024904733
2365,0.9675,0.8829283651445075,0.7751937984496124,0.9090909090909091,0.8829283651445075,0.8542256871035941,0.8368200836820083,0.7987220447284344,1.1225168961465164
2366,0.97,0.8911471565370335,0.7906976744186046,0.918918918918919,0.8911471565370335,0.8660582966687618,0.85,0.8133971291866028,1.0361692888280478
2367,0.9675,0.8795192495602893,0.7674418604651163,0.9166666666666666,0.8795192495602894,0.8545542635658914,0.8354430379746837,0.7932692307692308,1.1225162298153244
2368,0.9725,0.8993659479295595,0.8062015503875969,0.9285714285714286,0.8993659479295595,0.8778031561461794,0.8630705394190872,0.8280254777070064,0.9498216815095794
2369,0.97,0.8911471565370335,0.7906976744186046,0.918918918918919,0.8911471565370335,0.8660582966687618,0.85,0.8133971291866028,1.0361692888280478
2370,0.9675,0.8829283651445075,0.7751937984496124,0.9090909090909091,0.8829283651445075,0.8542256871035941,0.8368200836820083,0.7987220447284344,1.1225168961465164
2371,0.9691666666666666,0.8906803031290036,0.7906976744186046,0.9107142857142857,0.8906803031290037,0.8619559800664451,0.846473029045643,0.8121019108280255,1.064952268821665
2372,0.9683333333333334,0.8799861029683191,0.7674418604651163,0.9252336448598131,0.8799861029683191,0.8588377526624646,0.8389830508474577,0.7945425361155699,1.093733249821707
2373,0.97,0.8911471565370335,0.7906976744186046,0.918918918918919,0.8911471565370335,0.8660582966687618,0.85,0.8133971291866028,1.0361692888280478
2374,0.9675,0.8795192495602893,0.7674418604651163,0.9166666666666666,0.8795192495602894,0.8545542635658914,0.8354430379746837,0.7932692307692308,1.1225162298153244
2375,0.9683333333333334,0.8868043341367555,0.7829457364341085,0.9099099099099099,0.8868043341367555,0.8580944898386759,0.8416666666666666,0.8054226475279107,1.0937345824840907
2376,0.9675,0.8795192495602893,0.7674418604651163,0.9166666666666666,0.8795192495602894,0.8545542635658914,0.8354430379746837,0.7932692307692308,1.1225162298153244
2377,0.9683333333333334,0.8833952185525373,0.7751937984496124,0.9174311926605505,0.8833952185525373,0.8583958288884148,0.8403361344537815,0.7999999999999999,1.093733916152899
2378,0.97,0.8911471565370335,0.7906976744186046,0.918918918918919,0.8911471565370335,0.8660582966687618,0.85,0.8133971291866028,1.0361692888280478
2379,0.9683333333333334,0.8799861029683191,0.7674418604651163,0.9252336448598131,0.8799861029683191,0.8588377526624646,0.8389830508474577,0.7945425361155699,1.093733249821707
2380,0.9691666666666666,0.8872711875447854,0.7829457364341085,0.9181818181818182,0.8872711875447854,0.86223044397463,0.8451882845188284,0.8067092651757188,1.0649516024904733
2381,0.97,0.8911471565370335,0.7906976744186046,0.918918918918919,0.8911471565370335,0.8660582966687618,0.85,0.8133971291866028,1.0361692888280478
2382,0.9691666666666666,0.8872711875447854,0.7829457364341085,0.9181818181818182,0.8872711875447854,0.86223044397463,0.8451882845188284,0.8067092651757188,1.0649516024904733
2383,0.9716666666666667,0.8988990945215296,0.8062015503875969,0.9203539823008849,0.8988990945215296,0.8736944330109077,0.859504132231405,0.8267090620031796,0.9786046615031967
2384,0.9683333333333334,0.8868043341367555,0.7829457364341085,0.9099099099099099,0.8868043341367555,0.8580944898386759,0.8416666666666666,0.8054226475279107,1.0937345824840907
2385,0.9675,0.8795192495602893,0.7674418604651163,0.9166666666666666,0.8795192495602894,0.8545542635658914,0.8354430379746837,0.7932692307692308,1.1225162298153244
2386,0.9658333333333333,0.8751764271600113,0.7596899224806202,0.9074074074074074,0.8751764271600113,0.8464653316106805,0.8270042194092827,0.7852564102564104,1.1800815234713675
2387,0.9683333333333334,0.8833952185525373,0.7751937984496124,0.9174311926605505,0.8833952185525373,0.8583958288884148,0.8403361344537815,0.7999999999999999,1.093733916152899
2388,0.9708333333333333,0.8984322411134997,0.8062015503875969,0.9122807017543859,0.8984322411134997,0.8696577927376581,0.8559670781893004,0.8253968253968255,1.007387641496814
2389,0.9666666666666667,0.8790523961522594,0.7674418604651163,0.908256880733945,0.8790523961522594,0.8503493705995308,0.8319327731092436,0.7919999999999999,1.1512992098089418
2390,0.9666666666666667,0.8790523961522594,0.7674418604651163,0.908256880733945,0.8790523961522594,0.8503493705995308,0.8319327731092436,0.7919999999999999,1.1512992098089418
2391,0.9708333333333333,0.8916140099450633,0.7906976744186046,0.9272727272727272,0.8916140099450633,0.870235200845666,0.8535564853556484,0.8146964856230033,1.0073863088344304
2392,0.9683333333333334,0.8868043341367555,0.7829457364341085,0.9099099099099099,0.8868043341367555,0.8580944898386759,0.8416666666666666,0.8054226475279107,1.0937345824840907
2393,0.9708333333333333,0.8950231255292815,0.7984496124031008,0.9196428571428571,0.8950231255292815,0.8698795681063124,0.8547717842323651,0.8200636942675159,1.0073869751656221
2394,0.9691666666666666,0.8872711875447854,0.7829457364341085,0.9181818181818182,0.8872711875447854,0.86223044397463,0.8451882845188284,0.8067092651757188,1.0649516024904733
2395,0.9683333333333334,0.8868043341367555,0.7829457364341085,0.9099099099099099,0.8868043341367555,0.8580944898386759,0.8416666666666666,0.8054226475279107,1.093734582484091
2396,0.97,0.8945562721212517,0.7984496124031008,0.911504424778761,0.8945562721212517,0.8658103519242641,0.8512396694214877,0.8187599364069952,1.0361699551592396
2397,0.9666666666666667,0.8756432805680412,0.7596899224806202,0.9158878504672897,0.8756432805680412,0.8507055531406216,0.8305084745762713,0.7865168539325843,1.1512985434777498
2398,0.97,0.8911471565370335,0.7906976744186046,0.918918918918919,0.8911471565370335,0.8660582966687618,0.85,0.8133971291866028,1.0361692888280478
2399,0.9691666666666666,0.8872711875447854,0.7829457364341085,0.9181818181818182,0.8872711875447854,0.86223044397463,0.8451882845188284,0.8067092651757188,1.0649516024904733
2400,0.9716666666666667,0.8988990945215296,0.8062015503875969,0.9203539823008849,0.8988990945215296,0.8736944330109077,0.859504132231405,0.8267090620031796,0.9786046615031967
2401,0.9708333333333333,0.8950231255292815,0.7984496124031008,0.9196428571428571,0.8950231255292815,0.8698795681063124,0.8547717842323651,0.8200636942675159,1.0073869751656221
2402,0.97,0.8911471565370335,0.7906976744186046,0.918918918918919,0.8911471565370335,0.8660582966687618,0.85,0.8133971291866028,1.0361692888280478
2403,0.9708333333333333,0.8950231255292815,0.7984496124031008,0.9196428571428571,0.8950231255292815,0.8698795681063124,0.8547717842323651,0.8200636942675159,1.0073869751656221
2404,0.97,0.8945562721212517,0.7984496124031008,0.911504424778761,0.8945562721212517,0.8658103519242641,0.8512396694214877,0.8187599364069952,1.0361699551592396
2405,0.9666666666666667,0.8790523961522594,0.7674418604651163,0.908256880733945,0.8790523961522594,0.8503493705995308,0.8319327731092436,0.7919999999999999,1.1512992098089418
2406,0.9691666666666666,0.8872711875447854,0.7829457364341085,0.9181818181818182,0.8872711875447854,0.86223044397463,0.8451882845188284,0.8067092651757188,1.0649516024904733
2407,0.9691666666666666,0.8906803031290036,0.7906976744186046,0.9107142857142857,0.8906803031290037,0.8619559800664451,0.846473029045643,0.8121019108280255,1.0649522688216653
2408,0.97,0.8911471565370335,0.7906976744186046,0.918918918918919,0.8911471565370335,0.8660582966687618,0.85,0.8133971291866028,1.0361692888280478
2409,0.9675,0.8829283651445075,0.7751937984496124,0.9090909090909091,0.8829283651445075,0.8542256871035941,0.8368200836820083,0.7987220447284344,1.1225168961465164
2410,0.9675,0.8829283651445075,0.7751937984496124,0.9090909090909091,0.8829283651445075,0.8542256871035941,0.8368200836820083,0.7987220447284344,1.1225168961465164
2411,0.9675,0.8795192495602893,0.7674418604651163,0.9166666666666666,0.8795192495602894,0.8545542635658914,0.8354430379746837,0.7932692307692308,1.1225162298153244
2412,0.9683333333333334,0.8833952185525373,0.7751937984496124,0.9174311926605505,0.8833952185525373,0.8583958288884148,0.8403361344537815,0.7999999999999999,1.093733916152899
2413,0.97,0.8911471565370335,0.7906976744186046,0.918918918918919,0.8911471565370335,0.8660582966687618,0.85,0.8133971291866028,1.0361692888280478
2414,0.9666666666666667,0.8756432805680412,0.7596899224806202,0.9158878504672897,0.8756432805680412,0.8507055531406216,0.8305084745762713,0.7865168539325843,1.1512985434777498
2415,0.9666666666666667,0.8756432805680412,0.7596899224806202,0.9158878504672897,0.8756432805680412,0.8507055531406216,0.8305084745762713,0.7865168539325843,1.1512985434777498
2416,0.9683333333333334,0.8833952185525373,0.7751937984496124,0.9174311926605505,0.8833952185525373,0.8583958288884148,0.8403361344537815,0.7999999999999999,1.093733916152899
2417,0.9708333333333333,0.8916140099450633,0.7906976744186046,0.9272727272727272,0.8916140099450633,0.870235200845666,0.8535564853556484,0.8146964856230033,1.0073863088344304
2418,0.97,0.8911471565370335,0.7906976744186046,0.918918918918919,0.8911471565370335,0.8660582966687618,0.85,0.8133971291866028,1.0361692888280478
2419,0.9741666666666666,0.9071178859140556,0.8217054263565892,0.9298245614035088,0.9071178859140556,0.8853483272133823,0.8724279835390947,0.8412698412698413,0.892257054184728
2420,0.9691666666666666,0.8838620719605672,0.7751937984496124,0.9259259259259259,0.8838620719605672,0.8626431955211026,0.8438818565400844,0.8012820512820513,1.0649509361592815
2421,0.97,0.8945562721212517,0.7984496124031008,0.911504424778761,0.8945562721212517,0.8658103519242641,0.8512396694214877,0.8187599364069952,1.0361699551592396
2422,0.9708333333333333,0.8950231255292815,0.7984496124031008,0.9196428571428571,0.8950231255292815,0.8698795681063124,0.8547717842323651,0.8200636942675159,1.0073869751656221
2423,0.9691666666666666,0.8872711875447854,0.7829457364341085,0.9181818181818182,0.8872711875447854,0.86223044397463,0.8451882845188284,0.8067092651757188,1.0649516024904733
2424,0.9691666666666666,0.8906803031290036,0.7906976744186046,0.9107142857142857,0.8906803031290037,0.8619559800664451,0.846473029045643,0.8121019108280255,1.0649522688216653
2425,0.9708333333333333,0.8950231255292815,0.7984496124031008,0.9196428571428571,0.8950231255292815,0.8698795681063124,0.8547717842323651,0.8200636942675159,1.0073869751656221
2426,0.9716666666666667,0.8988990945215296,0.8062015503875969,0.9203539823008849,0.8988990945215296,0.8736944330109077,0.859504132231405,0.8267090620031796,0.9786046615031967
2427,0.9691666666666666,0.8872711875447854,0.7829457364341085,0.9181818181818182,0.8872711875447854,0.86223044397463,0.8451882845188284,0.8067092651757188,1.0649516024904733
2428,0.9691666666666666,0.8906803031290036,0.7906976744186046,0.9107142857142857,0.8906803031290037,0.8619559800664451,0.846473029045643,0.8121019108280255,1.0649522688216653
2429,0.9708333333333333,0.8950231255292815,0.7984496124031008,0.9196428571428571,0.8950231255292815,0.8698795681063124,0.8547717842323651,0.8200636942675159,1.0073869751656221
2430,0.97,0.8911471565370335,0.7906976744186046,0.918918918918919,0.8911471565370335,0.8660582966687618,0.85,0.8133971291866028,1.0361692888280478
2431,0.9666666666666667,0.8756432805680412,0.7596899224806202,0.9158878504672897,0.8756432805680412,0.8507055531406216,0.8305084745762713,0.7865168539325843,1.15129854347775
2432,0.9666666666666667,0.8756432805680412,0.7596899224806202,0.9158878504672897,0.8756432805680412,0.8507055531406216,0.8305084745762713,0.7865168539325843,1.1512985434777498
2433,0.97,0.8911471565370335,0.7906976744186046,0.918918918918919,0.8911471565370335,0.8660582966687618,0.85,0.8133971291866028,1.0361692888280478
2434,0.9666666666666667,0.8756432805680412,0.7596899224806202,0.9158878504672897,0.8756432805680412,0.8507055531406216,0.8305084745762713,0.7865168539325843,1.1512985434777498
2435,0.9691666666666666,0.8872711875447854,0.7829457364341085,0.9181818181818182,0.8872711875447854,0.86223044397463,0.8451882845188284,0.8067092651757188,1.0649516024904733
2436,0.9675,0.8795192495602893,0.7674418604651163,0.9166666666666666,0.8795192495602894,0.8545542635658914,0.8354430379746837,0.7932692307692308,1.1225162298153244
2437,0.9666666666666667,0.8756432805680412,0.7596899224806202,0.9158878504672897,0.8756432805680412,0.8507055531406216,0.8305084745762713,0.7865168539325843,1.1512985434777498
2438,0.9691666666666666,0.8872711875447854,0.7829457364341085,0.9181818181818182,0.8872711875447854,0.86223044397463,0.8451882845188284,0.8067092651757188,1.0649516024904733
2439,0.9691666666666666,0.8872711875447854,0.7829457364341085,0.9181818181818182,0.8872711875447854,0.86223044397463,0.8451882845188284,0.8067092651757188,1.0649516024904733
2440,0.9683333333333334,0.8799861029683191,0.7674418604651163,0.9252336448598131,0.8799861029683191,0.8588377526624646,0.8389830508474577,0.7945425361155699,1.093733249821707
2441,0.9683333333333334,0.8833952185525373,0.7751937984496124,0.9174311926605505,0.8833952185525373,0.8583958288884148,0.8403361344537815,0.7999999999999999,1.093733916152899
2442,0.9666666666666667,0.8790523961522594,0.7674418604651163,0.908256880733945,0.8790523961522594,0.8503493705995308,0.8319327731092436,0.7919999999999999,1.1512992098089418
2443,0.9691666666666666,0.8872711875447854,0.7829457364341085,0.9181818181818182,0.8872711875447854,0.86223044397463,0.8451882845188284,0.8067092651757188,1.0649516024904733
2444,0.9691666666666666,0.8872711875447854,0.7829457364341085,0.9181818181818182,0.8872711875447854,0.86223044397463,0.8451882845188284,0.8067092651757188,1.0649516024904735
2445,0.97,0.8911471565370335,0.7906976744186046,0.918918918918919,0.8911471565370335,0.8660582966687618,0.85,0.8133971291866028,1.0361692888280478
2446,0.9691666666666666,0.8872711875447854,0.7829457364341085,0.9181818181818182,0.8872711875447854,0.86223044397463,0.8451882845188284,0.8067092651757188,1.0649516024904733
2447,0.9708333333333333,0.8950231255292815,0.7984496124031008,0.9196428571428571,0.8950231255292815,0.8698795681063124,0.8547717842323651,0.8200636942675159,1.0073869751656221
2448,0.9691666666666666,0.8906803031290036,0.7906976744186046,0.9107142857142857,0.8906803031290037,0.8619559800664451,0.846473029045643,0.8121019108280255,1.064952268821665
2449,0.9691666666666666,0.8906803031290036,0.7906976744186046,0.9107142857142857,0.8906803031290037,0.8619559800664451,0.846473029045643,0.8121019108280255,1.064952268821665
2450,0.97,0.8911471565370335,0.7906976744186046,0.918918918918919,0.8911471565370335,0.8660582966687618,0.85,0.8133971291866028,1.0361692888280478
2451,0.9708333333333333,0.8950231255292815,0.7984496124031008,0.9196428571428571,0.8950231255292815,0.8698795681063124,0.8547717842323651,0.8200636942675159,1.0073869751656221
2452,0.965,0.8713004581677632,0.751937984496124,0.9065420560747663,0.8713004581677634,0.8425733536187785,0.8220338983050847,0.7784911717495986,1.2088638371337932
2453,0.97,0.8911471565370335,0.7906976744186046,0.918918918918919,0.8911471565370335,0.8660582966687618,0.85,0.8133971291866028,1.0361692888280478
2454,0.97,0.8911471565370335,0.7906976744186046,0.918918918918919,0.8911471565370335,0.8660582966687618,0.85,0.8133971291866028,1.0361692888280478
2455,0.9683333333333334,0.8868043341367555,0.7829457364341085,0.9099099099099099,0.8868043341367555,0.8580944898386759,0.8416666666666666,0.8054226475279107,1.0937345824840907
2456,0.9691666666666666,0.8872711875447854,0.7829457364341085,0.9181818181818182,0.8872711875447854,0.86223044397463,0.8451882845188284,0.8067092651757188,1.0649516024904733
2457,0.9666666666666667,0.8756432805680412,0.7596899224806202,0.9158878504672897,0.8756432805680412,0.8507055531406216,0.8305084745762713,0.7865168539325843,1.1512985434777498
2458,0.97,0.8911471565370335,0.7906976744186046,0.918918918918919,0.8911471565370335,0.8660582966687618,0.85,0.8133971291866028,1.0361692888280478
2459,0.9675,0.8795192495602893,0.7674418604651163,0.9166666666666666,0.8795192495602894,0.8545542635658914,0.8354430379746837,0.7932692307692308,1.1225162298153244
2460,0.9675,0.8795192495602893,0.7674418604651163,0.9166666666666666,0.8795192495602894,0.8545542635658914,0.8354430379746837,0.7932692307692308,1.1225162298153244
2461,0.9691666666666666,0.8872711875447854,0.7829457364341085,0.9181818181818182,0.8872711875447854,0.86223044397463,0.8451882845188284,0.8067092651757188,1.0649516024904733
2462,0.9691666666666666,0.8872711875447854,0.7829457364341085,0.9181818181818182,0.8872711875447854,0.86223044397463,0.8451882845188284,0.8067092651757188,1.0649516024904733
2463,0.9708333333333333,0.8916140099450633,0.7906976744186046,0.9272727272727272,0.8916140099450633,0.870235200845666,0.8535564853556484,0.8146964856230033,1.0073863088344304
2464,0.9641666666666666,0.864015373591297,0.7364341085271318,0.9134615384615384,0.864015373591297,0.8391144901610017,0.815450643776824,0.7661290322580645,1.2376454844650269
2465,0.9708333333333333,0.8950231255292815,0.7984496124031008,0.9196428571428571,0.8950231255292815,0.8698795681063124,0.8547717842323651,0.8200636942675159,1.0073869751656221
2466,0.9666666666666667,0.872234164983823,0.751937984496124,0.9238095238095239,0.872234164983823,0.8512070874861573,0.8290598290598291,0.7809983896940418,1.151297877146558
2467,0.9716666666666667,0.8988990945215296,0.8062015503875969,0.9203539823008849,0.8988990945215296,0.8736944330109077,0.859504132231405,0.8267090620031796,0.9786046615031967
2468,0.9658333333333333,0.8717673115757931,0.751937984496124,0.9150943396226415,0.8717673115757931,0.8468494953927161,0.8255319148936171,0.7797427652733119,1.1800808571401755
2469,0.97,0.8877380409528153,0.7829457364341085,0.926605504587156,0.8877380409528153,0.8664422871772988,0.8487394957983192,0.808,1.036168622496856
2470,0.97,0.8877380409528153,0.7829457364341085,0.926605504587156,0.8877380409528153,0.8664422871772988,0.8487394957983192,0.808,1.036168622496856
2471,0.9683333333333334,0.8833952185525373,0.7751937984496124,0.9174311926605505,0.8833952185525373,0.8583958288884148,0.8403361344537815,0.7999999999999999,1.093733916152899
2472,0.9691666666666666,0.8872711875447854,0.7829457364341085,0.9181818181818182,0.8872711875447854,0.86223044397463,0.8451882845188284,0.8067092651757188,1.0649516024904733
2473,0.97,0.8911471565370335,0.7906976744186046,0.918918918918919,0.8911471565370335,0.8660582966687618,0.85,0.8133971291866028,1.0361692888280478
2474,0.9691666666666666,0.8872711875447854,0.7829457364341085,0.9181818181818182,0.8872711875447854,0.86223044397463,0.8451882845188284,0.8067092651757188,1.0649516024904733
2475,0.97,0.8911471565370335,0.7906976744186046,0.918918918918919,0.8911471565370335,0.8660582966687618,0.85,0.8133971291866028,1.0361692888280478
2476,0.9708333333333333,0.8950231255292815,0.7984496124031008,0.9196428571428571,0.8950231255292815,0.8698795681063124,0.8547717842323651,0.8200636942675159,1.0073869751656221
2477,0.97,0.8911471565370335,0.7906976744186046,0.918918918918919,0.8911471565370335,0.8660582966687618,0.85,0.8133971291866028,1.0361692888280478
2478,0.9683333333333334,0.8833952185525373,0.7751937984496124,0.9174311926605505,0.8833952185525373,0.8583958288884148,0.8403361344537815,0.7999999999999999,1.093733916152899
2479,0.97,0.8911471565370335,0.7906976744186046,0.918918918918919,0.8911471565370335,0.8660582966687618,0.85,0.8133971291866028,1.0361692888280478
2480,0.9691666666666666,0.8872711875447854,0.7829457364341085,0.9181818181818182,0.8872711875447854,0.86223044397463,0.8451882845188284,0.8067092651757188,1.0649516024904733
2481,0.9683333333333334,0.8868043341367555,0.7829457364341085,0.9099099099099099,0.8868043341367555,0.8580944898386759,0.8416666666666666,0.8054226475279107,1.0937345824840907
2482,0.9708333333333333,0.8950231255292815,0.7984496124031008,0.9196428571428571,0.8950231255292815,0.8698795681063124,0.8547717842323651,0.8200636942675159,1.0073869751656221
2483,0.9675,0.8829283651445075,0.7751937984496124,0.9090909090909091,0.8829283651445075,0.8542256871035941,0.8368200836820083,0.7987220447284344,1.1225168961465164
2484,0.9675,0.8795192495602893,0.7674418604651163,0.9166666666666666,0.8795192495602894,0.8545542635658914,0.8354430379746837,0.7932692307692308,1.1225162298153244
2485,0.9691666666666666,0.8872711875447854,0.7829457364341085,0.9181818181818182,0.8872711875447854,0.86223044397463,0.8451882845188284,0.8067092651757188,1.0649516024904733
2486,0.9691666666666666,0.8872711875447854,0.7829457364341085,0.9181818181818182,0.8872711875447854,0.86223044397463,0.8451882845188284,0.8067092651757188,1.0649516024904733
2487,0.97,0.8877380409528153,0.7829457364341085,0.926605504587156,0.8877380409528153,0.8664422871772988,0.8487394957983192,0.808,1.036168622496856
2488,0.9683333333333334,0.8799861029683191,0.7674418604651163,0.9252336448598131,0.8799861029683191,0.8588377526624646,0.8389830508474577,0.7945425361155699,1.093733249821707
2489,0.9675,0.8829283651445075,0.7751937984496124,0.9090909090909091,0.8829283651445075,0.8542256871035941,0.8368200836820083,0.7987220447284344,1.1225168961465162
2490,0.9691666666666666,0.8872711875447854,0.7829457364341085,0.9181818181818182,0.8872711875447854,0.86223044397463,0.8451882845188284,0.8067092651757188,1.0649516024904733
2491,0.97,0.8911471565370335,0.7906976744186046,0.918918918918919,0.8911471565370335,0.8660582966687618,0.85,0.8133971291866028,1.0361692888280478
2492,0.9691666666666666,0.8906803031290036,0.7906976744186046,0.9107142857142857,0.8906803031290037,0.8619559800664451,0.846473029045643,0.8121019108280255,1.0649522688216653
2493,0.97,0.8911471565370335,0.7906976744186046,0.918918918918919,0.8911471565370335,0.8660582966687618,0.85,0.8133971291866028,1.0361692888280478
2494,0.9716666666666667,0.8954899789373114,0.7984496124031008,0.9279279279279279,0.8954899789373114,0.8740221034988476,0.8583333333333333,0.8213716108452951,0.9786039951720049
2495,0.9666666666666667,0.8756432805680412,0.7596899224806202,0.9158878504672897,0.8756432805680412,0.8507055531406216,0.8305084745762713,0.7865168539325843,1.1512985434777498
2496,0.9658333333333333,0.8717673115757931,0.751937984496124,0.9150943396226415,0.8717673115757931,0.8468494953927161,0.8255319148936171,0.7797427652733119,1.1800808571401755
2497,0.97,0.8945562721212517,0.7984496124031008,0.911504424778761,0.8945562721212517,0.8658103519242641,0.8512396694214877,0.8187599364069952,1.0361699551592396
2498,0.9675,0.8795192495602893,0.7674418604651163,0.9166666666666666,0.8795192495602894,0.8545542635658914,0.8354430379746837,0.7932692307692308,1.1225162298153244
2499,0.9691666666666666,0.8872711875447854,0.7829457364341085,0.9181818181818182,0.8872711875447854,0.86223044397463,0.8451882845188284,0.8067092651757188,1.0649516024904733
2500,0.9675,0.8795192495602893,0.7674418604651163,0.9166666666666666,0.8795192495602894,0.8545542635658914,0.8354430379746837,0.7932692307692308,1.1225162298153244
2501,0.9716666666666667,0.8988990945215296,0.8062015503875969,0.9203539823008849,0.8988990945215296,0.8736944330109077,0.859504132231405,0.8267090620031796,0.9786046615031967
2502,0.9683333333333334,0.8833952185525373,0.7751937984496124,0.9174311926605505,0.8833952185525373,0.8583958288884148,0.8403361344537815,0.7999999999999999,1.093733916152899
2503,0.97,0.8911471565370335,0.7906976744186046,0.918918918918919,0.8911471565370335,0.8660582966687618,0.85,0.8133971291866028,1.0361692888280478
2504,0.9708333333333333,0.8950231255292815,0.7984496124031008,0.9196428571428571,0.8950231255292815,0.8698795681063124,0.8547717842323651,0.8200636942675159,1.0073869751656221
2505,0.9666666666666667,0.8756432805680412,0.7596899224806202,0.9158878504672897,0.8756432805680412,0.8507055531406216,0.8305084745762713,0.7865168539325843,1.1512985434777498
2506,0.9683333333333334,0.8833952185525373,0.7751937984496124,0.9174311926605505,0.8833952185525373,0.8583958288884148,0.8403361344537815,0.7999999999999999,1.093733916152899
2507,0.97,0.8911471565370335,0.7906976744186046,0.918918918918919,0.8911471565370335,0.8660582966687618,0.85,0.8133971291866028,1.0361692888280478
2508,0.9675,0.8829283651445075,0.7751937984496124,0.9090909090909091,0.8829283651445075,0.8542256871035941,0.8368200836820083,0.7987220447284344,1.1225168961465162
2509,0.9683333333333334,0.8833952185525373,0.7751937984496124,0.9174311926605505,0.8833952185525373,0.8583958288884148,0.8403361344537815,0.7999999999999999,1.093733916152899
2510,0.9683333333333334,0.8833952185525373,0.7751937984496124,0.9174311926605505,0.8833952185525373,0.8583958288884148,0.8403361344537815,0.7999999999999999,1.093733916152899
2511,0.97,0.8911471565370335,0.7906976744186046,0.918918918918919,0.8911471565370335,0.8660582966687618,0.85,0.8133971291866028,1.0361692888280478
2512,0.9691666666666666,0.8872711875447854,0.7829457364341085,0.9181818181818182,0.8872711875447854,0.86223044397463,0.8451882845188284,0.8067092651757188,1.0649516024904733
2513,0.9683333333333334,0.8833952185525373,0.7751937984496124,0.9174311926605505,0.8833952185525373,0.8583958288884148,0.8403361344537815,0.7999999999999999,1.093733916152899
2514,0.9716666666666667,0.8988990945215296,0.8062015503875969,0.9203539823008849,0.8988990945215296,0.8736944330109077,0.859504132231405,0.8267090620031796,0.9786046615031967
2515,0.9691666666666666,0.8838620719605672,0.7751937984496124,0.9259259259259259,0.8838620719605672,0.8626431955211026,0.8438818565400844,0.8012820512820513,1.0649509361592815
2516,0.9666666666666667,0.8756432805680412,0.7596899224806202,0.9158878504672897,0.8756432805680412,0.8507055531406216,0.8305084745762713,0.7865168539325843,1.1512985434777498
2517,0.9708333333333333,0.8916140099450633,0.7906976744186046,0.9272727272727272,0.8916140099450633,0.870235200845666,0.8535564853556484,0.8146964856230033,1.0073863088344304
2518,0.9675,0.8795192495602893,0.7674418604651163,0.9166666666666666,0.8795192495602894,0.8545542635658914,0.8354430379746837,0.7932692307692308,1.1225162298153244
2519,0.9666666666666667,0.8756432805680412,0.7596899224806202,0.9158878504672897,0.8756432805680412,0.8507055531406216,0.8305084745762713,0.7865168539325843,1.15129854347775
2520,0.9691666666666666,0.8872711875447854,0.7829457364341085,0.9181818181818182,0.8872711875447854,0.86223044397463,0.8451882845188284,0.8067092651757188,1.0649516024904733
2521,0.97,0.8911471565370335,0.7906976744186046,0.918918918918919,0.8911471565370335,0.8660582966687618,0.85,0.8133971291866028,1.0361692888280478
2522,0.97,0.8911471565370335,0.7906976744186046,0.918918918918919,0.8911471565370335,0.8660582966687618,0.85,0.8133971291866028,1.0361692888280478
2523,0.9683333333333334,0.8833952185525373,0.7751937984496124,0.9174311926605505,0.8833952185525373,0.8583958288884148,0.8403361344537815,0.7999999999999999,1.093733916152899
2524,0.9708333333333333,0.8950231255292815,0.7984496124031008,0.9196428571428571,0.8950231255292815,0.8698795681063124,0.8547717842323651,0.8200636942675159,1.0073869751656221
2525,0.9691666666666666,0.8872711875447854,0.7829457364341085,0.9181818181818182,0.8872711875447854,0.86223044397463,0.8451882845188284,0.8067092651757188,1.0649516024904733
2526,0.9708333333333333,0.8950231255292815,0.7984496124031008,0.9196428571428571,0.8950231255292815,0.8698795681063124,0.8547717842323651,0.8200636942675159,1.0073869751656221
2527,0.9708333333333333,0.8950231255292815,0.7984496124031008,0.9196428571428571,0.8950231255292815,0.8698795681063124,0.8547717842323651,0.8200636942675159,1.0073869751656221
2528,0.97,0.8911471565370335,0.7906976744186046,0.918918918918919,0.8911471565370335,0.8660582966687618,0.85,0.8133971291866028,1.0361692888280478
2529,0.9666666666666667,0.8790523961522594,0.7674418604651163,0.908256880733945,0.8790523961522594,0.8503493705995308,0.8319327731092436,0.7919999999999999,1.1512992098089418
2530,0.9658333333333333,0.8717673115757931,0.751937984496124,0.9150943396226415,0.8717673115757931,0.8468494953927161,0.8255319148936171,0.7797427652733119,1.1800808571401755
2531,0.9691666666666666,0.8872711875447854,0.7829457364341085,0.9181818181818182,0.8872711875447854,0.86223044397463,0.8451882845188284,0.8067092651757188,1.0649516024904733
2532,0.9716666666666667,0.8988990945215296,0.8062015503875969,0.9203539823008849,0.8988990945215296,0.8736944330109077,0.859504132231405,0.8267090620031796,0.9786046615031967
2533,0.9683333333333334,0.8833952185525373,0.7751937984496124,0.9174311926605505,0.8833952185525373,0.8583958288884148,0.8403361344537815,0.7999999999999999,1.093733916152899
2534,0.9691666666666666,0.8872711875447854,0.7829457364341085,0.9181818181818182,0.8872711875447854,0.86223044397463,0.8451882845188284,0.8067092651757188,1.0649516024904733
2535,0.9683333333333334,0.8833952185525373,0.7751937984496124,0.9174311926605505,0.8833952185525373,0.8583958288884148,0.8403361344537815,0.7999999999999999,1.093733916152899
2536,0.9683333333333334,0.8868043341367555,0.7829457364341085,0.9099099099099099,0.8868043341367555,0.8580944898386759,0.8416666666666666,0.8054226475279107,1.093734582484091
2537,0.97,0.8911471565370335,0.7906976744186046,0.918918918918919,0.8911471565370335,0.8660582966687618,0.85,0.8133971291866028,1.0361692888280478
2538,0.9708333333333333,0.8950231255292815,0.7984496124031008,0.9196428571428571,0.8950231255292815,0.8698795681063124,0.8547717842323651,0.8200636942675159,1.0073869751656221
2539,0.9683333333333334,0.8833952185525373,0.7751937984496124,0.9174311926605505,0.8833952185525373,0.8583958288884148,0.8403361344537815,0.7999999999999999,1.093733916152899
2540,0.9675,0.8795192495602893,0.7674418604651163,0.9166666666666666,0.8795192495602894,0.8545542635658914,0.8354430379746837,0.7932692307692308,1.1225162298153244
2541,0.9658333333333333,0.8717673115757931,0.751937984496124,0.9150943396226415,0.8717673115757931,0.8468494953927161,0.8255319148936171,0.7797427652733119,1.1800808571401757
2542,0.9716666666666667,0.8954899789373114,0.7984496124031008,0.9279279279279279,0.8954899789373114,0.8740221034988476,0.8583333333333333,0.8213716108452951,0.9786039951720049
2543,0.9691666666666666,0.8872711875447854,0.7829457364341085,0.9181818181818182,0.8872711875447854,0.86223044397463,0.8451882845188284,0.8067092651757188,1.0649516024904733
2544,0.9666666666666667,0.8756432805680412,0.7596899224806202,0.9158878504672897,0.8756432805680412,0.8507055531406216,0.8305084745762713,0.7865168539325843,1.15129854347775
2545,0.9691666666666666,0.8872711875447854,0.7829457364341085,0.9181818181818182,0.8872711875447854,0.86223044397463,0.8451882845188284,0.8067092651757188,1.0649516024904735
2546,0.9666666666666667,0.8756432805680412,0.7596899224806202,0.9158878504672897,0.8756432805680412,0.8507055531406216,0.8305084745762713,0.7865168539325843,1.1512985434777498
2547,0.9683333333333334,0.8833952185525373,0.7751937984496124,0.9174311926605505,0.8833952185525373,0.8583958288884148,0.8403361344537815,0.7999999999999999,1.093733916152899
2548,0.9683333333333334,0.8833952185525373,0.7751937984496124,0.9174311926605505,0.8833952185525373,0.8583958288884148,0.8403361344537815,0.7999999999999999,1.093733916152899
2549,0.9683333333333334,0.8833952185525373,0.7751937984496124,0.9174311926605505,0.8833952185525373,0.8583958288884148,0.8403361344537815,0.7999999999999999,1.093733916152899
2550,0.9666666666666667,0.8756432805680412,0.7596899224806202,0.9158878504672897,0.8756432805680412,0.8507055531406216,0.8305084745762713,0.7865168539325843,1.1512985434777498
2551,0.9691666666666666,0.8872711875447854,0.7829457364341085,0.9181818181818182,0.8872711875447854,0.86223044397463,0.8451882845188284,0.8067092651757188,1.0649516024904733
2552,0.9658333333333333,0.8717673115757931,0.751937984496124,0.9150943396226415,0.8717673115757931,0.8468494953927161,0.8255319148936171,0.7797427652733119,1.1800808571401755
2553,0.9683333333333334,0.8833952185525373,0.7751937984496124,0.9174311926605505,0.8833952185525373,0.8583958288884148,0.8403361344537815,0.7999999999999999,1.093733916152899
2554,0.9675,0.8795192495602893,0.7674418604651163,0.9166666666666666,0.8795192495602894,0.8545542635658914,0.8354430379746837,0.7932692307692308,1.1225162298153244
2555,0.9675,0.8795192495602893,0.7674418604651163,0.9166666666666666,0.8795192495602894,0.8545542635658914,0.8354430379746837,0.7932692307692308,1.1225162298153244
2556,0.9725,0.8993659479295595,0.8062015503875969,0.9285714285714286,0.8993659479295595,0.8778031561461794,0.8630705394190872,0.8280254777070064,0.9498216815095794
2557,0.97,0.8945562721212517,0.7984496124031008,0.911504424778761,0.8945562721212517,0.8658103519242641,0.8512396694214877,0.8187599364069952,1.0361699551592398
2558,0.9675,0.8761101339760711,0.7596899224806202,0.9245283018867925,0.8761101339760711,0.855025778850373,0.8340425531914893,0.7877813504823152,1.1225155634841326
2559,0.9691666666666666,0.8872711875447854,0.7829457364341085,0.9181818181818182,0.8872711875447854,0.86223044397463,0.8451882845188284,0.8067092651757188,1.0649516024904733
2560,0.9708333333333333,0.8916140099450633,0.7906976744186046,0.9272727272727272,0.8916140099450633,0.870235200845666,0.8535564853556484,0.8146964856230033,1.0073863088344304
2561,0.9675,0.8863374807287256,0.7829457364341085,0.9017857142857143,0.8863374807287256,0.8540323920265781,0.8381742738589212,0.8041401273885349,1.1225175624777082
2562,0.9708333333333333,0.8916140099450633,0.7906976744186046,0.9272727272727272,0.8916140099450633,0.870235200845666,0.8535564853556484,0.8146964856230033,1.0073863088344304
2563,0.9683333333333334,0.8868043341367555,0.7829457364341085,0.9099099099099099,0.8868043341367555,0.8580944898386759,0.8416666666666666,0.8054226475279107,1.0937345824840907
2564,0.9683333333333334,0.8833952185525373,0.7751937984496124,0.9174311926605505,0.8833952185525373,0.8583958288884148,0.8403361344537815,0.7999999999999999,1.093733916152899
2565,0.9675,0.8829283651445075,0.7751937984496124,0.9090909090909091,0.8829283651445075,0.8542256871035941,0.8368200836820083,0.7987220447284344,1.1225168961465164
2566,0.9683333333333334,0.8868043341367555,0.7829457364341085,0.9099099099099099,0.8868043341367555,0.8580944898386759,0.8416666666666666,0.8054226475279107,1.093734582484091
2567,0.9708333333333333,0.8950231255292815,0.7984496124031008,0.9196428571428571,0.8950231255292815,0.8698795681063124,0.8547717842323651,0.8200636942675159,1.0073869751656221
2568,0.9666666666666667,0.8756432805680412,0.7596899224806202,0.9158878504672897,0.8756432805680412,0.8507055531406216,0.8305084745762713,0.7865168539325843,1.1512985434777498
2569,0.9683333333333334,0.8868043341367555,0.7829457364341085,0.9099099099099099,0.8868043341367555,0.8580944898386759,0.8416666666666666,0.8054226475279107,1.093734582484091
2570,0.9691666666666666,0.8872711875447854,0.7829457364341085,0.9181818181818182,0.8872711875447854,0.86223044397463,0.8451882845188284,0.8067092651757188,1.0649516024904733
2571,0.9683333333333334,0.8833952185525373,0.7751937984496124,0.9174311926605505,0.8833952185525373,0.8583958288884148,0.8403361344537815,0.7999999999999999,1.093733916152899
2572,0.9683333333333334,0.8799861029683191,0.7674418604651163,0.9252336448598131,0.8799861029683191,0.8588377526624646,0.8389830508474577,0.7945425361155699,1.093733249821707
2573,0.9708333333333333,0.8950231255292815,0.7984496124031008,0.9196428571428571,0.8950231255292815,0.8698795681063124,0.8547717842323651,0.8200636942675159,1.0073869751656221
2574,0.9708333333333333,0.8916140099450633,0.7906976744186046,0.9272727272727272,0.8916140099450633,0.870235200845666,0.8535564853556484,0.8146964856230033,1.0073863088344304
2575,0.9691666666666666,0.8872711875447854,0.7829457364341085,0.9181818181818182,0.8872711875447854,0.86223044397463,0.8451882845188284,0.8067092651757188,1.0649516024904733
2576,0.9691666666666666,0.8940894187132218,0.7984496124031008,0.9035087719298246,0.8940894187132218,0.861812525499796,0.8477366255144033,0.8174603174603176,1.0649529351528568
2577,0.9691666666666666,0.8872711875447854,0.7829457364341085,0.9181818181818182,0.8872711875447854,0.86223044397463,0.8451882845188284,0.8067092651757188,1.0649516024904733
2578,0.9716666666666667,0.8988990945215296,0.8062015503875969,0.9203539823008849,0.8988990945215296,0.8736944330109077,0.859504132231405,0.8267090620031796,0.9786046615031967
2579,0.9683333333333334,0.8833952185525373,0.7751937984496124,0.9174311926605505,0.8833952185525373,0.8583958288884148,0.8403361344537815,0.7999999999999999,1.093733916152899
2580,0.9708333333333333,0.8950231255292815,0.7984496124031008,0.9196428571428571,0.8950231255292815,0.8698795681063124,0.8547717842323651,0.8200636942675159,1.0073869751656221
2581,0.9708333333333333,0.8950231255292815,0.7984496124031008,0.9196428571428571,0.8950231255292815,0.8698795681063124,0.8547717842323651,0.8200636942675159,1.0073869751656221
2582,0.9683333333333334,0.8799861029683191,0.7674418604651163,0.9252336448598131,0.8799861029683191,0.8588377526624646,0.8389830508474577,0.7945425361155699,1.093733249821707
2583,0.9691666666666666,0.8872711875447854,0.7829457364341085,0.9181818181818182,0.8872711875447854,0.86223044397463,0.8451882845188284,0.8067092651757188,1.0649516024904733
2584,0.97,0.8911471565370335,0.7906976744186046,0.918918918918919,0.8911471565370335,0.8660582966687618,0.85,0.8133971291866028,1.0361692888280478
2585,0.9691666666666666,0.8838620719605672,0.7751937984496124,0.9259259259259259,0.8838620719605672,0.8626431955211026,0.8438818565400844,0.8012820512820513,1.0649509361592815
2586,0.9658333333333333,0.8751764271600113,0.7596899224806202,0.9074074074074074,0.8751764271600113,0.8464653316106805,0.8270042194092827,0.7852564102564104,1.1800815234713675
2587,0.9683333333333334,0.8833952185525373,0.7751937984496124,0.9174311926605505,0.8833952185525373,0.8583958288884148,0.8403361344537815,0.7999999999999999,1.093733916152899
2588,0.97,0.8911471565370335,0.7906976744186046,0.918918918918919,0.8911471565370335,0.8660582966687618,0.85,0.8133971291866028,1.0361692888280478
2589,0.9716666666666667,0.9023082101057478,0.813953488372093,0.9130434782608695,0.9023082101057478,0.8734984833164814,0.860655737704918,0.8320126782884311,0.9786053278343885
2590,0.9675,0.8829283651445075,0.7751937984496124,0.9090909090909091,0.8829283651445075,0.8542256871035941,0.8368200836820083,0.7987220447284344,1.1225168961465164
2591,0.9716666666666667,0.8988990945215296,0.8062015503875969,0.9203539823008849,0.8988990945215296,0.8736944330109077,0.859504132231405,0.8267090620031796,0.9786046615031967
2592,0.9675,0.8795192495602893,0.7674418604651163,0.9166666666666666,0.8795192495602894,0.8545542635658914,0.8354430379746837,0.7932692307692308,1.1225162298153244
2593,0.9675,0.8795192495602893,0.7674418604651163,0.9166666666666666,0.8795192495602894,0.8545542635658914,0.8354430379746837,0.7932692307692308,1.1225162298153244
2594,0.97,0.8945562721212517,0.7984496124031008,0.911504424778761,0.8945562721212517,0.8658103519242641,0.8512396694214877,0.8187599364069952,1.0361699551592396
2595,0.9691666666666666,0.8872711875447854,0.7829457364341085,0.9181818181818182,0.8872711875447854,0.86223044397463,0.8451882845188284,0.8067092651757188,1.0649516024904733
2596,0.9675,0.8795192495602893,0.7674418604651163,0.9166666666666666,0.8795192495602894,0.8545542635658914,0.8354430379746837,0.7932692307692308,1.1225162298153246
2597,0.97,0.8877380409528153,0.7829457364341085,0.926605504587156,0.8877380409528153,0.8664422871772988,0.8487394957983192,0.808,1.036168622496856
2598,0.9691666666666666,0.8838620719605672,0.7751937984496124,0.9259259259259259,0.8838620719605672,0.8626431955211026,0.8438818565400844,0.8012820512820513,1.0649509361592815
2599,0.9716666666666667,0.8988990945215296,0.8062015503875969,0.9203539823008849,0.8988990945215296,0.8736944330109077,0.859504132231405,0.8267090620031796,0.9786046615031967
2600,0.9691666666666666,0.8872711875447854,0.7829457364341085,0.9181818181818182,0.8872711875447854,0.86223044397463,0.8451882845188284,0.8067092651757188,1.0649516024904733
2601,0.9666666666666667,0.8790523961522594,0.7674418604651163,0.908256880733945,0.8790523961522594,0.8503493705995308,0.8319327731092436,0.7919999999999999,1.1512992098089418
2602,0.9708333333333333,0.8950231255292815,0.7984496124031008,0.9196428571428571,0.8950231255292815,0.8698795681063124,0.8547717842323651,0.8200636942675159,1.0073869751656221
2603,0.9708333333333333,0.8950231255292815,0.7984496124031008,0.9196428571428571,0.8950231255292815,0.8698795681063124,0.8547717842323651,0.8200636942675159,1.0073869751656221
2604,0.9716666666666667,0.8988990945215296,0.8062015503875969,0.9203539823008849,0.8988990945215296,0.8736944330109077,0.859504132231405,0.8267090620031796,0.9786046615031967
2605,0.97,0.8911471565370335,0.7906976744186046,0.918918918918919,0.8911471565370335,0.8660582966687618,0.85,0.8133971291866028,1.0361692888280478
2606,0.9691666666666666,0.8872711875447854,0.7829457364341085,0.9181818181818182,0.8872711875447854,0.86223044397463,0.8451882845188284,0.8067092651757188,1.0649516024904733
2607,0.9683333333333334,0.8833952185525373,0.7751937984496124,0.9174311926605505,0.8833952185525373,0.8583958288884148,0.8403361344537815,0.7999999999999999,1.093733916152899
2608,0.9691666666666666,0.8872711875447854,0.7829457364341085,0.9181818181818182,0.8872711875447854,0.86223044397463,0.8451882845188284,0.8067092651757188,1.0649516024904733
2609,0.9683333333333334,0.8799861029683191,0.7674418604651163,0.9252336448598131,0.8799861029683191,0.8588377526624646,0.8389830508474577,0.7945425361155699,1.093733249821707
2610,0.9666666666666667,0.8790523961522594,0.7674418604651163,0.908256880733945,0.8790523961522594,0.8503493705995308,0.8319327731092436,0.7919999999999999,1.1512992098089418
2611,0.9675,0.8761101339760711,0.7596899224806202,0.9245283018867925,0.8761101339760711,0.855025778850373,0.8340425531914893,0.7877813504823152,1.1225155634841326
2612,0.9691666666666666,0.8872711875447854,0.7829457364341085,0.9181818181818182,0.8872711875447854,0.86223044397463,0.8451882845188284,0.8067092651757188,1.0649516024904733
2613,0.9675,0.8795192495602893,0.7674418604651163,0.9166666666666666,0.8795192495602894,0.8545542635658914,0.8354430379746837,0.7932692307692308,1.1225162298153244
2614,0.97,0.8911471565370335,0.7906976744186046,0.918918918918919,0.8911471565370335,0.8660582966687618,0.85,0.8133971291866028,1.0361692888280478
2615,0.9716666666666667,0.8988990945215296,0.8062015503875969,0.9203539823008849,0.8988990945215296,0.8736944330109077,0.859504132231405,0.8267090620031796,0.9786046615031965
2616,0.9691666666666666,0.8872711875447854,0.7829457364341085,0.9181818181818182,0.8872711875447854,0.86223044397463,0.8451882845188284,0.8067092651757188,1.0649516024904733
2617,0.9658333333333333,0.8751764271600113,0.7596899224806202,0.9074074074074074,0.8751764271600113,0.8464653316106805,0.8270042194092827,0.7852564102564104,1.1800815234713675
2618,0.9708333333333333,0.8950231255292815,0.7984496124031008,0.9196428571428571,0.8950231255292815,0.8698795681063124,0.8547717842323651,0.8200636942675159,1.0073869751656221
2619,0.9691666666666666,0.8906803031290036,0.7906976744186046,0.9107142857142857,0.8906803031290037,0.8619559800664451,0.846473029045643,0.8121019108280255,1.064952268821665
2620,0.9658333333333333,0.8717673115757931,0.751937984496124,0.9150943396226415,0.8717673115757931,0.8468494953927161,0.8255319148936171,0.7797427652733119,1.1800808571401755
2621,0.9675,0.8795192495602893,0.7674418604651163,0.9166666666666666,0.8795192495602894,0.8545542635658914,0.8354430379746837,0.7932692307692308,1.1225162298153244
2622,0.965,0.8678913425835451,0.7441860465116279,0.9142857142857143,0.8678913425835451,0.8429858803986711,0.8205128205128205,0.7729468599033816,1.2088631708026012
2623,0.9675,0.8795192495602893,0.7674418604651163,0.9166666666666666,0.8795192495602894,0.8545542635658914,0.8354430379746837,0.7932692307692308,1.1225162298153244
2624,0.9691666666666666,0.8838620719605672,0.7751937984496124,0.9259259259259259,0.8838620719605672,0.8626431955211026,0.8438818565400844,0.8012820512820513,1.0649509361592815
2625,0.9675,0.8795192495602893,0.7674418604651163,0.9166666666666666,0.8795192495602894,0.8545542635658914,0.8354430379746837,0.7932692307692308,1.1225162298153244
2626,0.9691666666666666,0.8872711875447854,0.7829457364341085,0.9181818181818182,0.8872711875447854,0.86223044397463,0.8451882845188284,0.8067092651757188,1.0649516024904733
2627,0.9708333333333333,0.8950231255292815,0.7984496124031008,0.9196428571428571,0.8950231255292815,0.8698795681063124,0.8547717842323651,0.8200636942675159,1.0073869751656221
2628,0.9658333333333333,0.8683581959915749,0.7441860465116279,0.9230769230769231,0.8683581959915749,0.8473814847942756,0.8240343347639485,0.7741935483870968,1.180080190808984
2629,0.9691666666666666,0.8872711875447854,0.7829457364341085,0.9181818181818182,0.8872711875447854,0.86223044397463,0.8451882845188284,0.8067092651757188,1.0649516024904733
2630,0.9683333333333334,0.8799861029683191,0.7674418604651163,0.9252336448598131,0.8799861029683191,0.8588377526624646,0.8389830508474577,0.7945425361155699,1.093733249821707
2631,0.9675,0.8795192495602893,0.7674418604651163,0.9166666666666666,0.8795192495602894,0.8545542635658914,0.8354430379746837,0.7932692307692308,1.1225162298153244
2632,0.97,0.8945562721212517,0.7984496124031008,0.911504424778761,0.8945562721212517,0.8658103519242641,0.8512396694214877,0.8187599364069952,1.0361699551592396
2633,0.97,0.8911471565370335,0.7906976744186046,0.918918918918919,0.8911471565370335,0.8660582966687618,0.85,0.8133971291866028,1.0361692888280478
2634,0.9691666666666666,0.8872711875447854,0.7829457364341085,0.9181818181818182,0.8872711875447854,0.86223044397463,0.8451882845188284,0.8067092651757188,1.0649516024904733
2635,0.9683333333333334,0.8833952185525373,0.7751937984496124,0.9174311926605505,0.8833952185525373,0.8583958288884148,0.8403361344537815,0.7999999999999999,1.093733916152899
2636,0.9691666666666666,0.8872711875447854,0.7829457364341085,0.9181818181818182,0.8872711875447854,0.86223044397463,0.8451882845188284,0.8067092651757188,1.0649516024904733
2637,0.9691666666666666,0.8872711875447854,0.7829457364341085,0.9181818181818182,0.8872711875447854,0.86223044397463,0.8451882845188284,0.8067092651757188,1.0649516024904733
2638,0.9658333333333333,0.8751764271600113,0.7596899224806202,0.9074074074074074,0.8751764271600113,0.8464653316106805,0.8270042194092827,0.7852564102564104,1.1800815234713675
2639,0.97,0.8877380409528153,0.7829457364341085,0.926605504587156,0.8877380409528153,0.8664422871772988,0.8487394957983192,0.808,1.036168622496856
2640,0.9683333333333334,0.8833952185525373,0.7751937984496124,0.9174311926605505,0.8833952185525373,0.8583958288884148,0.8403361344537815,0.7999999999999999,1.093733916152899
2641,0.9725,0.9027750635137777,0.813953488372093,0.9210526315789473,0.9027750635137777,0.8775030599755202,0.8641975308641974,0.8333333333333334,0.9498223478407711
2642,0.9666666666666667,0.8790523961522594,0.7674418604651163,0.908256880733945,0.8790523961522594,0.8503493705995308,0.8319327731092436,0.7919999999999999,1.1512992098089418
2643,0.9691666666666666,0.8872711875447854,0.7829457364341085,0.9181818181818182,0.8872711875447854,0.86223044397463,0.8451882845188284,0.8067092651757188,1.0649516024904733
2644,0.9708333333333333,0.8950231255292815,0.7984496124031008,0.9196428571428571,0.8950231255292815,0.8698795681063124,0.8547717842323651,0.8200636942675159,1.0073869751656221
2645,0.9708333333333333,0.8916140099450633,0.7906976744186046,0.9272727272727272,0.8916140099450633,0.870235200845666,0.8535564853556484,0.8146964856230033,1.0073863088344304
2646,0.9691666666666666,0.8838620719605672,0.7751937984496124,0.9259259259259259,0.8838620719605672,0.8626431955211026,0.8438818565400844,0.8012820512820513,1.0649509361592815
2647,0.9666666666666667,0.8790523961522594,0.7674418604651163,0.908256880733945,0.8790523961522594,0.8503493705995308,0.8319327731092436,0.7919999999999999,1.1512992098089418
2648,0.9691666666666666,0.8838620719605672,0.7751937984496124,0.9259259259259259,0.8838620719605672,0.8626431955211026,0.8438818565400844,0.8012820512820513,1.0649509361592815
2649,0.9666666666666667,0.872234164983823,0.751937984496124,0.9238095238095239,0.872234164983823,0.8512070874861573,0.8290598290598291,0.7809983896940418,1.151297877146558
2650,0.9675,0.8795192495602893,0.7674418604651163,0.9166666666666666,0.8795192495602894,0.8545542635658914,0.8354430379746837,0.7932692307692308,1.1225162298153244
2651,0.9683333333333334,0.8833952185525373,0.7751937984496124,0.9174311926605505,0.8833952185525373,0.8583958288884148,0.8403361344537815,0.7999999999999999,1.093733916152899
2652,0.97,0.8911471565370335,0.7906976744186046,0.918918918918919,0.8911471565370335,0.8660582966687618,0.85,0.8133971291866028,1.0361692888280478
2653,0.965,0.8678913425835451,0.7441860465116279,0.9142857142857143,0.8678913425835451,0.8429858803986711,0.8205128205128205,0.7729468599033816,1.208863170802601
2654,0.9708333333333333,0.8950231255292815,0.7984496124031008,0.9196428571428571,0.8950231255292815,0.8698795681063124,0.8547717842323651,0.8200636942675159,1.0073869751656221
2655,0.9666666666666667,0.8756432805680412,0.7596899224806202,0.9158878504672897,0.8756432805680412,0.8507055531406216,0.8305084745762713,0.7865168539325843,1.1512985434777498
2656,0.9675,0.8795192495602893,0.7674418604651163,0.9166666666666666,0.8795192495602894,0.8545542635658914,0.8354430379746837,0.7932692307692308,1.1225162298153244
2657,0.9675,0.8829283651445075,0.7751937984496124,0.9090909090909091,0.8829283651445075,0.8542256871035941,0.8368200836820083,0.7987220447284344,1.1225168961465164
2658,0.9683333333333334,0.8799861029683191,0.7674418604651163,0.9252336448598131,0.8799861029683191,0.8588377526624646,0.8389830508474577,0.7945425361155699,1.093733249821707
2659,0.9683333333333334,0.8833952185525373,0.7751937984496124,0.9174311926605505,0.8833952185525373,0.8583958288884148,0.8403361344537815,0.7999999999999999,1.093733916152899
2660,0.97,0.8911471565370335,0.7906976744186046,0.918918918918919,0.8911471565370335,0.8660582966687618,0.85,0.8133971291866028,1.0361692888280478
2661,0.9666666666666667,0.8790523961522594,0.7674418604651163,0.908256880733945,0.8790523961522594,0.8503493705995308,0.8319327731092436,0.7919999999999999,1.1512992098089418
2662,0.9675,0.8795192495602893,0.7674418604651163,0.9166666666666666,0.8795192495602894,0.8545542635658914,0.8354430379746837,0.7932692307692308,1.1225162298153244
2663,0.9708333333333333,0.8950231255292815,0.7984496124031008,0.9196428571428571,0.8950231255292815,0.8698795681063124,0.8547717842323651,0.8200636942675159,1.0073869751656221
2664,0.9708333333333333,0.8950231255292815,0.7984496124031008,0.9196428571428571,0.8950231255292815,0.8698795681063124,0.8547717842323651,0.8200636942675159,1.0073869751656221
2665,0.9683333333333334,0.8833952185525373,0.7751937984496124,0.9174311926605505,0.8833952185525373,0.8583958288884148,0.8403361344537815,0.7999999999999999,1.093733916152899
2666,0.9691666666666666,0.8838620719605672,0.7751937984496124,0.9259259259259259,0.8838620719605672,0.8626431955211026,0.8438818565400844,0.8012820512820513,1.0649509361592815
2667,0.9691666666666666,0.8872711875447854,0.7829457364341085,0.9181818181818182,0.8872711875447854,0.86223044397463,0.8451882845188284,0.8067092651757188,1.0649516024904733
2668,0.9725,0.9027750635137777,0.813953488372093,0.9210526315789473,0.9027750635137777,0.8775030599755202,0.8641975308641974,0.8333333333333334,0.9498223478407711
2669,0.9716666666666667,0.8954899789373114,0.7984496124031008,0.9279279279279279,0.8954899789373114,0.8740221034988476,0.8583333333333333,0.8213716108452951,0.9786039951720049
2670,0.9675,0.8795192495602893,0.7674418604651163,0.9166666666666666,0.8795192495602894,0.8545542635658914,0.8354430379746837,0.7932692307692308,1.1225162298153244
2671,0.9691666666666666,0.8872711875447854,0.7829457364341085,0.9181818181818182,0.8872711875447854,0.86223044397463,0.8451882845188284,0.8067092651757188,1.0649516024904733
2672,0.9691666666666666,0.8872711875447854,0.7829457364341085,0.9181818181818182,0.8872711875447854,0.86223044397463,0.8451882845188284,0.8067092651757188,1.0649516024904733
2673,0.9691666666666666,0.8872711875447854,0.7829457364341085,0.9181818181818182,0.8872711875447854,0.86223044397463,0.8451882845188284,0.8067092651757188,1.0649516024904733
2674,0.9708333333333333,0.8984322411134997,0.8062015503875969,0.9122807017543859,0.8984322411134997,0.8696577927376581,0.8559670781893004,0.8253968253968255,1.007387641496814
2675,0.9658333333333333,0.8717673115757931,0.751937984496124,0.9150943396226415,0.8717673115757931,0.8468494953927161,0.8255319148936171,0.7797427652733119,1.1800808571401755
2676,0.9675,0.8795192495602893,0.7674418604651163,0.9166666666666666,0.8795192495602894,0.8545542635658914,0.8354430379746837,0.7932692307692308,1.1225162298153244
2677,0.9675,0.8795192495602893,0.7674418604651163,0.9166666666666666,0.8795192495602894,0.8545542635658914,0.8354430379746837,0.7932692307692308,1.1225162298153244
2678,0.9666666666666667,0.8756432805680412,0.7596899224806202,0.9158878504672897,0.8756432805680412,0.8507055531406216,0.8305084745762713,0.7865168539325843,1.1512985434777498
2679,0.9675,0.8795192495602893,0.7674418604651163,0.9166666666666666,0.8795192495602894,0.8545542635658914,0.8354430379746837,0.7932692307692308,1.1225162298153244
2680,0.9683333333333334,0.8833952185525373,0.7751937984496124,0.9174311926605505,0.8833952185525373,0.8583958288884148,0.8403361344537815,0.7999999999999999,1.093733916152899
2681,0.97,0.8911471565370335,0.7906976744186046,0.918918918918919,0.8911471565370335,0.8660582966687618,0.85,0.8133971291866028,1.0361692888280478
2682,0.9708333333333333,0.8916140099450633,0.7906976744186046,0.9272727272727272,0.8916140099450633,0.870235200845666,0.8535564853556484,0.8146964856230033,1.0073863088344304
2683,0.9683333333333334,0.8833952185525373,0.7751937984496124,0.9174311926605505,0.8833952185525373,0.8583958288884148,0.8403361344537815,0.7999999999999999,1.093733916152899
2684,0.97,0.8877380409528153,0.7829457364341085,0.926605504587156,0.8877380409528153,0.8664422871772988,0.8487394957983192,0.808,1.036168622496856
2685,0.9641666666666666,0.864015373591297,0.7364341085271318,0.9134615384615384,0.864015373591297,0.8391144901610017,0.815450643776824,0.7661290322580645,1.2376454844650269
2686,0.9675,0.8829283651445075,0.7751937984496124,0.9090909090909091,0.8829283651445075,0.8542256871035941,0.8368200836820083,0.7987220447284344,1.1225168961465164
2687,0.9675,0.8795192495602893,0.7674418604651163,0.9166666666666666,0.8795192495602894,0.8545542635658914,0.8354430379746837,0.7932692307692308,1.1225162298153244
2688,0.97,0.8911471565370335,0.7906976744186046,0.918918918918919,0.8911471565370335,0.8660582966687618,0.85,0.8133971291866028,1.0361692888280478
2689,0.9691666666666666,0.8872711875447854,0.7829457364341085,0.9181818181818182,0.8872711875447854,0.86223044397463,0.8451882845188284,0.8067092651757188,1.0649516024904733
2690,0.9641666666666666,0.864015373591297,0.7364341085271318,0.9134615384615384,0.864015373591297,0.8391144901610017,0.815450643776824,0.7661290322580645,1.2376454844650269
2691,0.9683333333333334,0.8799861029683191,0.7674418604651163,0.9252336448598131,0.8799861029683191,0.8588377526624646,0.8389830508474577,0.7945425361155699,1.093733249821707
2692,0.9708333333333333,0.8950231255292815,0.7984496124031008,0.9196428571428571,0.8950231255292815,0.8698795681063124,0.8547717842323651,0.8200636942675159,1.0073869751656221
2693,0.9691666666666666,0.8906803031290036,0.7906976744186046,0.9107142857142857,0.8906803031290037,0.8619559800664451,0.846473029045643,0.8121019108280255,1.064952268821665
2694,0.97,0.8911471565370335,0.7906976744186046,0.918918918918919,0.8911471565370335,0.8660582966687618,0.85,0.8133971291866028,1.0361692888280478
2695,0.965,0.8678913425835451,0.7441860465116279,0.9142857142857143,0.8678913425835451,0.8429858803986711,0.8205128205128205,0.7729468599033816,1.2088631708026012
2696,0.97,0.8945562721212517,0.7984496124031008,0.911504424778761,0.8945562721212517,0.8658103519242641,0.8512396694214877,0.8187599364069952,1.0361699551592398
2697,0.965,0.8678913425835451,0.7441860465116279,0.9142857142857143,0.8678913425835451,0.8429858803986711,0.8205128205128205,0.7729468599033816,1.2088631708026012
2698,0.9675,0.8829283651445075,0.7751937984496124,0.9090909090909091,0.8829283651445075,0.8542256871035941,0.8368200836820083,0.7987220447284344,1.1225168961465164
2699,0.9683333333333334,0.8902134497209737,0.7906976744186046,0.9026548672566371,0.8902134497209737,0.8579262708376209,0.8429752066115702,0.8108108108108106,1.0937352488152827
2700,0.9683333333333334,0.8868043341367555,0.7829457364341085,0.9099099099099099,0.8868043341367555,0.8580944898386759,0.8416666666666666,0.8054226475279107,1.093734582484091
2701,0.9691666666666666,0.8872711875447854,0.7829457364341085,0.9181818181818182,0.8872711875447854,0.86223044397463,0.8451882845188284,0.8067092651757188,1.0649516024904733
2702,0.9691666666666666,0.8906803031290036,0.7906976744186046,0.9107142857142857,0.8906803031290037,0.8619559800664451,0.846473029045643,0.8121019108280255,1.0649522688216653
2703,0.9683333333333334,0.8902134497209737,0.7906976744186046,0.9026548672566371,0.8902134497209737,0.8579262708376209,0.8429752066115702,0.8108108108108106,1.0937352488152827
2704,0.97,0.8911471565370335,0.7906976744186046,0.918918918918919,0.8911471565370335,0.8660582966687618,0.85,0.8133971291866028,1.0361692888280478
2705,0.9633333333333334,0.8601394045990489,0.7286821705426356,0.912621359223301,0.8601394045990489,0.8352350982163016,0.8103448275862069,0.7592891760904686,1.2664277981274523
2706,0.9675,0.8761101339760711,0.7596899224806202,0.9245283018867925,0.8761101339760711,0.855025778850373,0.8340425531914893,0.7877813504823152,1.1225155634841326
2707,0.9725,0.9027750635137777,0.813953488372093,0.9210526315789473,0.9027750635137777,0.8775030599755202,0.8641975308641974,0.8333333333333334,0.9498223478407711
2708,0.9683333333333334,0.8833952185525373,0.7751937984496124,0.9174311926605505,0.8833952185525373,0.8583958288884148,0.8403361344537815,0.7999999999999999,1.093733916152899
2709,0.9675,0.8795192495602893,0.7674418604651163,0.9166666666666666,0.8795192495602894,0.8545542635658914,0.8354430379746837,0.7932692307692308,1.1225162298153244
2710,0.9683333333333334,0.8833952185525373,0.7751937984496124,0.9174311926605505,0.8833952185525373,0.8583958288884148,0.8403361344537815,0.7999999999999999,1.093733916152899
2711,0.9675,0.8829283651445075,0.7751937984496124,0.9090909090909091,0.8829283651445075,0.8542256871035941,0.8368200836820083,0.7987220447284344,1.1225168961465164
2712,0.9683333333333334,0.8833952185525373,0.7751937984496124,0.9174311926605505,0.8833952185525373,0.8583958288884148,0.8403361344537815,0.7999999999999999,1.093733916152899
2713,0.9675,0.8795192495602893,0.7674418604651163,0.9166666666666666,0.8795192495602894,0.8545542635658914,0.8354430379746837,0.7932692307692308,1.1225162298153244
2714,0.9675,0.8863374807287256,0.7829457364341085,0.9017857142857143,0.8863374807287256,0.8540323920265781,0.8381742738589212,0.8041401273885349,1.1225175624777082
2715,0.9675,0.8829283651445075,0.7751937984496124,0.9090909090909091,0.8829283651445075,0.8542256871035941,0.8368200836820083,0.7987220447284344,1.1225168961465164
2716,0.9658333333333333,0.8717673115757931,0.751937984496124,0.9150943396226415,0.8717673115757931,0.8468494953927161,0.8255319148936171,0.7797427652733119,1.1800808571401757
2717,0.9675,0.8795192495602893,0.7674418604651163,0.9166666666666666,0.8795192495602894,0.8545542635658914,0.8354430379746837,0.7932692307692308,1.1225162298153244
2718,0.9691666666666666,0.8872711875447854,0.7829457364341085,0.9181818181818182,0.8872711875447854,0.86223044397463,0.8451882845188284,0.8067092651757188,1.0649516024904733
2719,0.9666666666666667,0.8790523961522594,0.7674418604651163,0.908256880733945,0.8790523961522594,0.8503493705995308,0.8319327731092436,0.7919999999999999,1.1512992098089418
2720,0.9691666666666666,0.8872711875447854,0.7829457364341085,0.9181818181818182,0.8872711875447854,0.86223044397463,0.8451882845188284,0.8067092651757188,1.0649516024904735
2721,0.9683333333333334,0.8799861029683191,0.7674418604651163,0.9252336448598131,0.8799861029683191,0.8588377526624646,0.8389830508474577,0.7945425361155699,1.093733249821707
2722,0.9683333333333334,0.8833952185525373,0.7751937984496124,0.9174311926605505,0.8833952185525373,0.8583958288884148,0.8403361344537815,0.7999999999999999,1.093733916152899
2723,0.965,0.8678913425835451,0.7441860465116279,0.9142857142857143,0.8678913425835451,0.8429858803986711,0.8205128205128205,0.7729468599033816,1.208863170802601
2724,0.9708333333333333,0.8950231255292815,0.7984496124031008,0.9196428571428571,0.8950231255292815,0.8698795681063124,0.8547717842323651,0.8200636942675159,1.0073869751656221
2725,0.9708333333333333,0.8950231255292815,0.7984496124031008,0.9196428571428571,0.8950231255292815,0.8698795681063124,0.8547717842323651,0.8200636942675159,1.0073869751656221
2726,0.9683333333333334,0.8868043341367555,0.7829457364341085,0.9099099099099099,0.8868043341367555,0.8580944898386759,0.8416666666666666,0.8054226475279107,1.0937345824840907
2727,0.9691666666666666,0.8872711875447854,0.7829457364341085,0.9181818181818182,0.8872711875447854,0.86223044397463,0.8451882845188284,0.8067092651757188,1.0649516024904733
2728,0.9683333333333334,0.8868043341367555,0.7829457364341085,0.9099099099099099,0.8868043341367555,0.8580944898386759,0.8416666666666666,0.8054226475279107,1.0937345824840907
2729,0.97,0.8911471565370335,0.7906976744186046,0.918918918918919,0.8911471565370335,0.8660582966687618,0.85,0.8133971291866028,1.0361692888280478
2730,0.9675,0.8795192495602893,0.7674418604651163,0.9166666666666666,0.8795192495602894,0.8545542635658914,0.8354430379746837,0.7932692307692308,1.1225162298153244
2731,0.9683333333333334,0.8833952185525373,0.7751937984496124,0.9174311926605505,0.8833952185525373,0.8583958288884148,0.8403361344537815,0.7999999999999999,1.093733916152899
2732,0.9666666666666667,0.8790523961522594,0.7674418604651163,0.908256880733945,0.8790523961522594,0.8503493705995308,0.8319327731092436,0.7919999999999999,1.151299209808942
2733,0.9733333333333334,0.9032419169218076,0.813953488372093,0.9292035398230089,0.9032419169218076,0.881578514097551,0.8677685950413223,0.8346581875993642,0.9210393678471538
2734,0.9716666666666667,0.8988990945215296,0.8062015503875969,0.9203539823008849,0.8988990945215296,0.8736944330109077,0.859504132231405,0.8267090620031796,0.9786046615031967
2735,0.9675,0.8829283651445075,0.7751937984496124,0.9090909090909091,0.8829283651445075,0.8542256871035941,0.8368200836820083,0.7987220447284344,1.1225168961465162
2736,0.9675,0.8795192495602893,0.7674418604651163,0.9166666666666666,0.8795192495602894,0.8545542635658914,0.8354430379746837,0.7932692307692308,1.1225162298153244
2737,0.9691666666666666,0.8872711875447854,0.7829457364341085,0.9181818181818182,0.8872711875447854,0.86223044397463,0.8451882845188284,0.8067092651757188,1.0649516024904733
2738,0.9691666666666666,0.8872711875447854,0.7829457364341085,0.9181818181818182,0.8872711875447854,0.86223044397463,0.8451882845188284,0.8067092651757188,1.0649516024904733
2739,0.9666666666666667,0.8824615117364776,0.7751937984496124,0.9009009009009009,0.8824615117364776,0.8501306830085901,0.8333333333333333,0.7974481658692185,1.1512998761401336
2740,0.9666666666666667,0.8756432805680412,0.7596899224806202,0.9158878504672897,0.8756432805680412,0.8507055531406216,0.8305084745762713,0.7865168539325843,1.1512985434777498
2741,0.9675,0.8761101339760711,0.7596899224806202,0.9245283018867925,0.8761101339760711,0.855025778850373,0.8340425531914893,0.7877813504823152,1.1225155634841326
2742,0.9683333333333334,0.8833952185525373,0.7751937984496124,0.9174311926605505,0.8833952185525373,0.8583958288884148,0.8403361344537815,0.7999999999999999,1.093733916152899
2743,0.9675,0.8829283651445075,0.7751937984496124,0.9090909090909091,0.8829283651445075,0.8542256871035941,0.8368200836820083,0.7987220447284344,1.1225168961465164
2744,0.9683333333333334,0.8868043341367555,0.7829457364341085,0.9099099099099099,0.8868043341367555,0.8580944898386759,0.8416666666666666,0.8054226475279107,1.093734582484091
2745,0.9691666666666666,0.8872711875447854,0.7829457364341085,0.9181818181818182,0.8872711875447854,0.86223044397463,0.8451882845188284,0.8067092651757188,1.0649516024904733
2746,0.9716666666666667,0.8988990945215296,0.8062015503875969,0.9203539823008849,0.8988990945215296,0.8736944330109077,0.859504132231405,0.8267090620031796,0.9786046615031967
2747,0.9675,0.8795192495602893,0.7674418604651163,0.9166666666666666,0.8795192495602894,0.8545542635658914,0.8354430379746837,0.7932692307692308,1.1225162298153244
2748,0.9691666666666666,0.8872711875447854,0.7829457364341085,0.9181818181818182,0.8872711875447854,0.86223044397463,0.8451882845188284,0.8067092651757188,1.0649516024904733
2749,0.9666666666666667,0.8756432805680412,0.7596899224806202,0.9158878504672897,0.8756432805680412,0.8507055531406216,0.8305084745762713,0.7865168539325843,1.1512985434777498
2750,0.9666666666666667,0.8824615117364776,0.7751937984496124,0.9009009009009009,0.8824615117364776,0.8501306830085901,0.8333333333333333,0.7974481658692185,1.1512998761401338
2751,0.9691666666666666,0.8872711875447854,0.7829457364341085,0.9181818181818182,0.8872711875447854,0.86223044397463,0.8451882845188284,0.8067092651757188,1.0649516024904733
2752,0.9675,0.8795192495602893,0.7674418604651163,0.9166666666666666,0.8795192495602894,0.8545542635658914,0.8354430379746837,0.7932692307692308,1.1225162298153244
2753,0.9683333333333334,0.8833952185525373,0.7751937984496124,0.9174311926605505,0.8833952185525373,0.8583958288884148,0.8403361344537815,0.7999999999999999,1.093733916152899
2754,0.9675,0.8795192495602893,0.7674418604651163,0.9166666666666666,0.8795192495602894,0.8545542635658914,0.8354430379746837,0.7932692307692308,1.1225162298153244
2755,0.9683333333333334,0.8833952185525373,0.7751937984496124,0.9174311926605505,0.8833952185525373,0.8583958288884148,0.8403361344537815,0.7999999999999999,1.093733916152899
2756,0.9691666666666666,0.8872711875447854,0.7829457364341085,0.9181818181818182,0.8872711875447854,0.86223044397463,0.8451882845188284,0.8067092651757188,1.0649516024904733
2757,0.9691666666666666,0.8872711875447854,0.7829457364341085,0.9181818181818182,0.8872711875447854,0.86223044397463,0.8451882845188284,0.8067092651757188,1.0649516024904733
2758,0.9708333333333333,0.8950231255292815,0.7984496124031008,0.9196428571428571,0.8950231255292815,0.8698795681063124,0.8547717842323651,0.8200636942675159,1.0073869751656221
2759,0.9683333333333334,0.8833952185525373,0.7751937984496124,0.9174311926605505,0.8833952185525373,0.8583958288884148,0.8403361344537815,0.7999999999999999,1.093733916152899
2760,0.9691666666666666,0.8872711875447854,0.7829457364341085,0.9181818181818182,0.8872711875447854,0.86223044397463,0.8451882845188284,0.8067092651757188,1.0649516024904733
2761,0.9716666666666667,0.9023082101057478,0.813953488372093,0.9130434782608695,0.9023082101057478,0.8734984833164814,0.860655737704918,0.8320126782884311,0.9786053278343885
2762,0.9658333333333333,0.8717673115757931,0.751937984496124,0.9150943396226415,0.8717673115757931,0.8468494953927161,0.8255319148936171,0.7797427652733119,1.1800808571401755
2763,0.9708333333333333,0.8916140099450633,0.7906976744186046,0.9272727272727272,0.8916140099450633,0.870235200845666,0.8535564853556484,0.8146964856230033,1.0073863088344304
2764,0.965,0.8678913425835451,0.7441860465116279,0.9142857142857143,0.8678913425835451,0.8429858803986711,0.8205128205128205,0.7729468599033816,1.2088631708026012
2765,0.9683333333333334,0.8833952185525373,0.7751937984496124,0.9174311926605505,0.8833952185525373,0.8583958288884148,0.8403361344537815,0.7999999999999999,1.093733916152899
2766,0.97,0.8945562721212517,0.7984496124031008,0.911504424778761,0.8945562721212517,0.8658103519242641,0.8512396694214877,0.8187599364069952,1.0361699551592396
2767,0.9691666666666666,0.8906803031290036,0.7906976744186046,0.9107142857142857,0.8906803031290037,0.8619559800664451,0.846473029045643,0.8121019108280255,1.064952268821665
2768,0.9683333333333334,0.8868043341367555,0.7829457364341085,0.9099099099099099,0.8868043341367555,0.8580944898386759,0.8416666666666666,0.8054226475279107,1.0937345824840907
2769,0.9666666666666667,0.8790523961522594,0.7674418604651163,0.908256880733945,0.8790523961522594,0.8503493705995308,0.8319327731092436,0.7919999999999999,1.1512992098089418
2770,0.97,0.8945562721212517,0.7984496124031008,0.911504424778761,0.8945562721212517,0.8658103519242641,0.8512396694214877,0.8187599364069952,1.0361699551592398
2771,0.9708333333333333,0.8984322411134997,0.8062015503875969,0.9122807017543859,0.8984322411134997,0.8696577927376581,0.8559670781893004,0.8253968253968255,1.007387641496814
2772,0.9675,0.8795192495602893,0.7674418604651163,0.9166666666666666,0.8795192495602894,0.8545542635658914,0.8354430379746837,0.7932692307692308,1.1225162298153244
2773,0.9691666666666666,0.8872711875447854,0.7829457364341085,0.9181818181818182,0.8872711875447854,0.86223044397463,0.8451882845188284,0.8067092651757188,1.0649516024904733
2774,0.9691666666666666,0.8872711875447854,0.7829457364341085,0.9181818181818182,0.8872711875447854,0.86223044397463,0.8451882845188284,0.8067092651757188,1.0649516024904733
2775,0.9708333333333333,0.8950231255292815,0.7984496124031008,0.9196428571428571,0.8950231255292815,0.8698795681063124,0.8547717842323651,0.8200636942675159,1.0073869751656221
2776,0.9691666666666666,0.8872711875447854,0.7829457364341085,0.9181818181818182,0.8872711875447854,0.86223044397463,0.8451882845188284,0.8067092651757188,1.0649516024904733
2777,0.9666666666666667,0.8756432805680412,0.7596899224806202,0.9158878504672897,0.8756432805680412,0.8507055531406216,0.8305084745762713,0.7865168539325843,1.1512985434777498
2778,0.9683333333333334,0.8833952185525373,0.7751937984496124,0.9174311926605505,0.8833952185525373,0.8583958288884148,0.8403361344537815,0.7999999999999999,1.093733916152899
2779,0.9691666666666666,0.8838620719605672,0.7751937984496124,0.9259259259259259,0.8838620719605672,0.8626431955211026,0.8438818565400844,0.8012820512820513,1.0649509361592815
2780,0.97,0.8945562721212517,0.7984496124031008,0.911504424778761,0.8945562721212517,0.8658103519242641,0.8512396694214877,0.8187599364069952,1.0361699551592396
2781,0.9683333333333334,0.8833952185525373,0.7751937984496124,0.9174311926605505,0.8833952185525373,0.8583958288884148,0.8403361344537815,0.7999999999999999,1.093733916152899
2782,0.9733333333333334,0.9066510325060257,0.8217054263565892,0.9217391304347826,0.9066510325060257,0.8813056117290192,0.8688524590163934,0.8399366085578447,0.9210400341783456
2783,0.9725,0.9027750635137777,0.813953488372093,0.9210526315789473,0.9027750635137777,0.8775030599755202,0.8641975308641974,0.8333333333333334,0.9498223478407711
2784,0.9683333333333334,0.8868043341367555,0.7829457364341085,0.9099099099099099,0.8868043341367555,0.8580944898386759,0.8416666666666666,0.8054226475279107,1.093734582484091
2785,0.97,0.8911471565370335,0.7906976744186046,0.918918918918919,0.8911471565370335,0.8660582966687618,0.85,0.8133971291866028,1.0361692888280478
2786,0.9708333333333333,0.8950231255292815,0.7984496124031008,0.9196428571428571,0.8950231255292815,0.8698795681063124,0.8547717842323651,0.8200636942675159,1.0073869751656221
2787,0.97,0.8877380409528153,0.7829457364341085,0.926605504587156,0.8877380409528153,0.8664422871772988,0.8487394957983192,0.808,1.036168622496856
2788,0.97,0.8877380409528153,0.7829457364341085,0.926605504587156,0.8877380409528153,0.8664422871772988,0.8487394957983192,0.808,1.036168622496856
2789,0.9683333333333334,0.8833952185525373,0.7751937984496124,0.9174311926605505,0.8833952185525373,0.8583958288884148,0.8403361344537815,0.7999999999999999,1.093733916152899
2790,0.9691666666666666,0.8906803031290036,0.7906976744186046,0.9107142857142857,0.8906803031290037,0.8619559800664451,0.846473029045643,0.8121019108280255,1.064952268821665
2791,0.9683333333333334,0.8833952185525373,0.7751937984496124,0.9174311926605505,0.8833952185525373,0.8583958288884148,0.8403361344537815,0.7999999999999999,1.093733916152899
2792,0.97,0.8911471565370335,0.7906976744186046,0.918918918918919,0.8911471565370335,0.8660582966687618,0.85,0.8133971291866028,1.0361692888280478
2793,0.9675,0.8795192495602893,0.7674418604651163,0.9166666666666666,0.8795192495602894,0.8545542635658914,0.8354430379746837,0.7932692307692308,1.1225162298153244
2794,0.9716666666666667,0.8988990945215296,0.8062015503875969,0.9203539823008849,0.8988990945215296,0.8736944330109077,0.859504132231405,0.8267090620031796,0.9786046615031967
2795,0.9716666666666667,0.8988990945215296,0.8062015503875969,0.9203539823008849,0.8988990945215296,0.8736944330109077,0.859504132231405,0.8267090620031796,0.9786046615031967
2796,0.9691666666666666,0.8872711875447854,0.7829457364341085,0.9181818181818182,0.8872711875447854,0.86223044397463,0.8451882845188284,0.8067092651757188,1.0649516024904733
2797,0.9691666666666666,0.8872711875447854,0.7829457364341085,0.9181818181818182,0.8872711875447854,0.86223044397463,0.8451882845188284,0.8067092651757188,1.0649516024904733
2798,0.9683333333333334,0.8833952185525373,0.7751937984496124,0.9174311926605505,0.8833952185525373,0.8583958288884148,0.8403361344537815,0.7999999999999999,1.093733916152899
2799,0.9683333333333334,0.8833952185525373,0.7751937984496124,0.9174311926605505,0.8833952185525373,0.8583958288884148,0.8403361344537815,0.7999999999999999,1.093733916152899
2800,0.9675,0.8795192495602893,0.7674418604651163,0.9166666666666666,0.8795192495602894,0.8545542635658914,0.8354430379746837,0.7932692307692308,1.1225162298153246
2801,0.9675,0.8795192495602893,0.7674418604651163,0.9166666666666666,0.8795192495602894,0.8545542635658914,0.8354430379746837,0.7932692307692308,1.1225162298153244
2802,0.9691666666666666,0.8872711875447854,0.7829457364341085,0.9181818181818182,0.8872711875447854,0.86223044397463,0.8451882845188284,0.8067092651757188,1.0649516024904733
2803,0.9666666666666667,0.8756432805680412,0.7596899224806202,0.9158878504672897,0.8756432805680412,0.8507055531406216,0.8305084745762713,0.7865168539325843,1.1512985434777498
2804,0.9691666666666666,0.8838620719605672,0.7751937984496124,0.9259259259259259,0.8838620719605672,0.8626431955211026,0.8438818565400844,0.8012820512820513,1.0649509361592815
2805,0.9691666666666666,0.8838620719605672,0.7751937984496124,0.9259259259259259,0.8838620719605672,0.8626431955211026,0.8438818565400844,0.8012820512820513,1.0649509361592815
2806,0.9683333333333334,0.8799861029683191,0.7674418604651163,0.9252336448598131,0.8799861029683191,0.8588377526624646,0.8389830508474577,0.7945425361155699,1.093733249821707
2807,0.9691666666666666,0.8838620719605672,0.7751937984496124,0.9259259259259259,0.8838620719605672,0.8626431955211026,0.8438818565400844,0.8012820512820513,1.0649509361592815
2808,0.9675,0.8829283651445075,0.7751937984496124,0.9090909090909091,0.8829283651445075,0.8542256871035941,0.8368200836820083,0.7987220447284344,1.1225168961465164
2809,0.9708333333333333,0.8950231255292815,0.7984496124031008,0.9196428571428571,0.8950231255292815,0.8698795681063124,0.8547717842323651,0.8200636942675159,1.0073869751656221
2810,0.97,0.8911471565370335,0.7906976744186046,0.918918918918919,0.8911471565370335,0.8660582966687618,0.85,0.8133971291866028,1.0361692888280478
2811,0.97,0.8945562721212517,0.7984496124031008,0.911504424778761,0.8945562721212517,0.8658103519242641,0.8512396694214877,0.8187599364069952,1.0361699551592396
2812,0.9675,0.8829283651445075,0.7751937984496124,0.9090909090909091,0.8829283651445075,0.8542256871035941,0.8368200836820083,0.7987220447284344,1.1225168961465164
2813,0.97,0.8945562721212517,0.7984496124031008,0.911504424778761,0.8945562721212517,0.8658103519242641,0.8512396694214877,0.8187599364069952,1.0361699551592396
2814,0.9675,0.8829283651445075,0.7751937984496124,0.9090909090909091,0.8829283651445075,0.8542256871035941,0.8368200836820083,0.7987220447284344,1.1225168961465164
2815,0.9683333333333334,0.8833952185525373,0.7751937984496124,0.9174311926605505,0.8833952185525373,0.8583958288884148,0.8403361344537815,0.7999999999999999,1.093733916152899
2816,0.9691666666666666,0.8872711875447854,0.7829457364341085,0.9181818181818182,0.8872711875447854,0.86223044397463,0.8451882845188284,0.8067092651757188,1.0649516024904733
2817,0.9683333333333334,0.8833952185525373,0.7751937984496124,0.9174311926605505,0.8833952185525373,0.8583958288884148,0.8403361344537815,0.7999999999999999,1.093733916152899
2818,0.9683333333333334,0.8833952185525373,0.7751937984496124,0.9174311926605505,0.8833952185525373,0.8583958288884148,0.8403361344537815,0.7999999999999999,1.093733916152899
2819,0.9691666666666666,0.8872711875447854,0.7829457364341085,0.9181818181818182,0.8872711875447854,0.86223044397463,0.8451882845188284,0.8067092651757188,1.0649516024904735
2820,0.9683333333333334,0.8833952185525373,0.7751937984496124,0.9174311926605505,0.8833952185525373,0.8583958288884148,0.8403361344537815,0.7999999999999999,1.093733916152899
2821,0.9683333333333334,0.8868043341367555,0.7829457364341085,0.9099099099099099,0.8868043341367555,0.8580944898386759,0.8416666666666666,0.8054226475279107,1.0937345824840907
2822,0.9683333333333334,0.8833952185525373,0.7751937984496124,0.9174311926605505,0.8833952185525373,0.8583958288884148,0.8403361344537815,0.7999999999999999,1.093733916152899
2823,0.97,0.8945562721212517,0.7984496124031008,0.911504424778761,0.8945562721212517,0.8658103519242641,0.8512396694214877,0.8187599364069952,1.0361699551592396
2824,0.9675,0.8795192495602893,0.7674418604651163,0.9166666666666666,0.8795192495602894,0.8545542635658914,0.8354430379746837,0.7932692307692308,1.1225162298153244
2825,0.9666666666666667,0.8790523961522594,0.7674418604651163,0.908256880733945,0.8790523961522594,0.8503493705995308,0.8319327731092436,0.7919999999999999,1.1512992098089418
2826,0.9675,0.8795192495602893,0.7674418604651163,0.9166666666666666,0.8795192495602894,0.8545542635658914,0.8354430379746837,0.7932692307692308,1.1225162298153244
2827,0.9683333333333334,0.8868043341367555,0.7829457364341085,0.9099099099099099,0.8868043341367555,0.8580944898386759,0.8416666666666666,0.8054226475279107,1.093734582484091
2828,0.9691666666666666,0.8872711875447854,0.7829457364341085,0.9181818181818182,0.8872711875447854,0.86223044397463,0.8451882845188284,0.8067092651757188,1.0649516024904733
2829,0.9675,0.8795192495602893,0.7674418604651163,0.9166666666666666,0.8795192495602894,0.8545542635658914,0.8354430379746837,0.7932692307692308,1.1225162298153244
2830,0.9708333333333333,0.8950231255292815,0.7984496124031008,0.9196428571428571,0.8950231255292815,0.8698795681063124,0.8547717842323651,0.8200636942675159,1.0073869751656221
2831,0.965,0.8713004581677632,0.751937984496124,0.9065420560747663,0.8713004581677634,0.8425733536187785,0.8220338983050847,0.7784911717495986,1.208863837133793
2832,0.9675,0.8795192495602893,0.7674418604651163,0.9166666666666666,0.8795192495602894,0.8545542635658914,0.8354430379746837,0.7932692307692308,1.1225162298153244
2833,0.9683333333333334,0.8833952185525373,0.7751937984496124,0.9174311926605505,0.8833952185525373,0.8583958288884148,0.8403361344537815,0.7999999999999999,1.093733916152899
2834,0.9691666666666666,0.8906803031290036,0.7906976744186046,0.9107142857142857,0.8906803031290037,0.8619559800664451,0.846473029045643,0.8121019108280255,1.064952268821665
2835,0.9716666666666667,0.8988990945215296,0.8062015503875969,0.9203539823008849,0.8988990945215296,0.8736944330109077,0.859504132231405,0.8267090620031796,0.9786046615031967
2836,0.9666666666666667,0.8790523961522594,0.7674418604651163,0.908256880733945,0.8790523961522594,0.8503493705995308,0.8319327731092436,0.7919999999999999,1.1512992098089418
2837,0.9683333333333334,0.8868043341367555,0.7829457364341085,0.9099099099099099,0.8868043341367555,0.8580944898386759,0.8416666666666666,0.8054226475279107,1.093734582484091
2838,0.9691666666666666,0.8872711875447854,0.7829457364341085,0.9181818181818182,0.8872711875447854,0.86223044397463,0.8451882845188284,0.8067092651757188,1.0649516024904733
2839,0.9675,0.8761101339760711,0.7596899224806202,0.9245283018867925,0.8761101339760711,0.855025778850373,0.8340425531914893,0.7877813504823152,1.1225155634841326
2840,0.97,0.8911471565370335,0.7906976744186046,0.918918918918919,0.8911471565370335,0.8660582966687618,0.85,0.8133971291866028,1.0361692888280478
2841,0.97,0.8911471565370335,0.7906976744186046,0.918918918918919,0.8911471565370335,0.8660582966687618,0.85,0.8133971291866028,1.0361692888280478
2842,0.97,0.8911471565370335,0.7906976744186046,0.918918918918919,0.8911471565370335,0.8660582966687618,0.85,0.8133971291866028,1.0361692888280478
2843,0.9675,0.8795192495602893,0.7674418604651163,0.9166666666666666,0.8795192495602894,0.8545542635658914,0.8354430379746837,0.7932692307692308,1.1225162298153246
2844,0.9691666666666666,0.8872711875447854,0.7829457364341085,0.9181818181818182,0.8872711875447854,0.86223044397463,0.8451882845188284,0.8067092651757188,1.0649516024904733
2845,0.97,0.8911471565370335,0.7906976744186046,0.918918918918919,0.8911471565370335,0.8660582966687618,0.85,0.8133971291866028,1.0361692888280478
2846,0.9683333333333334,0.8833952185525373,0.7751937984496124,0.9174311926605505,0.8833952185525373,0.8583958288884148,0.8403361344537815,0.7999999999999999,1.093733916152899
2847,0.9675,0.8795192495602893,0.7674418604651163,0.9166666666666666,0.8795192495602894,0.8545542635658914,0.8354430379746837,0.7932692307692308,1.1225162298153244
2848,0.9666666666666667,0.8756432805680412,0.7596899224806202,0.9158878504672897,0.8756432805680412,0.8507055531406216,0.8305084745762713,0.7865168539325843,1.1512985434777498
2849,0.9666666666666667,0.8756432805680412,0.7596899224806202,0.9158878504672897,0.8756432805680412,0.8507055531406216,0.8305084745762713,0.7865168539325843,1.1512985434777498
2850,0.965,0.8713004581677632,0.751937984496124,0.9065420560747663,0.8713004581677634,0.8425733536187785,0.8220338983050847,0.7784911717495986,1.208863837133793
2851,0.9683333333333334,0.8833952185525373,0.7751937984496124,0.9174311926605505,0.8833952185525373,0.8583958288884148,0.8403361344537815,0.7999999999999999,1.093733916152899
2852,0.9691666666666666,0.8838620719605672,0.7751937984496124,0.9259259259259259,0.8838620719605672,0.8626431955211026,0.8438818565400844,0.8012820512820513,1.0649509361592815
2853,0.9683333333333334,0.8799861029683191,0.7674418604651163,0.9252336448598131,0.8799861029683191,0.8588377526624646,0.8389830508474577,0.7945425361155699,1.093733249821707
2854,0.9675,0.8829283651445075,0.7751937984496124,0.9090909090909091,0.8829283651445075,0.8542256871035941,0.8368200836820083,0.7987220447284344,1.1225168961465164
2855,0.9658333333333333,0.8717673115757931,0.751937984496124,0.9150943396226415,0.8717673115757931,0.8468494953927161,0.8255319148936171,0.7797427652733119,1.1800808571401755
2856,0.97,0.8911471565370335,0.7906976744186046,0.918918918918919,0.8911471565370335,0.8660582966687618,0.85,0.8133971291866028,1.0361692888280478
2857,0.9675,0.8795192495602893,0.7674418604651163,0.9166666666666666,0.8795192495602894,0.8545542635658914,0.8354430379746837,0.7932692307692308,1.1225162298153244
2858,0.9691666666666666,0.8872711875447854,0.7829457364341085,0.9181818181818182,0.8872711875447854,0.86223044397463,0.8451882845188284,0.8067092651757188,1.0649516024904733
2859,0.9691666666666666,0.8872711875447854,0.7829457364341085,0.9181818181818182,0.8872711875447854,0.86223044397463,0.8451882845188284,0.8067092651757188,1.0649516024904733
2860,0.9666666666666667,0.8756432805680412,0.7596899224806202,0.9158878504672897,0.8756432805680412,0.8507055531406216,0.8305084745762713,0.7865168539325843,1.15129854347775
2861,0.9658333333333333,0.8717673115757931,0.751937984496124,0.9150943396226415,0.8717673115757931,0.8468494953927161,0.8255319148936171,0.7797427652733119,1.1800808571401755
2862,0.97,0.8877380409528153,0.7829457364341085,0.926605504587156,0.8877380409528153,0.8664422871772988,0.8487394957983192,0.808,1.036168622496856
2863,0.9675,0.8829283651445075,0.7751937984496124,0.9090909090909091,0.8829283651445075,0.8542256871035941,0.8368200836820083,0.7987220447284344,1.1225168961465162
2864,0.97,0.8911471565370335,0.7906976744186046,0.918918918918919,0.8911471565370335,0.8660582966687618,0.85,0.8133971291866028,1.0361692888280478
2865,0.9691666666666666,0.8872711875447854,0.7829457364341085,0.9181818181818182,0.8872711875447854,0.86223044397463,0.8451882845188284,0.8067092651757188,1.0649516024904733
2866,0.9658333333333333,0.8717673115757931,0.751937984496124,0.9150943396226415,0.8717673115757931,0.8468494953927161,0.8255319148936171,0.7797427652733119,1.1800808571401755
2867,0.9666666666666667,0.8756432805680412,0.7596899224806202,0.9158878504672897,0.8756432805680412,0.8507055531406216,0.8305084745762713,0.7865168539325843,1.1512985434777498
2868,0.97,0.8911471565370335,0.7906976744186046,0.918918918918919,0.8911471565370335,0.8660582966687618,0.85,0.8133971291866028,1.0361692888280478
2869,0.9658333333333333,0.8751764271600113,0.7596899224806202,0.9074074074074074,0.8751764271600113,0.8464653316106805,0.8270042194092827,0.7852564102564104,1.1800815234713675
2870,0.9666666666666667,0.8756432805680412,0.7596899224806202,0.9158878504672897,0.8756432805680412,0.8507055531406216,0.8305084745762713,0.7865168539325843,1.1512985434777498
2871,0.9658333333333333,0.8717673115757931,0.751937984496124,0.9150943396226415,0.8717673115757931,0.8468494953927161,0.8255319148936171,0.7797427652733119,1.1800808571401757
2872,0.9666666666666667,0.8756432805680412,0.7596899224806202,0.9158878504672897,0.8756432805680412,0.8507055531406216,0.8305084745762713,0.7865168539325843,1.15129854347775
2873,0.9658333333333333,0.8751764271600113,0.7596899224806202,0.9074074074074074,0.8751764271600113,0.8464653316106805,0.8270042194092827,0.7852564102564104,1.1800815234713675
2874,0.9666666666666667,0.8756432805680412,0.7596899224806202,0.9158878504672897,0.8756432805680412,0.8507055531406216,0.8305084745762713,0.7865168539325843,1.1512985434777498
2875,0.9666666666666667,0.8756432805680412,0.7596899224806202,0.9158878504672897,0.8756432805680412,0.8507055531406216,0.8305084745762713,0.7865168539325843,1.15129854347775
2876,0.97,0.8911471565370335,0.7906976744186046,0.918918918918919,0.8911471565370335,0.8660582966687618,0.85,0.8133971291866028,1.0361692888280478
2877,0.9675,0.8795192495602893,0.7674418604651163,0.9166666666666666,0.8795192495602894,0.8545542635658914,0.8354430379746837,0.7932692307692308,1.1225162298153244
2878,0.9691666666666666,0.8872711875447854,0.7829457364341085,0.9181818181818182,0.8872711875447854,0.86223044397463,0.8451882845188284,0.8067092651757188,1.0649516024904733
2879,0.9683333333333334,0.8833952185525373,0.7751937984496124,0.9174311926605505,0.8833952185525373,0.8583958288884148,0.8403361344537815,0.7999999999999999,1.093733916152899
2880,0.9691666666666666,0.8838620719605672,0.7751937984496124,0.9259259259259259,0.8838620719605672,0.8626431955211026,0.8438818565400844,0.8012820512820513,1.0649509361592815
2881,0.9683333333333334,0.8833952185525373,0.7751937984496124,0.9174311926605505,0.8833952185525373,0.8583958288884148,0.8403361344537815,0.7999999999999999,1.093733916152899
2882,0.97,0.8911471565370335,0.7906976744186046,0.918918918918919,0.8911471565370335,0.8660582966687618,0.85,0.8133971291866028,1.0361692888280478
2883,0.9691666666666666,0.8838620719605672,0.7751937984496124,0.9259259259259259,0.8838620719605672,0.8626431955211026,0.8438818565400844,0.8012820512820513,1.0649509361592815
2884,0.9666666666666667,0.8790523961522594,0.7674418604651163,0.908256880733945,0.8790523961522594,0.8503493705995308,0.8319327731092436,0.7919999999999999,1.1512992098089418
2885,0.9666666666666667,0.8790523961522594,0.7674418604651163,0.908256880733945,0.8790523961522594,0.8503493705995308,0.8319327731092436,0.7919999999999999,1.1512992098089418
2886,0.9683333333333334,0.8868043341367555,0.7829457364341085,0.9099099099099099,0.8868043341367555,0.8580944898386759,0.8416666666666666,0.8054226475279107,1.093734582484091
2887,0.965,0.8713004581677632,0.751937984496124,0.9065420560747663,0.8713004581677634,0.8425733536187785,0.8220338983050847,0.7784911717495986,1.208863837133793
2888,0.9658333333333333,0.8751764271600113,0.7596899224806202,0.9074074074074074,0.8751764271600113,0.8464653316106805,0.8270042194092827,0.7852564102564104,1.1800815234713675
2889,0.9675,0.8863374807287256,0.7829457364341085,0.9017857142857143,0.8863374807287256,0.8540323920265781,0.8381742738589212,0.8041401273885349,1.1225175624777082
2890,0.965,0.8713004581677632,0.751937984496124,0.9065420560747663,0.8713004581677634,0.8425733536187785,0.8220338983050847,0.7784911717495986,1.208863837133793
2891,0.9691666666666666,0.8872711875447854,0.7829457364341085,0.9181818181818182,0.8872711875447854,0.86223044397463,0.8451882845188284,0.8067092651757188,1.0649516024904733
2892,0.9683333333333334,0.8833952185525373,0.7751937984496124,0.9174311926605505,0.8833952185525373,0.8583958288884148,0.8403361344537815,0.7999999999999999,1.093733916152899
2893,0.9675,0.8829283651445075,0.7751937984496124,0.9090909090909091,0.8829283651445075,0.8542256871035941,0.8368200836820083,0.7987220447284344,1.1225168961465164
2894,0.9691666666666666,0.8872711875447854,0.7829457364341085,0.9181818181818182,0.8872711875447854,0.86223044397463,0.8451882845188284,0.8067092651757188,1.0649516024904733
2895,0.9666666666666667,0.8756432805680412,0.7596899224806202,0.9158878504672897,0.8756432805680412,0.8507055531406216,0.8305084745762713,0.7865168539325843,1.15129854347775
2896,0.9708333333333333,0.8950231255292815,0.7984496124031008,0.9196428571428571,0.8950231255292815,0.8698795681063124,0.8547717842323651,0.8200636942675159,1.0073869751656221
2897,0.9666666666666667,0.8790523961522594,0.7674418604651163,0.908256880733945,0.8790523961522594,0.8503493705995308,0.8319327731092436,0.7919999999999999,1.1512992098089418
2898,0.9683333333333334,0.8833952185525373,0.7751937984496124,0.9174311926605505,0.8833952185525373,0.8583958288884148,0.8403361344537815,0.7999999999999999,1.093733916152899
2899,0.9675,0.8829283651445075,0.7751937984496124,0.9090909090909091,0.8829283651445075,0.8542256871035941,0.8368200836820083,0.7987220447284344,1.1225168961465162
2900,0.9675,0.8795192495602893,0.7674418604651163,0.9166666666666666,0.8795192495602894,0.8545542635658914,0.8354430379746837,0.7932692307692308,1.1225162298153244
2901,0.97,0.8877380409528153,0.7829457364341085,0.926605504587156,0.8877380409528153,0.8664422871772988,0.8487394957983192,0.808,1.036168622496856
2902,0.9708333333333333,0.8916140099450633,0.7906976744186046,0.9272727272727272,0.8916140099450633,0.870235200845666,0.8535564853556484,0.8146964856230033,1.0073863088344304
2903,0.965,0.8713004581677632,0.751937984496124,0.9065420560747663,0.8713004581677634,0.8425733536187785,0.8220338983050847,0.7784911717495986,1.208863837133793
2904,0.965,0.8713004581677632,0.751937984496124,0.9065420560747663,0.8713004581677634,0.8425733536187785,0.8220338983050847,0.7784911717495986,1.208863837133793
2905,0.9641666666666666,0.8674244891755152,0.7441860465116279,0.9056603773584906,0.8674244891755152,0.8386732119350592,0.8170212765957447,0.7717041800643085,1.2376461507962186
2906,0.97,0.8911471565370335,0.7906976744186046,0.918918918918919,0.8911471565370335,0.8660582966687618,0.85,0.8133971291866028,1.0361692888280478
2907,0.9675,0.8795192495602893,0.7674418604651163,0.9166666666666666,0.8795192495602894,0.8545542635658914,0.8354430379746837,0.7932692307692308,1.1225162298153246
2908,0.9691666666666666,0.8838620719605672,0.7751937984496124,0.9259259259259259,0.8838620719605672,0.8626431955211026,0.8438818565400844,0.8012820512820513,1.0649509361592815
2909,0.9658333333333333,0.8717673115757931,0.751937984496124,0.9150943396226415,0.8717673115757931,0.8468494953927161,0.8255319148936171,0.7797427652733119,1.1800808571401757
2910,0.9683333333333334,0.8833952185525373,0.7751937984496124,0.9174311926605505,0.8833952185525373,0.8583958288884148,0.8403361344537815,0.7999999999999999,1.093733916152899
2911,0.9683333333333334,0.8833952185525373,0.7751937984496124,0.9174311926605505,0.8833952185525373,0.8583958288884148,0.8403361344537815,0.7999999999999999,1.093733916152899
2912,0.965,0.8713004581677632,0.751937984496124,0.9065420560747663,0.8713004581677634,0.8425733536187785,0.8220338983050847,0.7784911717495986,1.208863837133793
2913,0.97,0.8911471565370335,0.7906976744186046,0.918918918918919,0.8911471565370335,0.8660582966687618,0.85,0.8133971291866028,1.0361692888280478
2914,0.9683333333333334,0.8799861029683191,0.7674418604651163,0.9252336448598131,0.8799861029683191,0.8588377526624646,0.8389830508474577,0.7945425361155699,1.093733249821707
2915,0.9683333333333334,0.8833952185525373,0.7751937984496124,0.9174311926605505,0.8833952185525373,0.8583958288884148,0.8403361344537815,0.7999999999999999,1.093733916152899
2916,0.9675,0.8761101339760711,0.7596899224806202,0.9245283018867925,0.8761101339760711,0.855025778850373,0.8340425531914893,0.7877813504823152,1.1225155634841328
2917,0.9675,0.8795192495602893,0.7674418604651163,0.9166666666666666,0.8795192495602894,0.8545542635658914,0.8354430379746837,0.7932692307692308,1.1225162298153244
2918,0.9675,0.8829283651445075,0.7751937984496124,0.9090909090909091,0.8829283651445075,0.8542256871035941,0.8368200836820083,0.7987220447284344,1.1225168961465164
2919,0.9675,0.8829283651445075,0.7751937984496124,0.9090909090909091,0.8829283651445075,0.8542256871035941,0.8368200836820083,0.7987220447284344,1.1225168961465164
2920,0.97,0.8911471565370335,0.7906976744186046,0.918918918918919,0.8911471565370335,0.8660582966687618,0.85,0.8133971291866028,1.0361692888280478
2921,0.97,0.8911471565370335,0.7906976744186046,0.918918918918919,0.8911471565370335,0.8660582966687618,0.85,0.8133971291866028,1.0361692888280478
2922,0.9683333333333334,0.8833952185525373,0.7751937984496124,0.9174311926605505,0.8833952185525373,0.8583958288884148,0.8403361344537815,0.7999999999999999,1.093733916152899
2923,0.9666666666666667,0.8790523961522594,0.7674418604651163,0.908256880733945,0.8790523961522594,0.8503493705995308,0.8319327731092436,0.7919999999999999,1.1512992098089418
2924,0.9683333333333334,0.8833952185525373,0.7751937984496124,0.9174311926605505,0.8833952185525373,0.8583958288884148,0.8403361344537815,0.7999999999999999,1.093733916152899
2925,0.9675,0.8795192495602893,0.7674418604651163,0.9166666666666666,0.8795192495602894,0.8545542635658914,0.8354430379746837,0.7932692307692308,1.1225162298153244
2926,0.9716666666666667,0.8988990945215296,0.8062015503875969,0.9203539823008849,0.8988990945215296,0.8736944330109077,0.859504132231405,0.8267090620031796,0.9786046615031967
2927,0.9675,0.8795192495602893,0.7674418604651163,0.9166666666666666,0.8795192495602894,0.8545542635658914,0.8354430379746837,0.7932692307692308,1.1225162298153244
2928,0.965,0.8678913425835451,0.7441860465116279,0.9142857142857143,0.8678913425835451,0.8429858803986711,0.8205128205128205,0.7729468599033816,1.2088631708026014
2929,0.9666666666666667,0.8756432805680412,0.7596899224806202,0.9158878504672897,0.8756432805680412,0.8507055531406216,0.8305084745762713,0.7865168539325843,1.1512985434777498
2930,0.9683333333333334,0.8799861029683191,0.7674418604651163,0.9252336448598131,0.8799861029683191,0.8588377526624646,0.8389830508474577,0.7945425361155699,1.093733249821707
2931,0.97,0.8911471565370335,0.7906976744186046,0.918918918918919,0.8911471565370335,0.8660582966687618,0.85,0.8133971291866028,1.0361692888280478
2932,0.9683333333333334,0.8868043341367555,0.7829457364341085,0.9099099099099099,0.8868043341367555,0.8580944898386759,0.8416666666666666,0.8054226475279107,1.0937345824840907
2933,0.9708333333333333,0.8916140099450633,0.7906976744186046,0.9272727272727272,0.8916140099450633,0.870235200845666,0.8535564853556484,0.8146964856230033,1.0073863088344304
2934,0.9691666666666666,0.8872711875447854,0.7829457364341085,0.9181818181818182,0.8872711875447854,0.86223044397463,0.8451882845188284,0.8067092651757188,1.0649516024904733
2935,0.9691666666666666,0.8872711875447854,0.7829457364341085,0.9181818181818182,0.8872711875447854,0.86223044397463,0.8451882845188284,0.8067092651757188,1.0649516024904733
2936,0.9675,0.8795192495602893,0.7674418604651163,0.9166666666666666,0.8795192495602894,0.8545542635658914,0.8354430379746837,0.7932692307692308,1.1225162298153244
2937,0.9691666666666666,0.8872711875447854,0.7829457364341085,0.9181818181818182,0.8872711875447854,0.86223044397463,0.8451882845188284,0.8067092651757188,1.0649516024904733
2938,0.9691666666666666,0.8872711875447854,0.7829457364341085,0.9181818181818182,0.8872711875447854,0.86223044397463,0.8451882845188284,0.8067092651757188,1.0649516024904733
2939,0.9683333333333334,0.8799861029683191,0.7674418604651163,0.9252336448598131,0.8799861029683191,0.8588377526624646,0.8389830508474577,0.7945425361155699,1.093733249821707
2940,0.9666666666666667,0.8756432805680412,0.7596899224806202,0.9158878504672897,0.8756432805680412,0.8507055531406216,0.8305084745762713,0.7865168539325843,1.15129854347775
2941,0.9683333333333334,0.8833952185525373,0.7751937984496124,0.9174311926605505,0.8833952185525373,0.8583958288884148,0.8403361344537815,0.7999999999999999,1.093733916152899
2942,0.9683333333333334,0.8799861029683191,0.7674418604651163,0.9252336448598131,0.8799861029683191,0.8588377526624646,0.8389830508474577,0.7945425361155699,1.093733249821707
2943,0.9708333333333333,0.8950231255292815,0.7984496124031008,0.9196428571428571,0.8950231255292815,0.8698795681063124,0.8547717842323651,0.8200636942675159,1.0073869751656221
2944,0.9683333333333334,0.8833952185525373,0.7751937984496124,0.9174311926605505,0.8833952185525373,0.8583958288884148,0.8403361344537815,0.7999999999999999,1.093733916152899
2945,0.9716666666666667,0.8954899789373114,0.7984496124031008,0.9279279279279279,0.8954899789373114,0.8740221034988476,0.8583333333333333,0.8213716108452951,0.9786039951720049
2946,0.9683333333333334,0.8833952185525373,0.7751937984496124,0.9174311926605505,0.8833952185525373,0.8583958288884148,0.8403361344537815,0.7999999999999999,1.093733916152899
2947,0.97,0.8911471565370335,0.7906976744186046,0.918918918918919,0.8911471565370335,0.8660582966687618,0.85,0.8133971291866028,1.0361692888280478
2948,0.9675,0.8795192495602893,0.7674418604651163,0.9166666666666666,0.8795192495602894,0.8545542635658914,0.8354430379746837,0.7932692307692308,1.1225162298153244
2949,0.9683333333333334,0.8833952185525373,0.7751937984496124,0.9174311926605505,0.8833952185525373,0.8583958288884148,0.8403361344537815,0.7999999999999999,1.093733916152899
2950,0.9641666666666666,0.864015373591297,0.7364341085271318,0.9134615384615384,0.864015373591297,0.8391144901610017,0.815450643776824,0.7661290322580645,1.2376454844650269
2951,0.9683333333333334,0.8902134497209737,0.7906976744186046,0.9026548672566371,0.8902134497209737,0.8579262708376209,0.8429752066115702,0.8108108108108106,1.0937352488152827
2952,0.9658333333333333,0.8717673115757931,0.751937984496124,0.9150943396226415,0.8717673115757931,0.8468494953927161,0.8255319148936171,0.7797427652733119,1.1800808571401755
2953,0.97,0.8911471565370335,0.7906976744186046,0.918918918918919,0.8911471565370335,0.8660582966687618,0.85,0.8133971291866028,1.0361692888280478
2954,0.97,0.8911471565370335,0.7906976744186046,0.918918918918919,0.8911471565370335,0.8660582966687618,0.85,0.8133971291866028,1.0361692888280478
2955,0.9666666666666667,0.8756432805680412,0.7596899224806202,0.9158878504672897,0.8756432805680412,0.8507055531406216,0.8305084745762713,0.7865168539325843,1.1512985434777498
2956,0.9658333333333333,0.8717673115757931,0.751937984496124,0.9150943396226415,0.8717673115757931,0.8468494953927161,0.8255319148936171,0.7797427652733119,1.1800808571401755
2957,0.9675,0.8795192495602893,0.7674418604651163,0.9166666666666666,0.8795192495602894,0.8545542635658914,0.8354430379746837,0.7932692307692308,1.1225162298153244
2958,0.9691666666666666,0.8872711875447854,0.7829457364341085,0.9181818181818182,0.8872711875447854,0.86223044397463,0.8451882845188284,0.8067092651757188,1.0649516024904733
2959,0.9675,0.8829283651445075,0.7751937984496124,0.9090909090909091,0.8829283651445075,0.8542256871035941,0.8368200836820083,0.7987220447284344,1.1225168961465164
2960,0.9691666666666666,0.8906803031290036,0.7906976744186046,0.9107142857142857,0.8906803031290037,0.8619559800664451,0.846473029045643,0.8121019108280255,1.064952268821665
2961,0.9691666666666666,0.8872711875447854,0.7829457364341085,0.9181818181818182,0.8872711875447854,0.86223044397463,0.8451882845188284,0.8067092651757188,1.0649516024904733
2962,0.97,0.8877380409528153,0.7829457364341085,0.926605504587156,0.8877380409528153,0.8664422871772988,0.8487394957983192,0.808,1.036168622496856
2963,0.9666666666666667,0.8756432805680412,0.7596899224806202,0.9158878504672897,0.8756432805680412,0.8507055531406216,0.8305084745762713,0.7865168539325843,1.1512985434777498
2964,0.9683333333333334,0.8833952185525373,0.7751937984496124,0.9174311926605505,0.8833952185525373,0.8583958288884148,0.8403361344537815,0.7999999999999999,1.093733916152899
2965,0.9666666666666667,0.8756432805680412,0.7596899224806202,0.9158878504672897,0.8756432805680412,0.8507055531406216,0.8305084745762713,0.7865168539325843,1.1512985434777498
2966,0.9666666666666667,0.8790523961522594,0.7674418604651163,0.908256880733945,0.8790523961522594,0.8503493705995308,0.8319327731092436,0.7919999999999999,1.1512992098089418
2967,0.9691666666666666,0.8872711875447854,0.7829457364341085,0.9181818181818182,0.8872711875447854,0.86223044397463,0.8451882845188284,0.8067092651757188,1.0649516024904733
2968,0.9666666666666667,0.8790523961522594,0.7674418604651163,0.908256880733945,0.8790523961522594,0.8503493705995308,0.8319327731092436,0.7919999999999999,1.1512992098089418
2969,0.9675,0.8795192495602893,0.7674418604651163,0.9166666666666666,0.8795192495602894,0.8545542635658914,0.8354430379746837,0.7932692307692308,1.1225162298153244
2970,0.965,0.8713004581677632,0.751937984496124,0.9065420560747663,0.8713004581677634,0.8425733536187785,0.8220338983050847,0.7784911717495986,1.2088638371337932
2971,0.9683333333333334,0.8868043341367555,0.7829457364341085,0.9099099099099099,0.8868043341367555,0.8580944898386759,0.8416666666666666,0.8054226475279107,1.093734582484091
2972,0.9691666666666666,0.8872711875447854,0.7829457364341085,0.9181818181818182,0.8872711875447854,0.86223044397463,0.8451882845188284,0.8067092651757188,1.0649516024904733
2973,0.9675,0.8761101339760711,0.7596899224806202,0.9245283018867925,0.8761101339760711,0.855025778850373,0.8340425531914893,0.7877813504823152,1.1225155634841326
2974,0.9666666666666667,0.8756432805680412,0.7596899224806202,0.9158878504672897,0.8756432805680412,0.8507055531406216,0.8305084745762713,0.7865168539325843,1.1512985434777498
2975,0.9691666666666666,0.8838620719605672,0.7751937984496124,0.9259259259259259,0.8838620719605672,0.8626431955211026,0.8438818565400844,0.8012820512820513,1.0649509361592815
2976,0.9683333333333334,0.8868043341367555,0.7829457364341085,0.9099099099099099,0.8868043341367555,0.8580944898386759,0.8416666666666666,0.8054226475279107,1.0937345824840907
2977,0.9708333333333333,0.8950231255292815,0.7984496124031008,0.9196428571428571,0.8950231255292815,0.8698795681063124,0.8547717842323651,0.8200636942675159,1.0073869751656221
2978,0.9683333333333334,0.8833952185525373,0.7751937984496124,0.9174311926605505,0.8833952185525373,0.8583958288884148,0.8403361344537815,0.7999999999999999,1.093733916152899
2979,0.9683333333333334,0.8868043341367555,0.7829457364341085,0.9099099099099099,0.8868043341367555,0.8580944898386759,0.8416666666666666,0.8054226475279107,1.093734582484091
2980,0.9683333333333334,0.8833952185525373,0.7751937984496124,0.9174311926605505,0.8833952185525373,0.8583958288884148,0.8403361344537815,0.7999999999999999,1.093733916152899
2981,0.9708333333333333,0.8950231255292815,0.7984496124031008,0.9196428571428571,0.8950231255292815,0.8698795681063124,0.8547717842323651,0.8200636942675159,1.0073869751656221
2982,0.9691666666666666,0.8906803031290036,0.7906976744186046,0.9107142857142857,0.8906803031290037,0.8619559800664451,0.846473029045643,0.8121019108280255,1.064952268821665
2983,0.9708333333333333,0.8950231255292815,0.7984496124031008,0.9196428571428571,0.8950231255292815,0.8698795681063124,0.8547717842323651,0.8200636942675159,1.0073869751656221
2984,0.9658333333333333,0.8717673115757931,0.751937984496124,0.9150943396226415,0.8717673115757931,0.8468494953927161,0.8255319148936171,0.7797427652733119,1.1800808571401755
2985,0.9658333333333333,0.8717673115757931,0.751937984496124,0.9150943396226415,0.8717673115757931,0.8468494953927161,0.8255319148936171,0.7797427652733119,1.1800808571401755
2986,0.9675,0.8795192495602893,0.7674418604651163,0.9166666666666666,0.8795192495602894,0.8545542635658914,0.8354430379746837,0.7932692307692308,1.1225162298153244
2987,0.97,0.8945562721212517,0.7984496124031008,0.911504424778761,0.8945562721212517,0.8658103519242641,0.8512396694214877,0.8187599364069952,1.0361699551592398
2988,0.9675,0.8795192495602893,0.7674418604651163,0.9166666666666666,0.8795192495602894,0.8545542635658914,0.8354430379746837,0.7932692307692308,1.1225162298153244
2989,0.9683333333333334,0.8868043341367555,0.7829457364341085,0.9099099099099099,0.8868043341367555,0.8580944898386759,0.8416666666666666,0.8054226475279107,1.093734582484091
2990,0.9675,0.8795192495602893,0.7674418604651163,0.9166666666666666,0.8795192495602894,0.8545542635658914,0.8354430379746837,0.7932692307692308,1.1225162298153244
2991,0.9683333333333334,0.8868043341367555,0.7829457364341085,0.9099099099099099,0.8868043341367555,0.8580944898386759,0.8416666666666666,0.8054226475279107,1.0937345824840907
2992,0.9683333333333334,0.8833952185525373,0.7751937984496124,0.9174311926605505,0.8833952185525373,0.8583958288884148,0.8403361344537815,0.7999999999999999,1.093733916152899
2993,0.9658333333333333,0.8751764271600113,0.7596899224806202,0.9074074074074074,0.8751764271600113,0.8464653316106805,0.8270042194092827,0.7852564102564104,1.1800815234713675
2994,0.9658333333333333,0.8717673115757931,0.751937984496124,0.9150943396226415,0.8717673115757931,0.8468494953927161,0.8255319148936171,0.7797427652733119,1.1800808571401755
2995,0.9675,0.8795192495602893,0.7674418604651163,0.9166666666666666,0.8795192495602894,0.8545542635658914,0.8354430379746837,0.7932692307692308,1.1225162298153244
2996,0.9683333333333334,0.8833952185525373,0.7751937984496124,0.9174311926605505,0.8833952185525373,0.8583958288884148,0.8403361344537815,0.7999999999999999,1.093733916152899
2997,0.9675,0.8795192495602893,0.7674418604651163,0.9166666666666666,0.8795192495602894,0.8545542635658914,0.8354430379746837,0.7932692307692308,1.1225162298153244
2998,0.965,0.8678913425835451,0.7441860465116279,0.9142857142857143,0.8678913425835451,0.8429858803986711,0.8205128205128205,0.7729468599033816,1.2088631708026012
2999,0.9683333333333334,0.8833952185525373,0.7751937984496124,0.9174311926605505,0.8833952185525373,0.8583958288884148,0.8403361344537815,0.7999999999999999,1.093733916152899
3000,0.9683333333333334,0.8833952185525373,0.7751937984496124,0.9174311926605505,0.8833952185525373,0.8583958288884148,0.8403361344537815,0.7999999999999999,1.093733916152899
3001,0.9666666666666667,0.8790523961522594,0.7674418604651163,0.908256880733945,0.8790523961522594,0.8503493705995308,0.8319327731092436,0.7919999999999999,1.1512992098089418
3002,0.9691666666666666,0.8872711875447854,0.7829457364341085,0.9181818181818182,0.8872711875447854,0.86223044397463,0.8451882845188284,0.8067092651757188,1.0649516024904733
3003,0.9691666666666666,0.8872711875447854,0.7829457364341085,0.9181818181818182,0.8872711875447854,0.86223044397463,0.8451882845188284,0.8067092651757188,1.0649516024904733
3004,0.9675,0.8829283651445075,0.7751937984496124,0.9090909090909091,0.8829283651445075,0.8542256871035941,0.8368200836820083,0.7987220447284344,1.1225168961465164
3005,0.97,0.8911471565370335,0.7906976744186046,0.918918918918919,0.8911471565370335,0.8660582966687618,0.85,0.8133971291866028,1.0361692888280478
3006,0.9675,0.8795192495602893,0.7674418604651163,0.9166666666666666,0.8795192495602894,0.8545542635658914,0.8354430379746837,0.7932692307692308,1.1225162298153244
3007,0.9666666666666667,0.8756432805680412,0.7596899224806202,0.9158878504672897,0.8756432805680412,0.8507055531406216,0.8305084745762713,0.7865168539325843,1.15129854347775
3008,0.9675,0.8795192495602893,0.7674418604651163,0.9166666666666666,0.8795192495602894,0.8545542635658914,0.8354430379746837,0.7932692307692308,1.1225162298153244
3009,0.9675,0.8795192495602893,0.7674418604651163,0.9166666666666666,0.8795192495602894,0.8545542635658914,0.8354430379746837,0.7932692307692308,1.1225162298153244
3010,0.9666666666666667,0.8756432805680412,0.7596899224806202,0.9158878504672897,0.8756432805680412,0.8507055531406216,0.8305084745762713,0.7865168539325843,1.1512985434777498
3011,0.9683333333333334,0.8833952185525373,0.7751937984496124,0.9174311926605505,0.8833952185525373,0.8583958288884148,0.8403361344537815,0.7999999999999999,1.093733916152899
3012,0.9675,0.8795192495602893,0.7674418604651163,0.9166666666666666,0.8795192495602894,0.8545542635658914,0.8354430379746837,0.7932692307692308,1.1225162298153244
3013,0.9666666666666667,0.8790523961522594,0.7674418604651163,0.908256880733945,0.8790523961522594,0.8503493705995308,0.8319327731092436,0.7919999999999999,1.1512992098089418
3014,0.9675,0.8795192495602893,0.7674418604651163,0.9166666666666666,0.8795192495602894,0.8545542635658914,0.8354430379746837,0.7932692307692308,1.1225162298153244
3015,0.9683333333333334,0.8833952185525373,0.7751937984496124,0.9174311926605505,0.8833952185525373,0.8583958288884148,0.8403361344537815,0.7999999999999999,1.093733916152899
3016,0.9683333333333334,0.8833952185525373,0.7751937984496124,0.9174311926605505,0.8833952185525373,0.8583958288884148,0.8403361344537815,0.7999999999999999,1.093733916152899
3017,0.9658333333333333,0.8751764271600113,0.7596899224806202,0.9074074074074074,0.8751764271600113,0.8464653316106805,0.8270042194092827,0.7852564102564104,1.1800815234713675
3018,0.9683333333333334,0.8799861029683191,0.7674418604651163,0.9252336448598131,0.8799861029683191,0.8588377526624646,0.8389830508474577,0.7945425361155699,1.093733249821707
3019,0.9658333333333333,0.8717673115757931,0.751937984496124,0.9150943396226415,0.8717673115757931,0.8468494953927161,0.8255319148936171,0.7797427652733119,1.1800808571401755
3020,0.9683333333333334,0.8833952185525373,0.7751937984496124,0.9174311926605505,0.8833952185525373,0.8583958288884148,0.8403361344537815,0.7999999999999999,1.093733916152899
3021,0.9683333333333334,0.8799861029683191,0.7674418604651163,0.9252336448598131,0.8799861029683191,0.8588377526624646,0.8389830508474577,0.7945425361155699,1.093733249821707
3022,0.9675,0.8829283651445075,0.7751937984496124,0.9090909090909091,0.8829283651445075,0.8542256871035941,0.8368200836820083,0.7987220447284344,1.1225168961465164
3023,0.9658333333333333,0.8717673115757931,0.751937984496124,0.9150943396226415,0.8717673115757931,0.8468494953927161,0.8255319148936171,0.7797427652733119,1.1800808571401755
3024,0.9675,0.8829283651445075,0.7751937984496124,0.9090909090909091,0.8829283651445075,0.8542256871035941,0.8368200836820083,0.7987220447284344,1.1225168961465164
3025,0.9675,0.8795192495602893,0.7674418604651163,0.9166666666666666,0.8795192495602894,0.8545542635658914,0.8354430379746837,0.7932692307692308,1.1225162298153244
3026,0.9675,0.8829283651445075,0.7751937984496124,0.9090909090909091,0.8829283651445075,0.8542256871035941,0.8368200836820083,0.7987220447284344,1.1225168961465162
3027,0.9641666666666666,0.864015373591297,0.7364341085271318,0.9134615384615384,0.864015373591297,0.8391144901610017,0.815450643776824,0.7661290322580645,1.2376454844650269
3028,0.9683333333333334,0.8833952185525373,0.7751937984496124,0.9174311926605505,0.8833952185525373,0.8583958288884148,0.8403361344537815,0.7999999999999999,1.093733916152899
3029,0.9675,0.8795192495602893,0.7674418604651163,0.9166666666666666,0.8795192495602894,0.8545542635658914,0.8354430379746837,0.7932692307692308,1.1225162298153244
3030,0.9691666666666666,0.8872711875447854,0.7829457364341085,0.9181818181818182,0.8872711875447854,0.86223044397463,0.8451882845188284,0.8067092651757188,1.0649516024904733
3031,0.9675,0.8761101339760711,0.7596899224806202,0.9245283018867925,0.8761101339760711,0.855025778850373,0.8340425531914893,0.7877813504823152,1.1225155634841326
3032,0.97,0.8911471565370335,0.7906976744186046,0.918918918918919,0.8911471565370335,0.8660582966687618,0.85,0.8133971291866028,1.0361692888280478
3033,0.9675,0.8761101339760711,0.7596899224806202,0.9245283018867925,0.8761101339760711,0.855025778850373,0.8340425531914893,0.7877813504823152,1.1225155634841326
3034,0.9675,0.8795192495602893,0.7674418604651163,0.9166666666666666,0.8795192495602894,0.8545542635658914,0.8354430379746837,0.7932692307692308,1.1225162298153244
3035,0.9666666666666667,0.8756432805680412,0.7596899224806202,0.9158878504672897,0.8756432805680412,0.8507055531406216,0.8305084745762713,0.7865168539325843,1.15129854347775
3036,0.97,0.8911471565370335,0.7906976744186046,0.918918918918919,0.8911471565370335,0.8660582966687618,0.85,0.8133971291866028,1.0361692888280478
3037,0.9641666666666666,0.864015373591297,0.7364341085271318,0.9134615384615384,0.864015373591297,0.8391144901610017,0.815450643776824,0.7661290322580645,1.2376454844650269
3038,0.9683333333333334,0.8799861029683191,0.7674418604651163,0.9252336448598131,0.8799861029683191,0.8588377526624646,0.8389830508474577,0.7945425361155699,1.093733249821707
3039,0.9683333333333334,0.8833952185525373,0.7751937984496124,0.9174311926605505,0.8833952185525373,0.8583958288884148,0.8403361344537815,0.7999999999999999,1.093733916152899
3040,0.97,0.8911471565370335,0.7906976744186046,0.918918918918919,0.8911471565370335,0.8660582966687618,0.85,0.8133971291866028,1.0361692888280478
3041,0.97,0.8877380409528153,0.7829457364341085,0.926605504587156,0.8877380409528153,0.8664422871772988,0.8487394957983192,0.808,1.036168622496856
3042,0.97,0.8911471565370335,0.7906976744186046,0.918918918918919,0.8911471565370335,0.8660582966687618,0.85,0.8133971291866028,1.0361692888280478
3043,0.9691666666666666,0.8872711875447854,0.7829457364341085,0.9181818181818182,0.8872711875447854,0.86223044397463,0.8451882845188284,0.8067092651757188,1.0649516024904733
3044,0.965,0.8678913425835451,0.7441860465116279,0.9142857142857143,0.8678913425835451,0.8429858803986711,0.8205128205128205,0.7729468599033816,1.2088631708026012
3045,0.9675,0.8795192495602893,0.7674418604651163,0.9166666666666666,0.8795192495602894,0.8545542635658914,0.8354430379746837,0.7932692307692308,1.1225162298153244
3046,0.9683333333333334,0.8833952185525373,0.7751937984496124,0.9174311926605505,0.8833952185525373,0.8583958288884148,0.8403361344537815,0.7999999999999999,1.093733916152899
3047,0.9675,0.8761101339760711,0.7596899224806202,0.9245283018867925,0.8761101339760711,0.855025778850373,0.8340425531914893,0.7877813504823152,1.1225155634841326
3048,0.9675,0.8761101339760711,0.7596899224806202,0.9245283018867925,0.8761101339760711,0.855025778850373,0.8340425531914893,0.7877813504823152,1.1225155634841326
3049,0.9641666666666666,0.864015373591297,0.7364341085271318,0.9134615384615384,0.864015373591297,0.8391144901610017,0.815450643776824,0.7661290322580645,1.2376454844650269
3050,0.9675,0.8829283651445075,0.7751937984496124,0.9090909090909091,0.8829283651445075,0.8542256871035941,0.8368200836820083,0.7987220447284344,1.1225168961465164
3051,0.9658333333333333,0.8717673115757931,0.751937984496124,0.9150943396226415,0.8717673115757931,0.8468494953927161,0.8255319148936171,0.7797427652733119,1.1800808571401755
3052,0.9633333333333334,0.8635485201832671,0.7364341085271318,0.9047619047619048,0.8635485201832671,0.8347646733111849,0.811965811965812,0.7648953301127214,1.2664284644586443
3053,0.9666666666666667,0.8756432805680412,0.7596899224806202,0.9158878504672897,0.8756432805680412,0.8507055531406216,0.8305084745762713,0.7865168539325843,1.1512985434777498
3054,0.97,0.8911471565370335,0.7906976744186046,0.918918918918919,0.8911471565370335,0.8660582966687618,0.85,0.8133971291866028,1.0361692888280478
3055,0.9691666666666666,0.8872711875447854,0.7829457364341085,0.9181818181818182,0.8872711875447854,0.86223044397463,0.8451882845188284,0.8067092651757188,1.0649516024904735
3056,0.97,0.8877380409528153,0.7829457364341085,0.926605504587156,0.8877380409528153,0.8664422871772988,0.8487394957983192,0.808,1.036168622496856
3057,0.9683333333333334,0.8868043341367555,0.7829457364341085,0.9099099099099099,0.8868043341367555,0.8580944898386759,0.8416666666666666,0.8054226475279107,1.093734582484091
3058,0.9683333333333334,0.8868043341367555,0.7829457364341085,0.9099099099099099,0.8868043341367555,0.8580944898386759,0.8416666666666666,0.8054226475279107,1.093734582484091
3059,0.9666666666666667,0.8756432805680412,0.7596899224806202,0.9158878504672897,0.8756432805680412,0.8507055531406216,0.8305084745762713,0.7865168539325843,1.1512985434777498
3060,0.9708333333333333,0.8950231255292815,0.7984496124031008,0.9196428571428571,0.8950231255292815,0.8698795681063124,0.8547717842323651,0.8200636942675159,1.0073869751656221
3061,0.9658333333333333,0.8717673115757931,0.751937984496124,0.9150943396226415,0.8717673115757931,0.8468494953927161,0.8255319148936171,0.7797427652733119,1.1800808571401757
3062,0.9691666666666666,0.8872711875447854,0.7829457364341085,0.9181818181818182,0.8872711875447854,0.86223044397463,0.8451882845188284,0.8067092651757188,1.0649516024904733
3063,0.9666666666666667,0.8756432805680412,0.7596899224806202,0.9158878504672897,0.8756432805680412,0.8507055531406216,0.8305084745762713,0.7865168539325843,1.1512985434777498
3064,0.97,0.8945562721212517,0.7984496124031008,0.911504424778761,0.8945562721212517,0.8658103519242641,0.8512396694214877,0.8187599364069952,1.0361699551592396
3065,0.97,0.8911471565370335,0.7906976744186046,0.918918918918919,0.8911471565370335,0.8660582966687618,0.85,0.8133971291866028,1.0361692888280478
3066,0.97,0.8911471565370335,0.7906976744186046,0.918918918918919,0.8911471565370335,0.8660582966687618,0.85,0.8133971291866028,1.0361692888280478
3067,0.9675,0.8795192495602893,0.7674418604651163,0.9166666666666666,0.8795192495602894,0.8545542635658914,0.8354430379746837,0.7932692307692308,1.1225162298153244
3068,0.9683333333333334,0.8833952185525373,0.7751937984496124,0.9174311926605505,0.8833952185525373,0.8583958288884148,0.8403361344537815,0.7999999999999999,1.093733916152899
3069,0.9691666666666666,0.8872711875447854,0.7829457364341085,0.9181818181818182,0.8872711875447854,0.86223044397463,0.8451882845188284,0.8067092651757188,1.0649516024904733
3070,0.965,0.8678913425835451,0.7441860465116279,0.9142857142857143,0.8678913425835451,0.8429858803986711,0.8205128205128205,0.7729468599033816,1.2088631708026012
3071,0.97,0.8911471565370335,0.7906976744186046,0.918918918918919,0.8911471565370335,0.8660582966687618,0.85,0.8133971291866028,1.0361692888280478
3072,0.9675,0.8795192495602893,0.7674418604651163,0.9166666666666666,0.8795192495602894,0.8545542635658914,0.8354430379746837,0.7932692307692308,1.1225162298153244
3073,0.9691666666666666,0.8872711875447854,0.7829457364341085,0.9181818181818182,0.8872711875447854,0.86223044397463,0.8451882845188284,0.8067092651757188,1.0649516024904733
3074,0.97,0.8945562721212517,0.7984496124031008,0.911504424778761,0.8945562721212517,0.8658103519242641,0.8512396694214877,0.8187599364069952,1.0361699551592396
3075,0.97,0.8911471565370335,0.7906976744186046,0.918918918918919,0.8911471565370335,0.8660582966687618,0.85,0.8133971291866028,1.0361692888280478
3076,0.9658333333333333,0.8717673115757931,0.751937984496124,0.9150943396226415,0.8717673115757931,0.8468494953927161,0.8255319148936171,0.7797427652733119,1.1800808571401757
3077,0.97,0.8877380409528153,0.7829457364341085,0.926605504587156,0.8877380409528153,0.8664422871772988,0.8487394957983192,0.808,1.036168622496856
3078,0.9675,0.8761101339760711,0.7596899224806202,0.9245283018867925,0.8761101339760711,0.855025778850373,0.8340425531914893,0.7877813504823152,1.1225155634841326
3079,0.9675,0.8795192495602893,0.7674418604651163,0.9166666666666666,0.8795192495602894,0.8545542635658914,0.8354430379746837,0.7932692307692308,1.1225162298153244
3080,0.9691666666666666,0.8872711875447854,0.7829457364341085,0.9181818181818182,0.8872711875447854,0.86223044397463,0.8451882845188284,0.8067092651757188,1.0649516024904733
3081,0.9691666666666666,0.8872711875447854,0.7829457364341085,0.9181818181818182,0.8872711875447854,0.86223044397463,0.8451882845188284,0.8067092651757188,1.0649516024904733
3082,0.9691666666666666,0.8872711875447854,0.7829457364341085,0.9181818181818182,0.8872711875447854,0.86223044397463,0.8451882845188284,0.8067092651757188,1.0649516024904733
3083,0.97,0.8911471565370335,0.7906976744186046,0.918918918918919,0.8911471565370335,0.8660582966687618,0.85,0.8133971291866028,1.0361692888280478
3084,0.9683333333333334,0.8833952185525373,0.7751937984496124,0.9174311926605505,0.8833952185525373,0.8583958288884148,0.8403361344537815,0.7999999999999999,1.093733916152899
3085,0.9683333333333334,0.8833952185525373,0.7751937984496124,0.9174311926605505,0.8833952185525373,0.8583958288884148,0.8403361344537815,0.7999999999999999,1.093733916152899
3086,0.9666666666666667,0.8756432805680412,0.7596899224806202,0.9158878504672897,0.8756432805680412,0.8507055531406216,0.8305084745762713,0.7865168539325843,1.1512985434777498
3087,0.9683333333333334,0.8799861029683191,0.7674418604651163,0.9252336448598131,0.8799861029683191,0.8588377526624646,0.8389830508474577,0.7945425361155699,1.093733249821707
3088,0.9733333333333334,0.9066510325060257,0.8217054263565892,0.9217391304347826,0.9066510325060257,0.8813056117290192,0.8688524590163934,0.8399366085578447,0.9210400341783453
3089,0.9683333333333334,0.8799861029683191,0.7674418604651163,0.9252336448598131,0.8799861029683191,0.8588377526624646,0.8389830508474577,0.7945425361155699,1.093733249821707
3090,0.97,0.8911471565370335,0.7906976744186046,0.918918918918919,0.8911471565370335,0.8660582966687618,0.85,0.8133971291866028,1.0361692888280478
3091,0.9683333333333334,0.8833952185525373,0.7751937984496124,0.9174311926605505,0.8833952185525373,0.8583958288884148,0.8403361344537815,0.7999999999999999,1.093733916152899
3092,0.9691666666666666,0.8872711875447854,0.7829457364341085,0.9181818181818182,0.8872711875447854,0.86223044397463,0.8451882845188284,0.8067092651757188,1.0649516024904733
3093,0.9683333333333334,0.8833952185525373,0.7751937984496124,0.9174311926605505,0.8833952185525373,0.8583958288884148,0.8403361344537815,0.7999999999999999,1.093733916152899
3094,0.9666666666666667,0.8756432805680412,0.7596899224806202,0.9158878504672897,0.8756432805680412,0.8507055531406216,0.8305084745762713,0.7865168539325843,1.1512985434777498
3095,0.9658333333333333,0.8717673115757931,0.751937984496124,0.9150943396226415,0.8717673115757931,0.8468494953927161,0.8255319148936171,0.7797427652733119,1.1800808571401757
3096,0.9666666666666667,0.8756432805680412,0.7596899224806202,0.9158878504672897,0.8756432805680412,0.8507055531406216,0.8305084745762713,0.7865168539325843,1.15129854347775
3097,0.9683333333333334,0.8833952185525373,0.7751937984496124,0.9174311926605505,0.8833952185525373,0.8583958288884148,0.8403361344537815,0.7999999999999999,1.093733916152899
3098,0.9691666666666666,0.8872711875447854,0.7829457364341085,0.9181818181818182,0.8872711875447854,0.86223044397463,0.8451882845188284,0.8067092651757188,1.0649516024904733
3099,0.9666666666666667,0.8790523961522594,0.7674418604651163,0.908256880733945,0.8790523961522594,0.8503493705995308,0.8319327731092436,0.7919999999999999,1.1512992098089418
3100,0.9666666666666667,0.8756432805680412,0.7596899224806202,0.9158878504672897,0.8756432805680412,0.8507055531406216,0.8305084745762713,0.7865168539325843,1.15129854347775
3101,0.9708333333333333,0.8950231255292815,0.7984496124031008,0.9196428571428571,0.8950231255292815,0.8698795681063124,0.8547717842323651,0.8200636942675159,1.0073869751656221
3102,0.97,0.8877380409528153,0.7829457364341085,0.926605504587156,0.8877380409528153,0.8664422871772988,0.8487394957983192,0.808,1.036168622496856
3103,0.97,0.8911471565370335,0.7906976744186046,0.918918918918919,0.8911471565370335,0.8660582966687618,0.85,0.8133971291866028,1.0361692888280478
3104,0.9666666666666667,0.872234164983823,0.751937984496124,0.9238095238095239,0.872234164983823,0.8512070874861573,0.8290598290598291,0.7809983896940418,1.151297877146558
3105,0.9675,0.8795192495602893,0.7674418604651163,0.9166666666666666,0.8795192495602894,0.8545542635658914,0.8354430379746837,0.7932692307692308,1.1225162298153244
3106,0.9666666666666667,0.8756432805680412,0.7596899224806202,0.9158878504672897,0.8756432805680412,0.8507055531406216,0.8305084745762713,0.7865168539325843,1.1512985434777498
3107,0.9683333333333334,0.8833952185525373,0.7751937984496124,0.9174311926605505,0.8833952185525373,0.8583958288884148,0.8403361344537815,0.7999999999999999,1.093733916152899
3108,0.97,0.8911471565370335,0.7906976744186046,0.918918918918919,0.8911471565370335,0.8660582966687618,0.85,0.8133971291866028,1.0361692888280478
3109,0.9666666666666667,0.8756432805680412,0.7596899224806202,0.9158878504672897,0.8756432805680412,0.8507055531406216,0.8305084745762713,0.7865168539325843,1.15129854347775
3110,0.9716666666666667,0.8988990945215296,0.8062015503875969,0.9203539823008849,0.8988990945215296,0.8736944330109077,0.859504132231405,0.8267090620031796,0.9786046615031967
3111,0.97,0.8911471565370335,0.7906976744186046,0.918918918918919,0.8911471565370335,0.8660582966687618,0.85,0.8133971291866028,1.0361692888280478
3112,0.9683333333333334,0.8833952185525373,0.7751937984496124,0.9174311926605505,0.8833952185525373,0.8583958288884148,0.8403361344537815,0.7999999999999999,1.093733916152899
3113,0.9658333333333333,0.8717673115757931,0.751937984496124,0.9150943396226415,0.8717673115757931,0.8468494953927161,0.8255319148936171,0.7797427652733119,1.1800808571401755
3114,0.9683333333333334,0.8868043341367555,0.7829457364341085,0.9099099099099099,0.8868043341367555,0.8580944898386759,0.8416666666666666,0.8054226475279107,1.093734582484091
3115,0.97,0.8911471565370335,0.7906976744186046,0.918918918918919,0.8911471565370335,0.8660582966687618,0.85,0.8133971291866028,1.0361692888280478
3116,0.9641666666666666,0.864015373591297,0.7364341085271318,0.9134615384615384,0.864015373591297,0.8391144901610017,0.815450643776824,0.7661290322580645,1.2376454844650269
3117,0.9683333333333334,0.8833952185525373,0.7751937984496124,0.9174311926605505,0.8833952185525373,0.8583958288884148,0.8403361344537815,0.7999999999999999,1.093733916152899
3118,0.9675,0.8795192495602893,0.7674418604651163,0.9166666666666666,0.8795192495602894,0.8545542635658914,0.8354430379746837,0.7932692307692308,1.1225162298153244
3119,0.9691666666666666,0.8872711875447854,0.7829457364341085,0.9181818181818182,0.8872711875447854,0.86223044397463,0.8451882845188284,0.8067092651757188,1.0649516024904733
3120,0.9691666666666666,0.8872711875447854,0.7829457364341085,0.9181818181818182,0.8872711875447854,0.86223044397463,0.8451882845188284,0.8067092651757188,1.0649516024904733
3121,0.9683333333333334,0.8833952185525373,0.7751937984496124,0.9174311926605505,0.8833952185525373,0.8583958288884148,0.8403361344537815,0.7999999999999999,1.093733916152899
3122,0.97,0.8911471565370335,0.7906976744186046,0.918918918918919,0.8911471565370335,0.8660582966687618,0.85,0.8133971291866028,1.0361692888280478
3123,0.9708333333333333,0.8950231255292815,0.7984496124031008,0.9196428571428571,0.8950231255292815,0.8698795681063124,0.8547717842323651,0.8200636942675159,1.0073869751656221
3124,0.9708333333333333,0.8916140099450633,0.7906976744186046,0.9272727272727272,0.8916140099450633,0.870235200845666,0.8535564853556484,0.8146964856230033,1.0073863088344304
3125,0.97,0.8911471565370335,0.7906976744186046,0.918918918918919,0.8911471565370335,0.8660582966687618,0.85,0.8133971291866028,1.0361692888280478
3126,0.9683333333333334,0.8833952185525373,0.7751937984496124,0.9174311926605505,0.8833952185525373,0.8583958288884148,0.8403361344537815,0.7999999999999999,1.093733916152899
3127,0.9666666666666667,0.8756432805680412,0.7596899224806202,0.9158878504672897,0.8756432805680412,0.8507055531406216,0.8305084745762713,0.7865168539325843,1.1512985434777498
3128,0.9675,0.8795192495602893,0.7674418604651163,0.9166666666666666,0.8795192495602894,0.8545542635658914,0.8354430379746837,0.7932692307692308,1.1225162298153244
3129,0.9666666666666667,0.8756432805680412,0.7596899224806202,0.9158878504672897,0.8756432805680412,0.8507055531406216,0.8305084745762713,0.7865168539325843,1.1512985434777498
3130,0.9708333333333333,0.8950231255292815,0.7984496124031008,0.9196428571428571,0.8950231255292815,0.8698795681063124,0.8547717842323651,0.8200636942675159,1.0073869751656221
3131,0.9666666666666667,0.8756432805680412,0.7596899224806202,0.9158878504672897,0.8756432805680412,0.8507055531406216,0.8305084745762713,0.7865168539325843,1.1512985434777498
3132,0.9675,0.8795192495602893,0.7674418604651163,0.9166666666666666,0.8795192495602894,0.8545542635658914,0.8354430379746837,0.7932692307692308,1.1225162298153244
3133,0.9675,0.8795192495602893,0.7674418604651163,0.9166666666666666,0.8795192495602894,0.8545542635658914,0.8354430379746837,0.7932692307692308,1.1225162298153244
3134,0.9683333333333334,0.8833952185525373,0.7751937984496124,0.9174311926605505,0.8833952185525373,0.8583958288884148,0.8403361344537815,0.7999999999999999,1.093733916152899
3135,0.9683333333333334,0.8833952185525373,0.7751937984496124,0.9174311926605505,0.8833952185525373,0.8583958288884148,0.8403361344537815,0.7999999999999999,1.093733916152899
3136,0.9666666666666667,0.8756432805680412,0.7596899224806202,0.9158878504672897,0.8756432805680412,0.8507055531406216,0.8305084745762713,0.7865168539325843,1.15129854347775
3137,0.9675,0.8795192495602893,0.7674418604651163,0.9166666666666666,0.8795192495602894,0.8545542635658914,0.8354430379746837,0.7932692307692308,1.1225162298153246
3138,0.9691666666666666,0.8872711875447854,0.7829457364341085,0.9181818181818182,0.8872711875447854,0.86223044397463,0.8451882845188284,0.8067092651757188,1.0649516024904733
3139,0.97,0.8877380409528153,0.7829457364341085,0.926605504587156,0.8877380409528153,0.8664422871772988,0.8487394957983192,0.808,1.036168622496856
3140,0.9683333333333334,0.8833952185525373,0.7751937984496124,0.9174311926605505,0.8833952185525373,0.8583958288884148,0.8403361344537815,0.7999999999999999,1.093733916152899
3141,0.9675,0.8761101339760711,0.7596899224806202,0.9245283018867925,0.8761101339760711,0.855025778850373,0.8340425531914893,0.7877813504823152,1.1225155634841326
3142,0.9675,0.8795192495602893,0.7674418604651163,0.9166666666666666,0.8795192495602894,0.8545542635658914,0.8354430379746837,0.7932692307692308,1.1225162298153244
3143,0.9683333333333334,0.8833952185525373,0.7751937984496124,0.9174311926605505,0.8833952185525373,0.8583958288884148,0.8403361344537815,0.7999999999999999,1.093733916152899
3144,0.9675,0.8795192495602893,0.7674418604651163,0.9166666666666666,0.8795192495602894,0.8545542635658914,0.8354430379746837,0.7932692307692308,1.1225162298153244
3145,0.97,0.8877380409528153,0.7829457364341085,0.926605504587156,0.8877380409528153,0.8664422871772988,0.8487394957983192,0.808,1.036168622496856
3146,0.9675,0.8795192495602893,0.7674418604651163,0.9166666666666666,0.8795192495602894,0.8545542635658914,0.8354430379746837,0.7932692307692308,1.1225162298153244
3147,0.9691666666666666,0.8872711875447854,0.7829457364341085,0.9181818181818182,0.8872711875447854,0.86223044397463,0.8451882845188284,0.8067092651757188,1.0649516024904733
3148,0.9658333333333333,0.8683581959915749,0.7441860465116279,0.9230769230769231,0.8683581959915749,0.8473814847942756,0.8240343347639485,0.7741935483870968,1.1800801908089837
3149,0.9658333333333333,0.8717673115757931,0.751937984496124,0.9150943396226415,0.8717673115757931,0.8468494953927161,0.8255319148936171,0.7797427652733119,1.1800808571401757
3150,0.97,0.8911471565370335,0.7906976744186046,0.918918918918919,0.8911471565370335,0.8660582966687618,0.85,0.8133971291866028,1.0361692888280478
3151,0.9633333333333334,0.8601394045990489,0.7286821705426356,0.912621359223301,0.8601394045990489,0.8352350982163016,0.8103448275862069,0.7592891760904686,1.2664277981274525
3152,0.9641666666666666,0.8674244891755152,0.7441860465116279,0.9056603773584906,0.8674244891755152,0.8386732119350592,0.8170212765957447,0.7717041800643085,1.2376461507962186
3153,0.9675,0.8829283651445075,0.7751937984496124,0.9090909090909091,0.8829283651445075,0.8542256871035941,0.8368200836820083,0.7987220447284344,1.1225168961465164
3154,0.9658333333333333,0.8751764271600113,0.7596899224806202,0.9074074074074074,0.8751764271600113,0.8464653316106805,0.8270042194092827,0.7852564102564104,1.1800815234713677
3155,0.9658333333333333,0.8717673115757931,0.751937984496124,0.9150943396226415,0.8717673115757931,0.8468494953927161,0.8255319148936171,0.7797427652733119,1.1800808571401757
3156,0.9658333333333333,0.8717673115757931,0.751937984496124,0.9150943396226415,0.8717673115757931,0.8468494953927161,0.8255319148936171,0.7797427652733119,1.1800808571401757
3157,0.9658333333333333,0.8717673115757931,0.751937984496124,0.9150943396226415,0.8717673115757931,0.8468494953927161,0.8255319148936171,0.7797427652733119,1.1800808571401757
3158,0.9708333333333333,0.8950231255292815,0.7984496124031008,0.9196428571428571,0.8950231255292815,0.8698795681063124,0.8547717842323651,0.8200636942675159,1.0073869751656221
3159,0.9666666666666667,0.8756432805680412,0.7596899224806202,0.9158878504672897,0.8756432805680412,0.8507055531406216,0.8305084745762713,0.7865168539325843,1.1512985434777498
3160,0.9683333333333334,0.8833952185525373,0.7751937984496124,0.9174311926605505,0.8833952185525373,0.8583958288884148,0.8403361344537815,0.7999999999999999,1.093733916152899
3161,0.9708333333333333,0.8916140099450633,0.7906976744186046,0.9272727272727272,0.8916140099450633,0.870235200845666,0.8535564853556484,0.8146964856230033,1.0073863088344304
3162,0.9675,0.8829283651445075,0.7751937984496124,0.9090909090909091,0.8829283651445075,0.8542256871035941,0.8368200836820083,0.7987220447284344,1.1225168961465164
3163,0.9675,0.8795192495602893,0.7674418604651163,0.9166666666666666,0.8795192495602894,0.8545542635658914,0.8354430379746837,0.7932692307692308,1.1225162298153244
3164,0.9683333333333334,0.8833952185525373,0.7751937984496124,0.9174311926605505,0.8833952185525373,0.8583958288884148,0.8403361344537815,0.7999999999999999,1.093733916152899
3165,0.9691666666666666,0.8872711875447854,0.7829457364341085,0.9181818181818182,0.8872711875447854,0.86223044397463,0.8451882845188284,0.8067092651757188,1.0649516024904733
3166,0.9658333333333333,0.8751764271600113,0.7596899224806202,0.9074074074074074,0.8751764271600113,0.8464653316106805,0.8270042194092827,0.7852564102564104,1.1800815234713675
3167,0.9683333333333334,0.8833952185525373,0.7751937984496124,0.9174311926605505,0.8833952185525373,0.8583958288884148,0.8403361344537815,0.7999999999999999,1.093733916152899
3168,0.9691666666666666,0.8872711875447854,0.7829457364341085,0.9181818181818182,0.8872711875447854,0.86223044397463,0.8451882845188284,0.8067092651757188,1.0649516024904733
3169,0.9691666666666666,0.8872711875447854,0.7829457364341085,0.9181818181818182,0.8872711875447854,0.86223044397463,0.8451882845188284,0.8067092651757188,1.0649516024904733
3170,0.965,0.8678913425835451,0.7441860465116279,0.9142857142857143,0.8678913425835451,0.8429858803986711,0.8205128205128205,0.7729468599033816,1.2088631708026012
3171,0.9716666666666667,0.8988990945215296,0.8062015503875969,0.9203539823008849,0.8988990945215296,0.8736944330109077,0.859504132231405,0.8267090620031796,0.9786046615031967
3172,0.9675,0.8829283651445075,0.7751937984496124,0.9090909090909091,0.8829283651445075,0.8542256871035941,0.8368200836820083,0.7987220447284344,1.1225168961465164
3173,0.97,0.8911471565370335,0.7906976744186046,0.918918918918919,0.8911471565370335,0.8660582966687618,0.85,0.8133971291866028,1.0361692888280478
3174,0.9691666666666666,0.8872711875447854,0.7829457364341085,0.9181818181818182,0.8872711875447854,0.86223044397463,0.8451882845188284,0.8067092651757188,1.0649516024904733
3175,0.9691666666666666,0.8872711875447854,0.7829457364341085,0.9181818181818182,0.8872711875447854,0.86223044397463,0.8451882845188284,0.8067092651757188,1.0649516024904733
3176,0.9675,0.8795192495602893,0.7674418604651163,0.9166666666666666,0.8795192495602894,0.8545542635658914,0.8354430379746837,0.7932692307692308,1.1225162298153244
3177,0.9683333333333334,0.8868043341367555,0.7829457364341085,0.9099099099099099,0.8868043341367555,0.8580944898386759,0.8416666666666666,0.8054226475279107,1.093734582484091
3178,0.9683333333333334,0.8833952185525373,0.7751937984496124,0.9174311926605505,0.8833952185525373,0.8583958288884148,0.8403361344537815,0.7999999999999999,1.093733916152899
3179,0.9675,0.8829283651445075,0.7751937984496124,0.9090909090909091,0.8829283651445075,0.8542256871035941,0.8368200836820083,0.7987220447284344,1.1225168961465164
3180,0.9683333333333334,0.8833952185525373,0.7751937984496124,0.9174311926605505,0.8833952185525373,0.8583958288884148,0.8403361344537815,0.7999999999999999,1.093733916152899
3181,0.9716666666666667,0.8988990945215296,0.8062015503875969,0.9203539823008849,0.8988990945215296,0.8736944330109077,0.859504132231405,0.8267090620031796,0.9786046615031967
3182,0.9641666666666666,0.864015373591297,0.7364341085271318,0.9134615384615384,0.864015373591297,0.8391144901610017,0.815450643776824,0.7661290322580645,1.2376454844650269
3183,0.9683333333333334,0.8833952185525373,0.7751937984496124,0.9174311926605505,0.8833952185525373,0.8583958288884148,0.8403361344537815,0.7999999999999999,1.093733916152899
3184,0.9708333333333333,0.8950231255292815,0.7984496124031008,0.9196428571428571,0.8950231255292815,0.8698795681063124,0.8547717842323651,0.8200636942675159,1.0073869751656221
3185,0.9658333333333333,0.8683581959915749,0.7441860465116279,0.9230769230769231,0.8683581959915749,0.8473814847942756,0.8240343347639485,0.7741935483870968,1.180080190808984
3186,0.9691666666666666,0.8838620719605672,0.7751937984496124,0.9259259259259259,0.8838620719605672,0.8626431955211026,0.8438818565400844,0.8012820512820513,1.0649509361592815
3187,0.9658333333333333,0.8717673115757931,0.751937984496124,0.9150943396226415,0.8717673115757931,0.8468494953927161,0.8255319148936171,0.7797427652733119,1.1800808571401755
3188,0.9691666666666666,0.8872711875447854,0.7829457364341085,0.9181818181818182,0.8872711875447854,0.86223044397463,0.8451882845188284,0.8067092651757188,1.0649516024904733
3189,0.9691666666666666,0.8872711875447854,0.7829457364341085,0.9181818181818182,0.8872711875447854,0.86223044397463,0.8451882845188284,0.8067092651757188,1.0649516024904733
3190,0.9716666666666667,0.8988990945215296,0.8062015503875969,0.9203539823008849,0.8988990945215296,0.8736944330109077,0.859504132231405,0.8267090620031796,0.9786046615031967
3191,0.97,0.8877380409528153,0.7829457364341085,0.926605504587156,0.8877380409528153,0.8664422871772988,0.8487394957983192,0.808,1.036168622496856
3192,0.9725,0.9027750635137777,0.813953488372093,0.9210526315789473,0.9027750635137777,0.8775030599755202,0.8641975308641974,0.8333333333333334,0.9498223478407709
3193,0.97,0.8911471565370335,0.7906976744186046,0.918918918918919,0.8911471565370335,0.8660582966687618,0.85,0.8133971291866028,1.0361692888280478
3194,0.97,0.8911471565370335,0.7906976744186046,0.918918918918919,0.8911471565370335,0.8660582966687618,0.85,0.8133971291866028,1.0361692888280478
3195,0.9675,0.8761101339760711,0.7596899224806202,0.9245283018867925,0.8761101339760711,0.855025778850373,0.8340425531914893,0.7877813504823152,1.1225155634841326
3196,0.9675,0.8795192495602893,0.7674418604651163,0.9166666666666666,0.8795192495602894,0.8545542635658914,0.8354430379746837,0.7932692307692308,1.1225162298153244
3197,0.9666666666666667,0.8756432805680412,0.7596899224806202,0.9158878504672897,0.8756432805680412,0.8507055531406216,0.8305084745762713,0.7865168539325843,1.1512985434777498
3198,0.9666666666666667,0.8756432805680412,0.7596899224806202,0.9158878504672897,0.8756432805680412,0.8507055531406216,0.8305084745762713,0.7865168539325843,1.1512985434777498
3199,0.9675,0.8795192495602893,0.7674418604651163,0.9166666666666666,0.8795192495602894,0.8545542635658914,0.8354430379746837,0.7932692307692308,1.1225162298153244
3200,0.9666666666666667,0.8756432805680412,0.7596899224806202,0.9158878504672897,0.8756432805680412,0.8507055531406216,0.8305084745762713,0.7865168539325843,1.1512985434777498
3201,0.9708333333333333,0.8950231255292815,0.7984496124031008,0.9196428571428571,0.8950231255292815,0.8698795681063124,0.8547717842323651,0.8200636942675159,1.0073869751656221
3202,0.9683333333333334,0.8868043341367555,0.7829457364341085,0.9099099099099099,0.8868043341367555,0.8580944898386759,0.8416666666666666,0.8054226475279107,1.093734582484091
3203,0.9675,0.8795192495602893,0.7674418604651163,0.9166666666666666,0.8795192495602894,0.8545542635658914,0.8354430379746837,0.7932692307692308,1.1225162298153244
3204,0.9716666666666667,0.8954899789373114,0.7984496124031008,0.9279279279279279,0.8954899789373114,0.8740221034988476,0.8583333333333333,0.8213716108452951,0.9786039951720049
3205,0.9675,0.8795192495602893,0.7674418604651163,0.9166666666666666,0.8795192495602894,0.8545542635658914,0.8354430379746837,0.7932692307692308,1.1225162298153244
3206,0.9691666666666666,0.8872711875447854,0.7829457364341085,0.9181818181818182,0.8872711875447854,0.86223044397463,0.8451882845188284,0.8067092651757188,1.0649516024904733
3207,0.9691666666666666,0.8872711875447854,0.7829457364341085,0.9181818181818182,0.8872711875447854,0.86223044397463,0.8451882845188284,0.8067092651757188,1.0649516024904733
3208,0.9683333333333334,0.8799861029683191,0.7674418604651163,0.9252336448598131,0.8799861029683191,0.8588377526624646,0.8389830508474577,0.7945425361155699,1.093733249821707
3209,0.9658333333333333,0.8717673115757931,0.751937984496124,0.9150943396226415,0.8717673115757931,0.8468494953927161,0.8255319148936171,0.7797427652733119,1.1800808571401757
3210,0.9691666666666666,0.8872711875447854,0.7829457364341085,0.9181818181818182,0.8872711875447854,0.86223044397463,0.8451882845188284,0.8067092651757188,1.0649516024904733
3211,0.965,0.8713004581677632,0.751937984496124,0.9065420560747663,0.8713004581677634,0.8425733536187785,0.8220338983050847,0.7784911717495986,1.208863837133793
3212,0.965,0.8678913425835451,0.7441860465116279,0.9142857142857143,0.8678913425835451,0.8429858803986711,0.8205128205128205,0.7729468599033816,1.208863170802601
3213,0.9675,0.8795192495602893,0.7674418604651163,0.9166666666666666,0.8795192495602894,0.8545542635658914,0.8354430379746837,0.7932692307692308,1.1225162298153244
3214,0.9725,0.9027750635137777,0.813953488372093,0.9210526315789473,0.9027750635137777,0.8775030599755202,0.8641975308641974,0.8333333333333334,0.9498223478407711
3215,0.9666666666666667,0.8756432805680412,0.7596899224806202,0.9158878504672897,0.8756432805680412,0.8507055531406216,0.8305084745762713,0.7865168539325843,1.15129854347775
3216,0.9641666666666666,0.864015373591297,0.7364341085271318,0.9134615384615384,0.864015373591297,0.8391144901610017,0.815450643776824,0.7661290322580645,1.2376454844650269
3217,0.9691666666666666,0.8872711875447854,0.7829457364341085,0.9181818181818182,0.8872711875447854,0.86223044397463,0.8451882845188284,0.8067092651757188,1.0649516024904733
3218,0.9666666666666667,0.8790523961522594,0.7674418604651163,0.908256880733945,0.8790523961522594,0.8503493705995308,0.8319327731092436,0.7919999999999999,1.1512992098089418
3219,0.9675,0.8795192495602893,0.7674418604651163,0.9166666666666666,0.8795192495602894,0.8545542635658914,0.8354430379746837,0.7932692307692308,1.1225162298153246
3220,0.9675,0.8761101339760711,0.7596899224806202,0.9245283018867925,0.8761101339760711,0.855025778850373,0.8340425531914893,0.7877813504823152,1.1225155634841326
3221,0.9708333333333333,0.8950231255292815,0.7984496124031008,0.9196428571428571,0.8950231255292815,0.8698795681063124,0.8547717842323651,0.8200636942675159,1.0073869751656221
3222,0.97,0.8911471565370335,0.7906976744186046,0.918918918918919,0.8911471565370335,0.8660582966687618,0.85,0.8133971291866028,1.0361692888280478
3223,0.9675,0.8795192495602893,0.7674418604651163,0.9166666666666666,0.8795192495602894,0.8545542635658914,0.8354430379746837,0.7932692307692308,1.1225162298153244
3224,0.9675,0.8795192495602893,0.7674418604651163,0.9166666666666666,0.8795192495602894,0.8545542635658914,0.8354430379746837,0.7932692307692308,1.1225162298153244
3225,0.9666666666666667,0.8756432805680412,0.7596899224806202,0.9158878504672897,0.8756432805680412,0.8507055531406216,0.8305084745762713,0.7865168539325843,1.1512985434777498
3226,0.9683333333333334,0.8868043341367555,0.7829457364341085,0.9099099099099099,0.8868043341367555,0.8580944898386759,0.8416666666666666,0.8054226475279107,1.093734582484091
3227,0.9691666666666666,0.8872711875447854,0.7829457364341085,0.9181818181818182,0.8872711875447854,0.86223044397463,0.8451882845188284,0.8067092651757188,1.0649516024904733
3228,0.9683333333333334,0.8833952185525373,0.7751937984496124,0.9174311926605505,0.8833952185525373,0.8583958288884148,0.8403361344537815,0.7999999999999999,1.093733916152899
3229,0.9675,0.8795192495602893,0.7674418604651163,0.9166666666666666,0.8795192495602894,0.8545542635658914,0.8354430379746837,0.7932692307692308,1.1225162298153246
3230,0.9683333333333334,0.8833952185525373,0.7751937984496124,0.9174311926605505,0.8833952185525373,0.8583958288884148,0.8403361344537815,0.7999999999999999,1.093733916152899
3231,0.9675,0.8795192495602893,0.7674418604651163,0.9166666666666666,0.8795192495602894,0.8545542635658914,0.8354430379746837,0.7932692307692308,1.1225162298153244
3232,0.9666666666666667,0.8756432805680412,0.7596899224806202,0.9158878504672897,0.8756432805680412,0.8507055531406216,0.8305084745762713,0.7865168539325843,1.1512985434777498
3233,0.97,0.8911471565370335,0.7906976744186046,0.918918918918919,0.8911471565370335,0.8660582966687618,0.85,0.8133971291866028,1.0361692888280478
3234,0.9658333333333333,0.8717673115757931,0.751937984496124,0.9150943396226415,0.8717673115757931,0.8468494953927161,0.8255319148936171,0.7797427652733119,1.1800808571401755
3235,0.9691666666666666,0.8872711875447854,0.7829457364341085,0.9181818181818182,0.8872711875447854,0.86223044397463,0.8451882845188284,0.8067092651757188,1.0649516024904733
3236,0.9708333333333333,0.8950231255292815,0.7984496124031008,0.9196428571428571,0.8950231255292815,0.8698795681063124,0.8547717842323651,0.8200636942675159,1.0073869751656221
3237,0.9675,0.8795192495602893,0.7674418604651163,0.9166666666666666,0.8795192495602894,0.8545542635658914,0.8354430379746837,0.7932692307692308,1.1225162298153244
3238,0.9691666666666666,0.8906803031290036,0.7906976744186046,0.9107142857142857,0.8906803031290037,0.8619559800664451,0.846473029045643,0.8121019108280255,1.0649522688216653
3239,0.97,0.8877380409528153,0.7829457364341085,0.926605504587156,0.8877380409528153,0.8664422871772988,0.8487394957983192,0.808,1.036168622496856
3240,0.9733333333333334,0.9032419169218076,0.813953488372093,0.9292035398230089,0.9032419169218076,0.881578514097551,0.8677685950413223,0.8346581875993642,0.9210393678471538
3241,0.9691666666666666,0.8872711875447854,0.7829457364341085,0.9181818181818182,0.8872711875447854,0.86223044397463,0.8451882845188284,0.8067092651757188,1.0649516024904733
3242,0.9708333333333333,0.8916140099450633,0.7906976744186046,0.9272727272727272,0.8916140099450633,0.870235200845666,0.8535564853556484,0.8146964856230033,1.0073863088344304
3243,0.9658333333333333,0.8717673115757931,0.751937984496124,0.9150943396226415,0.8717673115757931,0.8468494953927161,0.8255319148936171,0.7797427652733119,1.1800808571401757
3244,0.97,0.8911471565370335,0.7906976744186046,0.918918918918919,0.8911471565370335,0.8660582966687618,0.85,0.8133971291866028,1.0361692888280478
3245,0.9666666666666667,0.8756432805680412,0.7596899224806202,0.9158878504672897,0.8756432805680412,0.8507055531406216,0.8305084745762713,0.7865168539325843,1.15129854347775
3246,0.9691666666666666,0.8872711875447854,0.7829457364341085,0.9181818181818182,0.8872711875447854,0.86223044397463,0.8451882845188284,0.8067092651757188,1.0649516024904733
3247,0.965,0.8678913425835451,0.7441860465116279,0.9142857142857143,0.8678913425835451,0.8429858803986711,0.8205128205128205,0.7729468599033816,1.2088631708026012
3248,0.9675,0.8795192495602893,0.7674418604651163,0.9166666666666666,0.8795192495602894,0.8545542635658914,0.8354430379746837,0.7932692307692308,1.1225162298153244
3249,0.9675,0.8795192495602893,0.7674418604651163,0.9166666666666666,0.8795192495602894,0.8545542635658914,0.8354430379746837,0.7932692307692308,1.1225162298153246
3250,0.97,0.8877380409528153,0.7829457364341085,0.926605504587156,0.8877380409528153,0.8664422871772988,0.8487394957983192,0.808,1.036168622496856
3251,0.9675,0.8795192495602893,0.7674418604651163,0.9166666666666666,0.8795192495602894,0.8545542635658914,0.8354430379746837,0.7932692307692308,1.1225162298153246
3252,0.97,0.8877380409528153,0.7829457364341085,0.926605504587156,0.8877380409528153,0.8664422871772988,0.8487394957983192,0.808,1.036168622496856
3253,0.9675,0.8795192495602893,0.7674418604651163,0.9166666666666666,0.8795192495602894,0.8545542635658914,0.8354430379746837,0.7932692307692308,1.1225162298153244
3254,0.9675,0.8761101339760711,0.7596899224806202,0.9245283018867925,0.8761101339760711,0.855025778850373,0.8340425531914893,0.7877813504823152,1.1225155634841326
3255,0.9675,0.8795192495602893,0.7674418604651163,0.9166666666666666,0.8795192495602894,0.8545542635658914,0.8354430379746837,0.7932692307692308,1.1225162298153246
3256,0.9683333333333334,0.8833952185525373,0.7751937984496124,0.9174311926605505,0.8833952185525373,0.8583958288884148,0.8403361344537815,0.7999999999999999,1.093733916152899
3257,0.9683333333333334,0.8833952185525373,0.7751937984496124,0.9174311926605505,0.8833952185525373,0.8583958288884148,0.8403361344537815,0.7999999999999999,1.093733916152899
3258,0.9666666666666667,0.8756432805680412,0.7596899224806202,0.9158878504672897,0.8756432805680412,0.8507055531406216,0.8305084745762713,0.7865168539325843,1.15129854347775
3259,0.9658333333333333,0.8717673115757931,0.751937984496124,0.9150943396226415,0.8717673115757931,0.8468494953927161,0.8255319148936171,0.7797427652733119,1.1800808571401755
3260,0.9683333333333334,0.8799861029683191,0.7674418604651163,0.9252336448598131,0.8799861029683191,0.8588377526624646,0.8389830508474577,0.7945425361155699,1.093733249821707
3261,0.9658333333333333,0.8717673115757931,0.751937984496124,0.9150943396226415,0.8717673115757931,0.8468494953927161,0.8255319148936171,0.7797427652733119,1.180080857140176
3262,0.9683333333333334,0.8833952185525373,0.7751937984496124,0.9174311926605505,0.8833952185525373,0.8583958288884148,0.8403361344537815,0.7999999999999999,1.093733916152899
3263,0.9675,0.8829283651445075,0.7751937984496124,0.9090909090909091,0.8829283651445075,0.8542256871035941,0.8368200836820083,0.7987220447284344,1.1225168961465164
3264,0.9708333333333333,0.8950231255292815,0.7984496124031008,0.9196428571428571,0.8950231255292815,0.8698795681063124,0.8547717842323651,0.8200636942675159,1.0073869751656221
3265,0.9683333333333334,0.8833952185525373,0.7751937984496124,0.9174311926605505,0.8833952185525373,0.8583958288884148,0.8403361344537815,0.7999999999999999,1.093733916152899
3266,0.97,0.8911471565370335,0.7906976744186046,0.918918918918919,0.8911471565370335,0.8660582966687618,0.85,0.8133971291866028,1.0361692888280478
3267,0.97,0.8877380409528153,0.7829457364341085,0.926605504587156,0.8877380409528153,0.8664422871772988,0.8487394957983192,0.808,1.036168622496856
3268,0.9666666666666667,0.8756432805680412,0.7596899224806202,0.9158878504672897,0.8756432805680412,0.8507055531406216,0.8305084745762713,0.7865168539325843,1.1512985434777498
3269,0.9666666666666667,0.8756432805680412,0.7596899224806202,0.9158878504672897,0.8756432805680412,0.8507055531406216,0.8305084745762713,0.7865168539325843,1.15129854347775
3270,0.9675,0.8795192495602893,0.7674418604651163,0.9166666666666666,0.8795192495602894,0.8545542635658914,0.8354430379746837,0.7932692307692308,1.1225162298153244
3271,0.97,0.8911471565370335,0.7906976744186046,0.918918918918919,0.8911471565370335,0.8660582966687618,0.85,0.8133971291866028,1.0361692888280478
3272,0.9641666666666666,0.8674244891755152,0.7441860465116279,0.9056603773584906,0.8674244891755152,0.8386732119350592,0.8170212765957447,0.7717041800643085,1.2376461507962189
3273,0.9683333333333334,0.8833952185525373,0.7751937984496124,0.9174311926605505,0.8833952185525373,0.8583958288884148,0.8403361344537815,0.7999999999999999,1.093733916152899
3274,0.9658333333333333,0.8717673115757931,0.751937984496124,0.9150943396226415,0.8717673115757931,0.8468494953927161,0.8255319148936171,0.7797427652733119,1.1800808571401757
3275,0.9691666666666666,0.8872711875447854,0.7829457364341085,0.9181818181818182,0.8872711875447854,0.86223044397463,0.8451882845188284,0.8067092651757188,1.0649516024904733
3276,0.9666666666666667,0.8756432805680412,0.7596899224806202,0.9158878504672897,0.8756432805680412,0.8507055531406216,0.8305084745762713,0.7865168539325843,1.1512985434777498
3277,0.9683333333333334,0.8833952185525373,0.7751937984496124,0.9174311926605505,0.8833952185525373,0.8583958288884148,0.8403361344537815,0.7999999999999999,1.093733916152899
3278,0.97,0.8911471565370335,0.7906976744186046,0.918918918918919,0.8911471565370335,0.8660582966687618,0.85,0.8133971291866028,1.0361692888280478
3279,0.9666666666666667,0.8756432805680412,0.7596899224806202,0.9158878504672897,0.8756432805680412,0.8507055531406216,0.8305084745762713,0.7865168539325843,1.1512985434777498
3280,0.9683333333333334,0.8833952185525373,0.7751937984496124,0.9174311926605505,0.8833952185525373,0.8583958288884148,0.8403361344537815,0.7999999999999999,1.093733916152899
3281,0.9691666666666666,0.8872711875447854,0.7829457364341085,0.9181818181818182,0.8872711875447854,0.86223044397463,0.8451882845188284,0.8067092651757188,1.0649516024904733
3282,0.9691666666666666,0.8872711875447854,0.7829457364341085,0.9181818181818182,0.8872711875447854,0.86223044397463,0.8451882845188284,0.8067092651757188,1.0649516024904733
3283,0.965,0.8713004581677632,0.751937984496124,0.9065420560747663,0.8713004581677634,0.8425733536187785,0.8220338983050847,0.7784911717495986,1.208863837133793
3284,0.9683333333333334,0.8833952185525373,0.7751937984496124,0.9174311926605505,0.8833952185525373,0.8583958288884148,0.8403361344537815,0.7999999999999999,1.093733916152899
3285,0.9691666666666666,0.8872711875447854,0.7829457364341085,0.9181818181818182,0.8872711875447854,0.86223044397463,0.8451882845188284,0.8067092651757188,1.0649516024904733
3286,0.9708333333333333,0.8950231255292815,0.7984496124031008,0.9196428571428571,0.8950231255292815,0.8698795681063124,0.8547717842323651,0.8200636942675159,1.0073869751656221
3287,0.9675,0.8795192495602893,0.7674418604651163,0.9166666666666666,0.8795192495602894,0.8545542635658914,0.8354430379746837,0.7932692307692308,1.1225162298153244
3288,0.9683333333333334,0.8868043341367555,0.7829457364341085,0.9099099099099099,0.8868043341367555,0.8580944898386759,0.8416666666666666,0.8054226475279107,1.0937345824840907
3289,0.9658333333333333,0.8717673115757931,0.751937984496124,0.9150943396226415,0.8717673115757931,0.8468494953927161,0.8255319148936171,0.7797427652733119,1.1800808571401757
3290,0.9691666666666666,0.8872711875447854,0.7829457364341085,0.9181818181818182,0.8872711875447854,0.86223044397463,0.8451882845188284,0.8067092651757188,1.0649516024904733
3291,0.9683333333333334,0.8833952185525373,0.7751937984496124,0.9174311926605505,0.8833952185525373,0.8583958288884148,0.8403361344537815,0.7999999999999999,1.093733916152899
3292,0.9683333333333334,0.8799861029683191,0.7674418604651163,0.9252336448598131,0.8799861029683191,0.8588377526624646,0.8389830508474577,0.7945425361155699,1.093733249821707
3293,0.9691666666666666,0.8872711875447854,0.7829457364341085,0.9181818181818182,0.8872711875447854,0.86223044397463,0.8451882845188284,0.8067092651757188,1.0649516024904733
3294,0.9691666666666666,0.8872711875447854,0.7829457364341085,0.9181818181818182,0.8872711875447854,0.86223044397463,0.8451882845188284,0.8067092651757188,1.0649516024904733
3295,0.9675,0.8795192495602893,0.7674418604651163,0.9166666666666666,0.8795192495602894,0.8545542635658914,0.8354430379746837,0.7932692307692308,1.1225162298153244
3296,0.9683333333333334,0.8833952185525373,0.7751937984496124,0.9174311926605505,0.8833952185525373,0.8583958288884148,0.8403361344537815,0.7999999999999999,1.093733916152899
3297,0.9666666666666667,0.8756432805680412,0.7596899224806202,0.9158878504672897,0.8756432805680412,0.8507055531406216,0.8305084745762713,0.7865168539325843,1.15129854347775
3298,0.9675,0.8795192495602893,0.7674418604651163,0.9166666666666666,0.8795192495602894,0.8545542635658914,0.8354430379746837,0.7932692307692308,1.1225162298153246
3299,0.9666666666666667,0.8756432805680412,0.7596899224806202,0.9158878504672897,0.8756432805680412,0.8507055531406216,0.8305084745762713,0.7865168539325843,1.15129854347775
3300,0.9716666666666667,0.8988990945215296,0.8062015503875969,0.9203539823008849,0.8988990945215296,0.8736944330109077,0.859504132231405,0.8267090620031796,0.9786046615031967
3301,0.97,0.8911471565370335,0.7906976744186046,0.918918918918919,0.8911471565370335,0.8660582966687618,0.85,0.8133971291866028,1.0361692888280478
3302,0.9666666666666667,0.8790523961522594,0.7674418604651163,0.908256880733945,0.8790523961522594,0.8503493705995308,0.8319327731092436,0.7919999999999999,1.151299209808942
3303,0.9725,0.8993659479295595,0.8062015503875969,0.9285714285714286,0.8993659479295595,0.8778031561461794,0.8630705394190872,0.8280254777070064,0.9498216815095794
3304,0.9658333333333333,0.8717673115757931,0.751937984496124,0.9150943396226415,0.8717673115757931,0.8468494953927161,0.8255319148936171,0.7797427652733119,1.1800808571401755
3305,0.9691666666666666,0.8872711875447854,0.7829457364341085,0.9181818181818182,0.8872711875447854,0.86223044397463,0.8451882845188284,0.8067092651757188,1.0649516024904733
3306,0.9666666666666667,0.8756432805680412,0.7596899224806202,0.9158878504672897,0.8756432805680412,0.8507055531406216,0.8305084745762713,0.7865168539325843,1.15129854347775
3307,0.9675,0.8829283651445075,0.7751937984496124,0.9090909090909091,0.8829283651445075,0.8542256871035941,0.8368200836820083,0.7987220447284344,1.1225168961465164
3308,0.965,0.8678913425835451,0.7441860465116279,0.9142857142857143,0.8678913425835451,0.8429858803986711,0.8205128205128205,0.7729468599033816,1.2088631708026012
3309,0.9683333333333334,0.8833952185525373,0.7751937984496124,0.9174311926605505,0.8833952185525373,0.8583958288884148,0.8403361344537815,0.7999999999999999,1.093733916152899
3310,0.9675,0.8795192495602893,0.7674418604651163,0.9166666666666666,0.8795192495602894,0.8545542635658914,0.8354430379746837,0.7932692307692308,1.1225162298153244
3311,0.97,0.8911471565370335,0.7906976744186046,0.918918918918919,0.8911471565370335,0.8660582966687618,0.85,0.8133971291866028,1.0361692888280478
3312,0.9683333333333334,0.8833952185525373,0.7751937984496124,0.9174311926605505,0.8833952185525373,0.8583958288884148,0.8403361344537815,0.7999999999999999,1.093733916152899
3313,0.9683333333333334,0.8833952185525373,0.7751937984496124,0.9174311926605505,0.8833952185525373,0.8583958288884148,0.8403361344537815,0.7999999999999999,1.093733916152899
3314,0.9658333333333333,0.8717673115757931,0.751937984496124,0.9150943396226415,0.8717673115757931,0.8468494953927161,0.8255319148936171,0.7797427652733119,1.1800808571401755
3315,0.9675,0.8795192495602893,0.7674418604651163,0.9166666666666666,0.8795192495602894,0.8545542635658914,0.8354430379746837,0.7932692307692308,1.1225162298153244
3316,0.965,0.8678913425835451,0.7441860465116279,0.9142857142857143,0.8678913425835451,0.8429858803986711,0.8205128205128205,0.7729468599033816,1.2088631708026012
3317,0.97,0.8911471565370335,0.7906976744186046,0.918918918918919,0.8911471565370335,0.8660582966687618,0.85,0.8133971291866028,1.0361692888280478
3318,0.9691666666666666,0.8872711875447854,0.7829457364341085,0.9181818181818182,0.8872711875447854,0.86223044397463,0.8451882845188284,0.8067092651757188,1.0649516024904733
3319,0.97,0.8877380409528153,0.7829457364341085,0.926605504587156,0.8877380409528153,0.8664422871772988,0.8487394957983192,0.808,1.036168622496856
3320,0.965,0.8678913425835451,0.7441860465116279,0.9142857142857143,0.8678913425835451,0.8429858803986711,0.8205128205128205,0.7729468599033816,1.2088631708026012
3321,0.9708333333333333,0.8950231255292815,0.7984496124031008,0.9196428571428571,0.8950231255292815,0.8698795681063124,0.8547717842323651,0.8200636942675159,1.0073869751656221
3322,0.9666666666666667,0.8756432805680412,0.7596899224806202,0.9158878504672897,0.8756432805680412,0.8507055531406216,0.8305084745762713,0.7865168539325843,1.1512985434777498
3323,0.9683333333333334,0.8833952185525373,0.7751937984496124,0.9174311926605505,0.8833952185525373,0.8583958288884148,0.8403361344537815,0.7999999999999999,1.093733916152899
3324,0.965,0.8713004581677632,0.751937984496124,0.9065420560747663,0.8713004581677634,0.8425733536187785,0.8220338983050847,0.7784911717495986,1.208863837133793
3325,0.965,0.8644822269993269,0.7364341085271318,0.9223300970873787,0.8644822269993269,0.8435487694739219,0.8189655172413793,0.767366720516963,1.2088625044714092
3326,0.965,0.8747095737519814,0.7596899224806202,0.8990825688073395,0.8747095737519816,0.8423029123106465,0.823529411764706,0.784,1.208864503464985
3327,0.9683333333333334,0.8833952185525373,0.7751937984496124,0.9174311926605505,0.8833952185525373,0.8583958288884148,0.8403361344537815,0.7999999999999999,1.093733916152899
3328,0.9683333333333334,0.8833952185525373,0.7751937984496124,0.9174311926605505,0.8833952185525373,0.8583958288884148,0.8403361344537815,0.7999999999999999,1.093733916152899
3329,0.9658333333333333,0.8751764271600113,0.7596899224806202,0.9074074074074074,0.8751764271600113,0.8464653316106805,0.8270042194092827,0.7852564102564104,1.1800815234713675
3330,0.9716666666666667,0.8988990945215296,0.8062015503875969,0.9203539823008849,0.8988990945215296,0.8736944330109077,0.859504132231405,0.8267090620031796,0.9786046615031967
3331,0.9691666666666666,0.8872711875447854,0.7829457364341085,0.9181818181818182,0.8872711875447854,0.86223044397463,0.8451882845188284,0.8067092651757188,1.0649516024904733
3332,0.9691666666666666,0.8872711875447854,0.7829457364341085,0.9181818181818182,0.8872711875447854,0.86223044397463,0.8451882845188284,0.8067092651757188,1.0649516024904733
3333,0.9691666666666666,0.8838620719605672,0.7751937984496124,0.9259259259259259,0.8838620719605672,0.8626431955211026,0.8438818565400844,0.8012820512820513,1.0649509361592815
3334,0.965,0.8678913425835451,0.7441860465116279,0.9142857142857143,0.8678913425835451,0.8429858803986711,0.8205128205128205,0.7729468599033816,1.2088631708026014
3335,0.9658333333333333,0.8717673115757931,0.751937984496124,0.9150943396226415,0.8717673115757931,0.8468494953927161,0.8255319148936171,0.7797427652733119,1.1800808571401755
3336,0.9666666666666667,0.8756432805680412,0.7596899224806202,0.9158878504672897,0.8756432805680412,0.8507055531406216,0.8305084745762713,0.7865168539325843,1.15129854347775
3337,0.965,0.8678913425835451,0.7441860465116279,0.9142857142857143,0.8678913425835451,0.8429858803986711,0.8205128205128205,0.7729468599033816,1.2088631708026012
3338,0.9666666666666667,0.8756432805680412,0.7596899224806202,0.9158878504672897,0.8756432805680412,0.8507055531406216,0.8305084745762713,0.7865168539325843,1.1512985434777498
3339,0.9675,0.8795192495602893,0.7674418604651163,0.9166666666666666,0.8795192495602894,0.8545542635658914,0.8354430379746837,0.7932692307692308,1.1225162298153244
3340,0.9691666666666666,0.8872711875447854,0.7829457364341085,0.9181818181818182,0.8872711875447854,0.86223044397463,0.8451882845188284,0.8067092651757188,1.0649516024904733
3341,0.9658333333333333,0.8717673115757931,0.751937984496124,0.9150943396226415,0.8717673115757931,0.8468494953927161,0.8255319148936171,0.7797427652733119,1.1800808571401757
3342,0.9683333333333334,0.8833952185525373,0.7751937984496124,0.9174311926605505,0.8833952185525373,0.8583958288884148,0.8403361344537815,0.7999999999999999,1.093733916152899
3343,0.9666666666666667,0.8756432805680412,0.7596899224806202,0.9158878504672897,0.8756432805680412,0.8507055531406216,0.8305084745762713,0.7865168539325843,1.15129854347775
3344,0.9675,0.8795192495602893,0.7674418604651163,0.9166666666666666,0.8795192495602894,0.8545542635658914,0.8354430379746837,0.7932692307692308,1.1225162298153244
3345,0.97,0.8911471565370335,0.7906976744186046,0.918918918918919,0.8911471565370335,0.8660582966687618,0.85,0.8133971291866028,1.0361692888280478
3346,0.97,0.8877380409528153,0.7829457364341085,0.926605504587156,0.8877380409528153,0.8664422871772988,0.8487394957983192,0.808,1.036168622496856
3347,0.9683333333333334,0.8833952185525373,0.7751937984496124,0.9174311926605505,0.8833952185525373,0.8583958288884148,0.8403361344537815,0.7999999999999999,1.093733916152899
3348,0.9683333333333334,0.8833952185525373,0.7751937984496124,0.9174311926605505,0.8833952185525373,0.8583958288884148,0.8403361344537815,0.7999999999999999,1.093733916152899
3349,0.9683333333333334,0.8833952185525373,0.7751937984496124,0.9174311926605505,0.8833952185525373,0.8583958288884148,0.8403361344537815,0.7999999999999999,1.093733916152899
3350,0.97,0.8911471565370335,0.7906976744186046,0.918918918918919,0.8911471565370335,0.8660582966687618,0.85,0.8133971291866028,1.0361692888280478
3351,0.9683333333333334,0.8833952185525373,0.7751937984496124,0.9174311926605505,0.8833952185525373,0.8583958288884148,0.8403361344537815,0.7999999999999999,1.093733916152899
3352,0.9666666666666667,0.8756432805680412,0.7596899224806202,0.9158878504672897,0.8756432805680412,0.8507055531406216,0.8305084745762713,0.7865168539325843,1.15129854347775
3353,0.9666666666666667,0.8756432805680412,0.7596899224806202,0.9158878504672897,0.8756432805680412,0.8507055531406216,0.8305084745762713,0.7865168539325843,1.1512985434777498
3354,0.9666666666666667,0.8756432805680412,0.7596899224806202,0.9158878504672897,0.8756432805680412,0.8507055531406216,0.8305084745762713,0.7865168539325843,1.15129854347775
3355,0.9691666666666666,0.8872711875447854,0.7829457364341085,0.9181818181818182,0.8872711875447854,0.86223044397463,0.8451882845188284,0.8067092651757188,1.0649516024904733
3356,0.9666666666666667,0.8756432805680412,0.7596899224806202,0.9158878504672897,0.8756432805680412,0.8507055531406216,0.8305084745762713,0.7865168539325843,1.1512985434777498
3357,0.9666666666666667,0.8756432805680412,0.7596899224806202,0.9158878504672897,0.8756432805680412,0.8507055531406216,0.8305084745762713,0.7865168539325843,1.15129854347775
3358,0.9691666666666666,0.8872711875447854,0.7829457364341085,0.9181818181818182,0.8872711875447854,0.86223044397463,0.8451882845188284,0.8067092651757188,1.0649516024904733
3359,0.9675,0.8761101339760711,0.7596899224806202,0.9245283018867925,0.8761101339760711,0.855025778850373,0.8340425531914893,0.7877813504823152,1.1225155634841326
3360,0.9683333333333334,0.8833952185525373,0.7751937984496124,0.9174311926605505,0.8833952185525373,0.8583958288884148,0.8403361344537815,0.7999999999999999,1.093733916152899
3361,0.97,0.8911471565370335,0.7906976744186046,0.918918918918919,0.8911471565370335,0.8660582966687618,0.85,0.8133971291866028,1.0361692888280478
3362,0.9675,0.8795192495602893,0.7674418604651163,0.9166666666666666,0.8795192495602894,0.8545542635658914,0.8354430379746837,0.7932692307692308,1.1225162298153246
3363,0.965,0.8713004581677632,0.751937984496124,0.9065420560747663,0.8713004581677634,0.8425733536187785,0.8220338983050847,0.7784911717495986,1.208863837133793
3364,0.9658333333333333,0.8717673115757931,0.751937984496124,0.9150943396226415,0.8717673115757931,0.8468494953927161,0.8255319148936171,0.7797427652733119,1.1800808571401757
3365,0.9675,0.8795192495602893,0.7674418604651163,0.9166666666666666,0.8795192495602894,0.8545542635658914,0.8354430379746837,0.7932692307692308,1.1225162298153246
3366,0.9691666666666666,0.8838620719605672,0.7751937984496124,0.9259259259259259,0.8838620719605672,0.8626431955211026,0.8438818565400844,0.8012820512820513,1.0649509361592815
3367,0.9675,0.8761101339760711,0.7596899224806202,0.9245283018867925,0.8761101339760711,0.855025778850373,0.8340425531914893,0.7877813504823152,1.1225155634841326
3368,0.9683333333333334,0.8799861029683191,0.7674418604651163,0.9252336448598131,0.8799861029683191,0.8588377526624646,0.8389830508474577,0.7945425361155699,1.093733249821707
3369,0.9675,0.8761101339760711,0.7596899224806202,0.9245283018867925,0.8761101339760711,0.855025778850373,0.8340425531914893,0.7877813504823152,1.1225155634841326
3370,0.9658333333333333,0.8751764271600113,0.7596899224806202,0.9074074074074074,0.8751764271600113,0.8464653316106805,0.8270042194092827,0.7852564102564104,1.1800815234713675
3371,0.965,0.8678913425835451,0.7441860465116279,0.9142857142857143,0.8678913425835451,0.8429858803986711,0.8205128205128205,0.7729468599033816,1.2088631708026012
3372,0.9691666666666666,0.8872711875447854,0.7829457364341085,0.9181818181818182,0.8872711875447854,0.86223044397463,0.8451882845188284,0.8067092651757188,1.0649516024904733
3373,0.9683333333333334,0.8833952185525373,0.7751937984496124,0.9174311926605505,0.8833952185525373,0.8583958288884148,0.8403361344537815,0.7999999999999999,1.093733916152899
3374,0.9708333333333333,0.8950231255292815,0.7984496124031008,0.9196428571428571,0.8950231255292815,0.8698795681063124,0.8547717842323651,0.8200636942675159,1.0073869751656221
3375,0.9683333333333334,0.8868043341367555,0.7829457364341085,0.9099099099099099,0.8868043341367555,0.8580944898386759,0.8416666666666666,0.8054226475279107,1.093734582484091
3376,0.9658333333333333,0.8683581959915749,0.7441860465116279,0.9230769230769231,0.8683581959915749,0.8473814847942756,0.8240343347639485,0.7741935483870968,1.1800801908089837
3377,0.965,0.8678913425835451,0.7441860465116279,0.9142857142857143,0.8678913425835451,0.8429858803986711,0.8205128205128205,0.7729468599033816,1.2088631708026012
3378,0.9675,0.8795192495602893,0.7674418604651163,0.9166666666666666,0.8795192495602894,0.8545542635658914,0.8354430379746837,0.7932692307692308,1.1225162298153244
3379,0.9733333333333334,0.9066510325060257,0.8217054263565892,0.9217391304347826,0.9066510325060257,0.8813056117290192,0.8688524590163934,0.8399366085578447,0.9210400341783456
3380,0.9691666666666666,0.8872711875447854,0.7829457364341085,0.9181818181818182,0.8872711875447854,0.86223044397463,0.8451882845188284,0.8067092651757188,1.0649516024904733
3381,0.9666666666666667,0.872234164983823,0.751937984496124,0.9238095238095239,0.872234164983823,0.8512070874861573,0.8290598290598291,0.7809983896940418,1.151297877146558
3382,0.9675,0.8795192495602893,0.7674418604651163,0.9166666666666666,0.8795192495602894,0.8545542635658914,0.8354430379746837,0.7932692307692308,1.1225162298153244
3383,0.9666666666666667,0.8756432805680412,0.7596899224806202,0.9158878504672897,0.8756432805680412,0.8507055531406216,0.8305084745762713,0.7865168539325843,1.15129854347775
3384,0.9708333333333333,0.8950231255292815,0.7984496124031008,0.9196428571428571,0.8950231255292815,0.8698795681063124,0.8547717842323651,0.8200636942675159,1.0073869751656221
3385,0.9666666666666667,0.8756432805680412,0.7596899224806202,0.9158878504672897,0.8756432805680412,0.8507055531406216,0.8305084745762713,0.7865168539325843,1.15129854347775
3386,0.9666666666666667,0.8756432805680412,0.7596899224806202,0.9158878504672897,0.8756432805680412,0.8507055531406216,0.8305084745762713,0.7865168539325843,1.15129854347775
3387,0.9666666666666667,0.8790523961522594,0.7674418604651163,0.908256880733945,0.8790523961522594,0.8503493705995308,0.8319327731092436,0.7919999999999999,1.1512992098089418
3388,0.9675,0.8795192495602893,0.7674418604651163,0.9166666666666666,0.8795192495602894,0.8545542635658914,0.8354430379746837,0.7932692307692308,1.1225162298153244
3389,0.9666666666666667,0.8756432805680412,0.7596899224806202,0.9158878504672897,0.8756432805680412,0.8507055531406216,0.8305084745762713,0.7865168539325843,1.1512985434777498
3390,0.9691666666666666,0.8872711875447854,0.7829457364341085,0.9181818181818182,0.8872711875447854,0.86223044397463,0.8451882845188284,0.8067092651757188,1.0649516024904733
3391,0.9675,0.8795192495602893,0.7674418604651163,0.9166666666666666,0.8795192495602894,0.8545542635658914,0.8354430379746837,0.7932692307692308,1.1225162298153244
3392,0.9683333333333334,0.8833952185525373,0.7751937984496124,0.9174311926605505,0.8833952185525373,0.8583958288884148,0.8403361344537815,0.7999999999999999,1.093733916152899
3393,0.9683333333333334,0.8833952185525373,0.7751937984496124,0.9174311926605505,0.8833952185525373,0.8583958288884148,0.8403361344537815,0.7999999999999999,1.093733916152899
3394,0.9683333333333334,0.8833952185525373,0.7751937984496124,0.9174311926605505,0.8833952185525373,0.8583958288884148,0.8403361344537815,0.7999999999999999,1.093733916152899
3395,0.9666666666666667,0.8756432805680412,0.7596899224806202,0.9158878504672897,0.8756432805680412,0.8507055531406216,0.8305084745762713,0.7865168539325843,1.15129854347775
3396,0.9683333333333334,0.8868043341367555,0.7829457364341085,0.9099099099099099,0.8868043341367555,0.8580944898386759,0.8416666666666666,0.8054226475279107,1.093734582484091
3397,0.9675,0.8795192495602893,0.7674418604651163,0.9166666666666666,0.8795192495602894,0.8545542635658914,0.8354430379746837,0.7932692307692308,1.1225162298153244
3398,0.9666666666666667,0.8756432805680412,0.7596899224806202,0.9158878504672897,0.8756432805680412,0.8507055531406216,0.8305084745762713,0.7865168539325843,1.1512985434777498
3399,0.9708333333333333,0.8950231255292815,0.7984496124031008,0.9196428571428571,0.8950231255292815,0.8698795681063124,0.8547717842323651,0.8200636942675159,1.0073869751656221
3400,0.9675,0.8795192495602893,0.7674418604651163,0.9166666666666666,0.8795192495602894,0.8545542635658914,0.8354430379746837,0.7932692307692308,1.1225162298153246
3401,0.9675,0.8795192495602893,0.7674418604651163,0.9166666666666666,0.8795192495602894,0.8545542635658914,0.8354430379746837,0.7932692307692308,1.1225162298153244
3402,0.9675,0.8761101339760711,0.7596899224806202,0.9245283018867925,0.8761101339760711,0.855025778850373,0.8340425531914893,0.7877813504823152,1.1225155634841326
3403,0.9675,0.8795192495602893,0.7674418604651163,0.9166666666666666,0.8795192495602894,0.8545542635658914,0.8354430379746837,0.7932692307692308,1.1225162298153244
3404,0.9691666666666666,0.8872711875447854,0.7829457364341085,0.9181818181818182,0.8872711875447854,0.86223044397463,0.8451882845188284,0.8067092651757188,1.0649516024904733
3405,0.97,0.8911471565370335,0.7906976744186046,0.918918918918919,0.8911471565370335,0.8660582966687618,0.85,0.8133971291866028,1.0361692888280478
3406,0.9683333333333334,0.8868043341367555,0.7829457364341085,0.9099099099099099,0.8868043341367555,0.8580944898386759,0.8416666666666666,0.8054226475279107,1.0937345824840907
3407,0.9675,0.8795192495602893,0.7674418604651163,0.9166666666666666,0.8795192495602894,0.8545542635658914,0.8354430379746837,0.7932692307692308,1.1225162298153244
3408,0.9675,0.8795192495602893,0.7674418604651163,0.9166666666666666,0.8795192495602894,0.8545542635658914,0.8354430379746837,0.7932692307692308,1.1225162298153246
3409,0.9666666666666667,0.8756432805680412,0.7596899224806202,0.9158878504672897,0.8756432805680412,0.8507055531406216,0.8305084745762713,0.7865168539325843,1.15129854347775
3410,0.97,0.8911471565370335,0.7906976744186046,0.918918918918919,0.8911471565370335,0.8660582966687618,0.85,0.8133971291866028,1.0361692888280478
3411,0.9683333333333334,0.8833952185525373,0.7751937984496124,0.9174311926605505,0.8833952185525373,0.8583958288884148,0.8403361344537815,0.7999999999999999,1.093733916152899
3412,0.9666666666666667,0.8790523961522594,0.7674418604651163,0.908256880733945,0.8790523961522594,0.8503493705995308,0.8319327731092436,0.7919999999999999,1.151299209808942
3413,0.9666666666666667,0.872234164983823,0.751937984496124,0.9238095238095239,0.872234164983823,0.8512070874861573,0.8290598290598291,0.7809983896940418,1.151297877146558
3414,0.9683333333333334,0.8868043341367555,0.7829457364341085,0.9099099099099099,0.8868043341367555,0.8580944898386759,0.8416666666666666,0.8054226475279107,1.093734582484091
3415,0.9658333333333333,0.8717673115757931,0.751937984496124,0.9150943396226415,0.8717673115757931,0.8468494953927161,0.8255319148936171,0.7797427652733119,1.1800808571401757
3416,0.9675,0.8795192495602893,0.7674418604651163,0.9166666666666666,0.8795192495602894,0.8545542635658914,0.8354430379746837,0.7932692307692308,1.1225162298153244
3417,0.9675,0.8795192495602893,0.7674418604651163,0.9166666666666666,0.8795192495602894,0.8545542635658914,0.8354430379746837,0.7932692307692308,1.1225162298153244
3418,0.9683333333333334,0.8868043341367555,0.7829457364341085,0.9099099099099099,0.8868043341367555,0.8580944898386759,0.8416666666666666,0.8054226475279107,1.0937345824840907
3419,0.9683333333333334,0.8833952185525373,0.7751937984496124,0.9174311926605505,0.8833952185525373,0.8583958288884148,0.8403361344537815,0.7999999999999999,1.093733916152899
3420,0.9666666666666667,0.8756432805680412,0.7596899224806202,0.9158878504672897,0.8756432805680412,0.8507055531406216,0.8305084745762713,0.7865168539325843,1.1512985434777498
3421,0.9683333333333334,0.8833952185525373,0.7751937984496124,0.9174311926605505,0.8833952185525373,0.8583958288884148,0.8403361344537815,0.7999999999999999,1.093733916152899
3422,0.9691666666666666,0.8872711875447854,0.7829457364341085,0.9181818181818182,0.8872711875447854,0.86223044397463,0.8451882845188284,0.8067092651757188,1.0649516024904733
3423,0.9683333333333334,0.8868043341367555,0.7829457364341085,0.9099099099099099,0.8868043341367555,0.8580944898386759,0.8416666666666666,0.8054226475279107,1.093734582484091
3424,0.9675,0.8795192495602893,0.7674418604651163,0.9166666666666666,0.8795192495602894,0.8545542635658914,0.8354430379746837,0.7932692307692308,1.1225162298153244
3425,0.9666666666666667,0.8756432805680412,0.7596899224806202,0.9158878504672897,0.8756432805680412,0.8507055531406216,0.8305084745762713,0.7865168539325843,1.15129854347775
3426,0.9716666666666667,0.8954899789373114,0.7984496124031008,0.9279279279279279,0.8954899789373114,0.8740221034988476,0.8583333333333333,0.8213716108452951,0.9786039951720049
3427,0.9658333333333333,0.8751764271600113,0.7596899224806202,0.9074074074074074,0.8751764271600113,0.8464653316106805,0.8270042194092827,0.7852564102564104,1.1800815234713675
3428,0.9691666666666666,0.8872711875447854,0.7829457364341085,0.9181818181818182,0.8872711875447854,0.86223044397463,0.8451882845188284,0.8067092651757188,1.0649516024904733
3429,0.9666666666666667,0.8756432805680412,0.7596899224806202,0.9158878504672897,0.8756432805680412,0.8507055531406216,0.8305084745762713,0.7865168539325843,1.1512985434777498
3430,0.9675,0.8829283651445075,0.7751937984496124,0.9090909090909091,0.8829283651445075,0.8542256871035941,0.8368200836820083,0.7987220447284344,1.1225168961465164
3431,0.9683333333333334,0.8833952185525373,0.7751937984496124,0.9174311926605505,0.8833952185525373,0.8583958288884148,0.8403361344537815,0.7999999999999999,1.093733916152899
3432,0.9716666666666667,0.8988990945215296,0.8062015503875969,0.9203539823008849,0.8988990945215296,0.8736944330109077,0.859504132231405,0.8267090620031796,0.9786046615031967
3433,0.9675,0.8761101339760711,0.7596899224806202,0.9245283018867925,0.8761101339760711,0.855025778850373,0.8340425531914893,0.7877813504823152,1.1225155634841326
3434,0.9658333333333333,0.8751764271600113,0.7596899224806202,0.9074074074074074,0.8751764271600113,0.8464653316106805,0.8270042194092827,0.7852564102564104,1.1800815234713673
3435,0.9683333333333334,0.8833952185525373,0.7751937984496124,0.9174311926605505,0.8833952185525373,0.8583958288884148,0.8403361344537815,0.7999999999999999,1.093733916152899
3436,0.9675,0.8761101339760711,0.7596899224806202,0.9245283018867925,0.8761101339760711,0.855025778850373,0.8340425531914893,0.7877813504823152,1.1225155634841326
3437,0.9683333333333334,0.8868043341367555,0.7829457364341085,0.9099099099099099,0.8868043341367555,0.8580944898386759,0.8416666666666666,0.8054226475279107,1.093734582484091
3438,0.97,0.8877380409528153,0.7829457364341085,0.926605504587156,0.8877380409528153,0.8664422871772988,0.8487394957983192,0.808,1.036168622496856
3439,0.9683333333333334,0.8833952185525373,0.7751937984496124,0.9174311926605505,0.8833952185525373,0.8583958288884148,0.8403361344537815,0.7999999999999999,1.093733916152899
3440,0.9708333333333333,0.8950231255292815,0.7984496124031008,0.9196428571428571,0.8950231255292815,0.8698795681063124,0.8547717842323651,0.8200636942675159,1.0073869751656221
3441,0.9666666666666667,0.872234164983823,0.751937984496124,0.9238095238095239,0.872234164983823,0.8512070874861573,0.8290598290598291,0.7809983896940418,1.151297877146558
3442,0.9675,0.8795192495602893,0.7674418604651163,0.9166666666666666,0.8795192495602894,0.8545542635658914,0.8354430379746837,0.7932692307692308,1.1225162298153244
3443,0.9683333333333334,0.8833952185525373,0.7751937984496124,0.9174311926605505,0.8833952185525373,0.8583958288884148,0.8403361344537815,0.7999999999999999,1.093733916152899
3444,0.9675,0.8795192495602893,0.7674418604651163,0.9166666666666666,0.8795192495602894,0.8545542635658914,0.8354430379746837,0.7932692307692308,1.1225162298153246
3445,0.9675,0.8761101339760711,0.7596899224806202,0.9245283018867925,0.8761101339760711,0.855025778850373,0.8340425531914893,0.7877813504823152,1.1225155634841326
3446,0.9675,0.8829283651445075,0.7751937984496124,0.9090909090909091,0.8829283651445075,0.8542256871035941,0.8368200836820083,0.7987220447284344,1.1225168961465164
3447,0.9683333333333334,0.8833952185525373,0.7751937984496124,0.9174311926605505,0.8833952185525373,0.8583958288884148,0.8403361344537815,0.7999999999999999,1.093733916152899
3448,0.97,0.8945562721212517,0.7984496124031008,0.911504424778761,0.8945562721212517,0.8658103519242641,0.8512396694214877,0.8187599364069952,1.0361699551592396
3449,0.9658333333333333,0.8717673115757931,0.751937984496124,0.9150943396226415,0.8717673115757931,0.8468494953927161,0.8255319148936171,0.7797427652733119,1.180080857140176
3450,0.9675,0.8795192495602893,0.7674418604651163,0.9166666666666666,0.8795192495602894,0.8545542635658914,0.8354430379746837,0.7932692307692308,1.1225162298153246
3451,0.9666666666666667,0.8790523961522594,0.7674418604651163,0.908256880733945,0.8790523961522594,0.8503493705995308,0.8319327731092436,0.7919999999999999,1.1512992098089418
3452,0.9666666666666667,0.8756432805680412,0.7596899224806202,0.9158878504672897,0.8756432805680412,0.8507055531406216,0.8305084745762713,0.7865168539325843,1.1512985434777498
3453,0.9658333333333333,0.8717673115757931,0.751937984496124,0.9150943396226415,0.8717673115757931,0.8468494953927161,0.8255319148936171,0.7797427652733119,1.1800808571401755
3454,0.9675,0.8795192495602893,0.7674418604651163,0.9166666666666666,0.8795192495602894,0.8545542635658914,0.8354430379746837,0.7932692307692308,1.1225162298153244
3455,0.9691666666666666,0.8838620719605672,0.7751937984496124,0.9259259259259259,0.8838620719605672,0.8626431955211026,0.8438818565400844,0.8012820512820513,1.0649509361592815
3456,0.9691666666666666,0.8838620719605672,0.7751937984496124,0.9259259259259259,0.8838620719605672,0.8626431955211026,0.8438818565400844,0.8012820512820513,1.0649509361592815
3457,0.9675,0.8795192495602893,0.7674418604651163,0.9166666666666666,0.8795192495602894,0.8545542635658914,0.8354430379746837,0.7932692307692308,1.1225162298153244
3458,0.9666666666666667,0.8756432805680412,0.7596899224806202,0.9158878504672897,0.8756432805680412,0.8507055531406216,0.8305084745762713,0.7865168539325843,1.15129854347775
3459,0.9675,0.8795192495602893,0.7674418604651163,0.9166666666666666,0.8795192495602894,0.8545542635658914,0.8354430379746837,0.7932692307692308,1.1225162298153244
3460,0.9683333333333334,0.8833952185525373,0.7751937984496124,0.9174311926605505,0.8833952185525373,0.8583958288884148,0.8403361344537815,0.7999999999999999,1.093733916152899
3461,0.9683333333333334,0.8799861029683191,0.7674418604651163,0.9252336448598131,0.8799861029683191,0.8588377526624646,0.8389830508474577,0.7945425361155699,1.093733249821707
3462,0.9683333333333334,0.8799861029683191,0.7674418604651163,0.9252336448598131,0.8799861029683191,0.8588377526624646,0.8389830508474577,0.7945425361155699,1.093733249821707
3463,0.9666666666666667,0.8756432805680412,0.7596899224806202,0.9158878504672897,0.8756432805680412,0.8507055531406216,0.8305084745762713,0.7865168539325843,1.1512985434777498
3464,0.9675,0.8795192495602893,0.7674418604651163,0.9166666666666666,0.8795192495602894,0.8545542635658914,0.8354430379746837,0.7932692307692308,1.1225162298153246
3465,0.9675,0.8795192495602893,0.7674418604651163,0.9166666666666666,0.8795192495602894,0.8545542635658914,0.8354430379746837,0.7932692307692308,1.1225162298153244
3466,0.965,0.8678913425835451,0.7441860465116279,0.9142857142857143,0.8678913425835451,0.8429858803986711,0.8205128205128205,0.7729468599033816,1.208863170802601
3467,0.9666666666666667,0.8756432805680412,0.7596899224806202,0.9158878504672897,0.8756432805680412,0.8507055531406216,0.8305084745762713,0.7865168539325843,1.15129854347775
3468,0.9658333333333333,0.8717673115757931,0.751937984496124,0.9150943396226415,0.8717673115757931,0.8468494953927161,0.8255319148936171,0.7797427652733119,1.1800808571401755
3469,0.9691666666666666,0.8872711875447854,0.7829457364341085,0.9181818181818182,0.8872711875447854,0.86223044397463,0.8451882845188284,0.8067092651757188,1.0649516024904733
3470,0.9691666666666666,0.8838620719605672,0.7751937984496124,0.9259259259259259,0.8838620719605672,0.8626431955211026,0.8438818565400844,0.8012820512820513,1.0649509361592815
3471,0.9675,0.8795192495602893,0.7674418604651163,0.9166666666666666,0.8795192495602894,0.8545542635658914,0.8354430379746837,0.7932692307692308,1.1225162298153246
3472,0.9658333333333333,0.8717673115757931,0.751937984496124,0.9150943396226415,0.8717673115757931,0.8468494953927161,0.8255319148936171,0.7797427652733119,1.1800808571401757
3473,0.9666666666666667,0.8756432805680412,0.7596899224806202,0.9158878504672897,0.8756432805680412,0.8507055531406216,0.8305084745762713,0.7865168539325843,1.15129854347775
3474,0.9683333333333334,0.8833952185525373,0.7751937984496124,0.9174311926605505,0.8833952185525373,0.8583958288884148,0.8403361344537815,0.7999999999999999,1.093733916152899
3475,0.9666666666666667,0.8756432805680412,0.7596899224806202,0.9158878504672897,0.8756432805680412,0.8507055531406216,0.8305084745762713,0.7865168539325843,1.15129854347775
3476,0.9691666666666666,0.8872711875447854,0.7829457364341085,0.9181818181818182,0.8872711875447854,0.86223044397463,0.8451882845188284,0.8067092651757188,1.0649516024904733
3477,0.97,0.8911471565370335,0.7906976744186046,0.918918918918919,0.8911471565370335,0.8660582966687618,0.85,0.8133971291866028,1.0361692888280478
3478,0.9675,0.8795192495602893,0.7674418604651163,0.9166666666666666,0.8795192495602894,0.8545542635658914,0.8354430379746837,0.7932692307692308,1.1225162298153244
3479,0.9666666666666667,0.8756432805680412,0.7596899224806202,0.9158878504672897,0.8756432805680412,0.8507055531406216,0.8305084745762713,0.7865168539325843,1.15129854347775
3480,0.9675,0.8795192495602893,0.7674418604651163,0.9166666666666666,0.8795192495602894,0.8545542635658914,0.8354430379746837,0.7932692307692308,1.1225162298153244
3481,0.9675,0.8829283651445075,0.7751937984496124,0.9090909090909091,0.8829283651445075,0.8542256871035941,0.8368200836820083,0.7987220447284344,1.1225168961465164
3482,0.9666666666666667,0.8790523961522594,0.7674418604651163,0.908256880733945,0.8790523961522594,0.8503493705995308,0.8319327731092436,0.7919999999999999,1.1512992098089418
3483,0.9683333333333334,0.8833952185525373,0.7751937984496124,0.9174311926605505,0.8833952185525373,0.8583958288884148,0.8403361344537815,0.7999999999999999,1.093733916152899
3484,0.9658333333333333,0.8717673115757931,0.751937984496124,0.9150943396226415,0.8717673115757931,0.8468494953927161,0.8255319148936171,0.7797427652733119,1.1800808571401757
3485,0.97,0.8911471565370335,0.7906976744186046,0.918918918918919,0.8911471565370335,0.8660582966687618,0.85,0.8133971291866028,1.0361692888280478
3486,0.9666666666666667,0.8790523961522594,0.7674418604651163,0.908256880733945,0.8790523961522594,0.8503493705995308,0.8319327731092436,0.7919999999999999,1.1512992098089418
3487,0.9666666666666667,0.8756432805680412,0.7596899224806202,0.9158878504672897,0.8756432805680412,0.8507055531406216,0.8305084745762713,0.7865168539325843,1.15129854347775
3488,0.9683333333333334,0.8833952185525373,0.7751937984496124,0.9174311926605505,0.8833952185525373,0.8583958288884148,0.8403361344537815,0.7999999999999999,1.093733916152899
3489,0.9675,0.8795192495602893,0.7674418604651163,0.9166666666666666,0.8795192495602894,0.8545542635658914,0.8354430379746837,0.7932692307692308,1.1225162298153244
3490,0.9716666666666667,0.8954899789373114,0.7984496124031008,0.9279279279279279,0.8954899789373114,0.8740221034988476,0.8583333333333333,0.8213716108452951,0.9786039951720049
3491,0.9675,0.8795192495602893,0.7674418604651163,0.9166666666666666,0.8795192495602894,0.8545542635658914,0.8354430379746837,0.7932692307692308,1.1225162298153246
3492,0.9683333333333334,0.8833952185525373,0.7751937984496124,0.9174311926605505,0.8833952185525373,0.8583958288884148,0.8403361344537815,0.7999999999999999,1.093733916152899
3493,0.965,0.8713004581677632,0.751937984496124,0.9065420560747663,0.8713004581677634,0.8425733536187785,0.8220338983050847,0.7784911717495986,1.2088638371337932
3494,0.9675,0.8795192495602893,0.7674418604651163,0.9166666666666666,0.8795192495602894,0.8545542635658914,0.8354430379746837,0.7932692307692308,1.1225162298153244
3495,0.9666666666666667,0.8756432805680412,0.7596899224806202,0.9158878504672897,0.8756432805680412,0.8507055531406216,0.8305084745762713,0.7865168539325843,1.1512985434777498
3496,0.965,0.8678913425835451,0.7441860465116279,0.9142857142857143,0.8678913425835451,0.8429858803986711,0.8205128205128205,0.7729468599033816,1.2088631708026012
3497,0.9691666666666666,0.8872711875447854,0.7829457364341085,0.9181818181818182,0.8872711875447854,0.86223044397463,0.8451882845188284,0.8067092651757188,1.0649516024904733
3498,0.9683333333333334,0.8799861029683191,0.7674418604651163,0.9252336448598131,0.8799861029683191,0.8588377526624646,0.8389830508474577,0.7945425361155699,1.093733249821707
3499,0.9675,0.8795192495602893,0.7674418604651163,0.9166666666666666,0.8795192495602894,0.8545542635658914,0.8354430379746837,0.7932692307692308,1.1225162298153244
3500,0.9683333333333334,0.8833952185525373,0.7751937984496124,0.9174311926605505,0.8833952185525373,0.8583958288884148,0.8403361344537815,0.7999999999999999,1.093733916152899
3501,0.9716666666666667,0.8954899789373114,0.7984496124031008,0.9279279279279279,0.8954899789373114,0.8740221034988476,0.8583333333333333,0.8213716108452951,0.9786039951720049
3502,0.9675,0.8795192495602893,0.7674418604651163,0.9166666666666666,0.8795192495602894,0.8545542635658914,0.8354430379746837,0.7932692307692308,1.1225162298153244
3503,0.9658333333333333,0.8683581959915749,0.7441860465116279,0.9230769230769231,0.8683581959915749,0.8473814847942756,0.8240343347639485,0.7741935483870968,1.180080190808984
3504,0.9666666666666667,0.8756432805680412,0.7596899224806202,0.9158878504672897,0.8756432805680412,0.8507055531406216,0.8305084745762713,0.7865168539325843,1.15129854347775
3505,0.9675,0.8795192495602893,0.7674418604651163,0.9166666666666666,0.8795192495602894,0.8545542635658914,0.8354430379746837,0.7932692307692308,1.1225162298153246
3506,0.9675,0.8795192495602893,0.7674418604651163,0.9166666666666666,0.8795192495602894,0.8545542635658914,0.8354430379746837,0.7932692307692308,1.1225162298153244
3507,0.9675,0.8795192495602893,0.7674418604651163,0.9166666666666666,0.8795192495602894,0.8545542635658914,0.8354430379746837,0.7932692307692308,1.1225162298153244
3508,0.9683333333333334,0.8833952185525373,0.7751937984496124,0.9174311926605505,0.8833952185525373,0.8583958288884148,0.8403361344537815,0.7999999999999999,1.093733916152899
3509,0.9666666666666667,0.8756432805680412,0.7596899224806202,0.9158878504672897,0.8756432805680412,0.8507055531406216,0.8305084745762713,0.7865168539325843,1.15129854347775
3510,0.9691666666666666,0.8872711875447854,0.7829457364341085,0.9181818181818182,0.8872711875447854,0.86223044397463,0.8451882845188284,0.8067092651757188,1.0649516024904733
3511,0.9658333333333333,0.8751764271600113,0.7596899224806202,0.9074074074074074,0.8751764271600113,0.8464653316106805,0.8270042194092827,0.7852564102564104,1.1800815234713677
3512,0.9675,0.8795192495602893,0.7674418604651163,0.9166666666666666,0.8795192495602894,0.8545542635658914,0.8354430379746837,0.7932692307692308,1.1225162298153244
3513,0.9641666666666666,0.8674244891755152,0.7441860465116279,0.9056603773584906,0.8674244891755152,0.8386732119350592,0.8170212765957447,0.7717041800643085,1.2376461507962186
3514,0.9708333333333333,0.8950231255292815,0.7984496124031008,0.9196428571428571,0.8950231255292815,0.8698795681063124,0.8547717842323651,0.8200636942675159,1.0073869751656221
3515,0.9691666666666666,0.8872711875447854,0.7829457364341085,0.9181818181818182,0.8872711875447854,0.86223044397463,0.8451882845188284,0.8067092651757188,1.0649516024904733
3516,0.9691666666666666,0.8872711875447854,0.7829457364341085,0.9181818181818182,0.8872711875447854,0.86223044397463,0.8451882845188284,0.8067092651757188,1.0649516024904733
3517,0.9658333333333333,0.8717673115757931,0.751937984496124,0.9150943396226415,0.8717673115757931,0.8468494953927161,0.8255319148936171,0.7797427652733119,1.1800808571401757
3518,0.9666666666666667,0.8756432805680412,0.7596899224806202,0.9158878504672897,0.8756432805680412,0.8507055531406216,0.8305084745762713,0.7865168539325843,1.1512985434777498
3519,0.9675,0.8795192495602893,0.7674418604651163,0.9166666666666666,0.8795192495602894,0.8545542635658914,0.8354430379746837,0.7932692307692308,1.1225162298153246
3520,0.9683333333333334,0.8833952185525373,0.7751937984496124,0.9174311926605505,0.8833952185525373,0.8583958288884148,0.8403361344537815,0.7999999999999999,1.093733916152899
3521,0.9675,0.8795192495602893,0.7674418604651163,0.9166666666666666,0.8795192495602894,0.8545542635658914,0.8354430379746837,0.7932692307692308,1.1225162298153244
3522,0.9658333333333333,0.8717673115757931,0.751937984496124,0.9150943396226415,0.8717673115757931,0.8468494953927161,0.8255319148936171,0.7797427652733119,1.1800808571401755
3523,0.9691666666666666,0.8872711875447854,0.7829457364341085,0.9181818181818182,0.8872711875447854,0.86223044397463,0.8451882845188284,0.8067092651757188,1.0649516024904733
3524,0.97,0.8911471565370335,0.7906976744186046,0.918918918918919,0.8911471565370335,0.8660582966687618,0.85,0.8133971291866028,1.0361692888280478
3525,0.9675,0.8761101339760711,0.7596899224806202,0.9245283018867925,0.8761101339760711,0.855025778850373,0.8340425531914893,0.7877813504823152,1.1225155634841328
3526,0.9666666666666667,0.8756432805680412,0.7596899224806202,0.9158878504672897,0.8756432805680412,0.8507055531406216,0.8305084745762713,0.7865168539325843,1.15129854347775
3527,0.97,0.8877380409528153,0.7829457364341085,0.926605504587156,0.8877380409528153,0.8664422871772988,0.8487394957983192,0.808,1.036168622496856
3528,0.9666666666666667,0.8756432805680412,0.7596899224806202,0.9158878504672897,0.8756432805680412,0.8507055531406216,0.8305084745762713,0.7865168539325843,1.1512985434777498
3529,0.97,0.8911471565370335,0.7906976744186046,0.918918918918919,0.8911471565370335,0.8660582966687618,0.85,0.8133971291866028,1.0361692888280478
3530,0.9691666666666666,0.8872711875447854,0.7829457364341085,0.9181818181818182,0.8872711875447854,0.86223044397463,0.8451882845188284,0.8067092651757188,1.0649516024904733
3531,0.9675,0.8761101339760711,0.7596899224806202,0.9245283018867925,0.8761101339760711,0.855025778850373,0.8340425531914893,0.7877813504823152,1.1225155634841328
3532,0.9683333333333334,0.8833952185525373,0.7751937984496124,0.9174311926605505,0.8833952185525373,0.8583958288884148,0.8403361344537815,0.7999999999999999,1.093733916152899
3533,0.97,0.8911471565370335,0.7906976744186046,0.918918918918919,0.8911471565370335,0.8660582966687618,0.85,0.8133971291866028,1.0361692888280478
3534,0.9708333333333333,0.8916140099450633,0.7906976744186046,0.9272727272727272,0.8916140099450633,0.870235200845666,0.8535564853556484,0.8146964856230033,1.0073863088344304
3535,0.965,0.8713004581677632,0.751937984496124,0.9065420560747663,0.8713004581677634,0.8425733536187785,0.8220338983050847,0.7784911717495986,1.208863837133793
3536,0.9666666666666667,0.8756432805680412,0.7596899224806202,0.9158878504672897,0.8756432805680412,0.8507055531406216,0.8305084745762713,0.7865168539325843,1.1512985434777498
3537,0.9658333333333333,0.8751764271600113,0.7596899224806202,0.9074074074074074,0.8751764271600113,0.8464653316106805,0.8270042194092827,0.7852564102564104,1.1800815234713675
3538,0.9658333333333333,0.8717673115757931,0.751937984496124,0.9150943396226415,0.8717673115757931,0.8468494953927161,0.8255319148936171,0.7797427652733119,1.1800808571401755
3539,0.9691666666666666,0.8872711875447854,0.7829457364341085,0.9181818181818182,0.8872711875447854,0.86223044397463,0.8451882845188284,0.8067092651757188,1.0649516024904733
3540,0.9666666666666667,0.8756432805680412,0.7596899224806202,0.9158878504672897,0.8756432805680412,0.8507055531406216,0.8305084745762713,0.7865168539325843,1.1512985434777498
3541,0.9658333333333333,0.8717673115757931,0.751937984496124,0.9150943396226415,0.8717673115757931,0.8468494953927161,0.8255319148936171,0.7797427652733119,1.1800808571401755
3542,0.9675,0.8795192495602893,0.7674418604651163,0.9166666666666666,0.8795192495602894,0.8545542635658914,0.8354430379746837,0.7932692307692308,1.1225162298153244
3543,0.9666666666666667,0.8790523961522594,0.7674418604651163,0.908256880733945,0.8790523961522594,0.8503493705995308,0.8319327731092436,0.7919999999999999,1.151299209808942
3544,0.9675,0.8795192495602893,0.7674418604651163,0.9166666666666666,0.8795192495602894,0.8545542635658914,0.8354430379746837,0.7932692307692308,1.1225162298153244
3545,0.965,0.8713004581677632,0.751937984496124,0.9065420560747663,0.8713004581677634,0.8425733536187785,0.8220338983050847,0.7784911717495986,1.208863837133793
3546,0.9641666666666666,0.8674244891755152,0.7441860465116279,0.9056603773584906,0.8674244891755152,0.8386732119350592,0.8170212765957447,0.7717041800643085,1.2376461507962184
3547,0.9658333333333333,0.8751764271600113,0.7596899224806202,0.9074074074074074,0.8751764271600113,0.8464653316106805,0.8270042194092827,0.7852564102564104,1.1800815234713675
3548,0.9675,0.8795192495602893,0.7674418604651163,0.9166666666666666,0.8795192495602894,0.8545542635658914,0.8354430379746837,0.7932692307692308,1.1225162298153244
3549,0.9683333333333334,0.8868043341367555,0.7829457364341085,0.9099099099099099,0.8868043341367555,0.8580944898386759,0.8416666666666666,0.8054226475279107,1.093734582484091
3550,0.9675,0.8795192495602893,0.7674418604651163,0.9166666666666666,0.8795192495602894,0.8545542635658914,0.8354430379746837,0.7932692307692308,1.1225162298153244
3551,0.965,0.8713004581677632,0.751937984496124,0.9065420560747663,0.8713004581677634,0.8425733536187785,0.8220338983050847,0.7784911717495986,1.2088638371337932
3552,0.965,0.8678913425835451,0.7441860465116279,0.9142857142857143,0.8678913425835451,0.8429858803986711,0.8205128205128205,0.7729468599033816,1.2088631708026012
3553,0.9675,0.8795192495602893,0.7674418604651163,0.9166666666666666,0.8795192495602894,0.8545542635658914,0.8354430379746837,0.7932692307692308,1.1225162298153244
3554,0.9658333333333333,0.8751764271600113,0.7596899224806202,0.9074074074074074,0.8751764271600113,0.8464653316106805,0.8270042194092827,0.7852564102564104,1.1800815234713675
3555,0.9683333333333334,0.8799861029683191,0.7674418604651163,0.9252336448598131,0.8799861029683191,0.8588377526624646,0.8389830508474577,0.7945425361155699,1.093733249821707
3556,0.9666666666666667,0.8756432805680412,0.7596899224806202,0.9158878504672897,0.8756432805680412,0.8507055531406216,0.8305084745762713,0.7865168539325843,1.15129854347775
3557,0.9658333333333333,0.8751764271600113,0.7596899224806202,0.9074074074074074,0.8751764271600113,0.8464653316106805,0.8270042194092827,0.7852564102564104,1.1800815234713675
3558,0.9716666666666667,0.8988990945215296,0.8062015503875969,0.9203539823008849,0.8988990945215296,0.8736944330109077,0.859504132231405,0.8267090620031796,0.9786046615031967
3559,0.9683333333333334,0.8799861029683191,0.7674418604651163,0.9252336448598131,0.8799861029683191,0.8588377526624646,0.8389830508474577,0.7945425361155699,1.093733249821707
3560,0.97,0.8877380409528153,0.7829457364341085,0.926605504587156,0.8877380409528153,0.8664422871772988,0.8487394957983192,0.808,1.036168622496856
3561,0.9683333333333334,0.8833952185525373,0.7751937984496124,0.9174311926605505,0.8833952185525373,0.8583958288884148,0.8403361344537815,0.7999999999999999,1.093733916152899
3562,0.97,0.8911471565370335,0.7906976744186046,0.918918918918919,0.8911471565370335,0.8660582966687618,0.85,0.8133971291866028,1.0361692888280478
3563,0.9658333333333333,0.8717673115757931,0.751937984496124,0.9150943396226415,0.8717673115757931,0.8468494953927161,0.8255319148936171,0.7797427652733119,1.1800808571401757
3564,0.9666666666666667,0.8790523961522594,0.7674418604651163,0.908256880733945,0.8790523961522594,0.8503493705995308,0.8319327731092436,0.7919999999999999,1.1512992098089418
3565,0.9641666666666666,0.8674244891755152,0.7441860465116279,0.9056603773584906,0.8674244891755152,0.8386732119350592,0.8170212765957447,0.7717041800643085,1.2376461507962189
3566,0.9666666666666667,0.8790523961522594,0.7674418604651163,0.908256880733945,0.8790523961522594,0.8503493705995308,0.8319327731092436,0.7919999999999999,1.1512992098089418
3567,0.9683333333333334,0.8833952185525373,0.7751937984496124,0.9174311926605505,0.8833952185525373,0.8583958288884148,0.8403361344537815,0.7999999999999999,1.093733916152899
3568,0.9675,0.8795192495602893,0.7674418604651163,0.9166666666666666,0.8795192495602894,0.8545542635658914,0.8354430379746837,0.7932692307692308,1.1225162298153244
3569,0.9675,0.8829283651445075,0.7751937984496124,0.9090909090909091,0.8829283651445075,0.8542256871035941,0.8368200836820083,0.7987220447284344,1.1225168961465164
3570,0.965,0.8678913425835451,0.7441860465116279,0.9142857142857143,0.8678913425835451,0.8429858803986711,0.8205128205128205,0.7729468599033816,1.208863170802601
3571,0.97,0.8911471565370335,0.7906976744186046,0.918918918918919,0.8911471565370335,0.8660582966687618,0.85,0.8133971291866028,1.0361692888280478
3572,0.9683333333333334,0.8799861029683191,0.7674418604651163,0.9252336448598131,0.8799861029683191,0.8588377526624646,0.8389830508474577,0.7945425361155699,1.093733249821707
3573,0.9691666666666666,0.8872711875447854,0.7829457364341085,0.9181818181818182,0.8872711875447854,0.86223044397463,0.8451882845188284,0.8067092651757188,1.0649516024904733
3574,0.97,0.8911471565370335,0.7906976744186046,0.918918918918919,0.8911471565370335,0.8660582966687618,0.85,0.8133971291866028,1.0361692888280478
3575,0.97,0.8911471565370335,0.7906976744186046,0.918918918918919,0.8911471565370335,0.8660582966687618,0.85,0.8133971291866028,1.0361692888280478
3576,0.97,0.8877380409528153,0.7829457364341085,0.926605504587156,0.8877380409528153,0.8664422871772988,0.8487394957983192,0.808,1.036168622496856
3577,0.965,0.8713004581677632,0.751937984496124,0.9065420560747663,0.8713004581677634,0.8425733536187785,0.8220338983050847,0.7784911717495986,1.208863837133793
3578,0.9658333333333333,0.8751764271600113,0.7596899224806202,0.9074074074074074,0.8751764271600113,0.8464653316106805,0.8270042194092827,0.7852564102564104,1.1800815234713677
3579,0.9675,0.8863374807287256,0.7829457364341085,0.9017857142857143,0.8863374807287256,0.8540323920265781,0.8381742738589212,0.8041401273885349,1.1225175624777082
3580,0.97,0.8911471565370335,0.7906976744186046,0.918918918918919,0.8911471565370335,0.8660582966687618,0.85,0.8133971291866028,1.0361692888280478
3581,0.97,0.8945562721212517,0.7984496124031008,0.911504424778761,0.8945562721212517,0.8658103519242641,0.8512396694214877,0.8187599364069952,1.0361699551592398
3582,0.97,0.8911471565370335,0.7906976744186046,0.918918918918919,0.8911471565370335,0.8660582966687618,0.85,0.8133971291866028,1.0361692888280478
3583,0.9691666666666666,0.8872711875447854,0.7829457364341085,0.9181818181818182,0.8872711875447854,0.86223044397463,0.8451882845188284,0.8067092651757188,1.0649516024904733
3584,0.9708333333333333,0.8950231255292815,0.7984496124031008,0.9196428571428571,0.8950231255292815,0.8698795681063124,0.8547717842323651,0.8200636942675159,1.0073869751656221
3585,0.9683333333333334,0.8833952185525373,0.7751937984496124,0.9174311926605505,0.8833952185525373,0.8583958288884148,0.8403361344537815,0.7999999999999999,1.093733916152899
3586,0.9691666666666666,0.8872711875447854,0.7829457364341085,0.9181818181818182,0.8872711875447854,0.86223044397463,0.8451882845188284,0.8067092651757188,1.0649516024904733
3587,0.9691666666666666,0.8872711875447854,0.7829457364341085,0.9181818181818182,0.8872711875447854,0.86223044397463,0.8451882845188284,0.8067092651757188,1.0649516024904733
3588,0.9708333333333333,0.8916140099450633,0.7906976744186046,0.9272727272727272,0.8916140099450633,0.870235200845666,0.8535564853556484,0.8146964856230033,1.0073863088344304
3589,0.9683333333333334,0.8833952185525373,0.7751937984496124,0.9174311926605505,0.8833952185525373,0.8583958288884148,0.8403361344537815,0.7999999999999999,1.093733916152899
3590,0.9675,0.8795192495602893,0.7674418604651163,0.9166666666666666,0.8795192495602894,0.8545542635658914,0.8354430379746837,0.7932692307692308,1.1225162298153244
3591,0.9675,0.8795192495602893,0.7674418604651163,0.9166666666666666,0.8795192495602894,0.8545542635658914,0.8354430379746837,0.7932692307692308,1.1225162298153244
3592,0.9666666666666667,0.8790523961522594,0.7674418604651163,0.908256880733945,0.8790523961522594,0.8503493705995308,0.8319327731092436,0.7919999999999999,1.1512992098089418
3593,0.9691666666666666,0.8872711875447854,0.7829457364341085,0.9181818181818182,0.8872711875447854,0.86223044397463,0.8451882845188284,0.8067092651757188,1.0649516024904733
3594,0.9675,0.8795192495602893,0.7674418604651163,0.9166666666666666,0.8795192495602894,0.8545542635658914,0.8354430379746837,0.7932692307692308,1.1225162298153244
3595,0.9641666666666666,0.8674244891755152,0.7441860465116279,0.9056603773584906,0.8674244891755152,0.8386732119350592,0.8170212765957447,0.7717041800643085,1.2376461507962186
3596,0.9675,0.8795192495602893,0.7674418604651163,0.9166666666666666,0.8795192495602894,0.8545542635658914,0.8354430379746837,0.7932692307692308,1.1225162298153244
3597,0.9658333333333333,0.8717673115757931,0.751937984496124,0.9150943396226415,0.8717673115757931,0.8468494953927161,0.8255319148936171,0.7797427652733119,1.1800808571401757
3598,0.97,0.8911471565370335,0.7906976744186046,0.918918918918919,0.8911471565370335,0.8660582966687618,0.85,0.8133971291866028,1.0361692888280478
3599,0.9658333333333333,0.8751764271600113,0.7596899224806202,0.9074074074074074,0.8751764271600113,0.8464653316106805,0.8270042194092827,0.7852564102564104,1.1800815234713675
3600,0.9658333333333333,0.8751764271600113,0.7596899224806202,0.9074074074074074,0.8751764271600113,0.8464653316106805,0.8270042194092827,0.7852564102564104,1.1800815234713675
3601,0.97,0.8911471565370335,0.7906976744186046,0.918918918918919,0.8911471565370335,0.8660582966687618,0.85,0.8133971291866028,1.0361692888280478
3602,0.9691666666666666,0.8872711875447854,0.7829457364341085,0.9181818181818182,0.8872711875447854,0.86223044397463,0.8451882845188284,0.8067092651757188,1.0649516024904733
3603,0.9658333333333333,0.8751764271600113,0.7596899224806202,0.9074074074074074,0.8751764271600113,0.8464653316106805,0.8270042194092827,0.7852564102564104,1.1800815234713675
3604,0.965,0.8678913425835451,0.7441860465116279,0.9142857142857143,0.8678913425835451,0.8429858803986711,0.8205128205128205,0.7729468599033816,1.2088631708026012
3605,0.9658333333333333,0.8717673115757931,0.751937984496124,0.9150943396226415,0.8717673115757931,0.8468494953927161,0.8255319148936171,0.7797427652733119,1.1800808571401755
3606,0.9675,0.8795192495602893,0.7674418604651163,0.9166666666666666,0.8795192495602894,0.8545542635658914,0.8354430379746837,0.7932692307692308,1.1225162298153244
3607,0.9683333333333334,0.8868043341367555,0.7829457364341085,0.9099099099099099,0.8868043341367555,0.8580944898386759,0.8416666666666666,0.8054226475279107,1.0937345824840907
3608,0.9683333333333334,0.8868043341367555,0.7829457364341085,0.9099099099099099,0.8868043341367555,0.8580944898386759,0.8416666666666666,0.8054226475279107,1.093734582484091
3609,0.9666666666666667,0.8756432805680412,0.7596899224806202,0.9158878504672897,0.8756432805680412,0.8507055531406216,0.8305084745762713,0.7865168539325843,1.1512985434777498
3610,0.9683333333333334,0.8833952185525373,0.7751937984496124,0.9174311926605505,0.8833952185525373,0.8583958288884148,0.8403361344537815,0.7999999999999999,1.093733916152899
3611,0.9675,0.8795192495602893,0.7674418604651163,0.9166666666666666,0.8795192495602894,0.8545542635658914,0.8354430379746837,0.7932692307692308,1.1225162298153244
3612,0.9683333333333334,0.8833952185525373,0.7751937984496124,0.9174311926605505,0.8833952185525373,0.8583958288884148,0.8403361344537815,0.7999999999999999,1.093733916152899
3613,0.9658333333333333,0.8785855427442295,0.7674418604651163,0.9,0.8785855427442295,0.8462209302325582,0.8284518828451884,0.7907348242811502,1.1800821898025595
3614,0.9691666666666666,0.8872711875447854,0.7829457364341085,0.9181818181818182,0.8872711875447854,0.86223044397463,0.8451882845188284,0.8067092651757188,1.0649516024904733
3615,0.9708333333333333,0.8950231255292815,0.7984496124031008,0.9196428571428571,0.8950231255292815,0.8698795681063124,0.8547717842323651,0.8200636942675159,1.0073869751656221
3616,0.9683333333333334,0.8833952185525373,0.7751937984496124,0.9174311926605505,0.8833952185525373,0.8583958288884148,0.8403361344537815,0.7999999999999999,1.093733916152899
3617,0.965,0.8713004581677632,0.751937984496124,0.9065420560747663,0.8713004581677634,0.8425733536187785,0.8220338983050847,0.7784911717495986,1.208863837133793
3618,0.9691666666666666,0.8872711875447854,0.7829457364341085,0.9181818181818182,0.8872711875447854,0.86223044397463,0.8451882845188284,0.8067092651757188,1.0649516024904733
3619,0.9666666666666667,0.8756432805680412,0.7596899224806202,0.9158878504672897,0.8756432805680412,0.8507055531406216,0.8305084745762713,0.7865168539325843,1.1512985434777498
3620,0.9658333333333333,0.8717673115757931,0.751937984496124,0.9150943396226415,0.8717673115757931,0.8468494953927161,0.8255319148936171,0.7797427652733119,1.1800808571401757
3621,0.965,0.8678913425835451,0.7441860465116279,0.9142857142857143,0.8678913425835451,0.8429858803986711,0.8205128205128205,0.7729468599033816,1.2088631708026012
3622,0.9691666666666666,0.8872711875447854,0.7829457364341085,0.9181818181818182,0.8872711875447854,0.86223044397463,0.8451882845188284,0.8067092651757188,1.0649516024904733
3623,0.9683333333333334,0.8833952185525373,0.7751937984496124,0.9174311926605505,0.8833952185525373,0.8583958288884148,0.8403361344537815,0.7999999999999999,1.093733916152899
3624,0.9666666666666667,0.8790523961522594,0.7674418604651163,0.908256880733945,0.8790523961522594,0.8503493705995308,0.8319327731092436,0.7919999999999999,1.1512992098089418
3625,0.9683333333333334,0.8833952185525373,0.7751937984496124,0.9174311926605505,0.8833952185525373,0.8583958288884148,0.8403361344537815,0.7999999999999999,1.093733916152899
3626,0.9658333333333333,0.8717673115757931,0.751937984496124,0.9150943396226415,0.8717673115757931,0.8468494953927161,0.8255319148936171,0.7797427652733119,1.1800808571401757
3627,0.9683333333333334,0.8833952185525373,0.7751937984496124,0.9174311926605505,0.8833952185525373,0.8583958288884148,0.8403361344537815,0.7999999999999999,1.093733916152899
3628,0.9691666666666666,0.8872711875447854,0.7829457364341085,0.9181818181818182,0.8872711875447854,0.86223044397463,0.8451882845188284,0.8067092651757188,1.0649516024904733
3629,0.9658333333333333,0.8751764271600113,0.7596899224806202,0.9074074074074074,0.8751764271600113,0.8464653316106805,0.8270042194092827,0.7852564102564104,1.1800815234713677
3630,0.9675,0.8795192495602893,0.7674418604651163,0.9166666666666666,0.8795192495602894,0.8545542635658914,0.8354430379746837,0.7932692307692308,1.1225162298153244
3631,0.9675,0.8795192495602893,0.7674418604651163,0.9166666666666666,0.8795192495602894,0.8545542635658914,0.8354430379746837,0.7932692307692308,1.1225162298153244
3632,0.9666666666666667,0.8756432805680412,0.7596899224806202,0.9158878504672897,0.8756432805680412,0.8507055531406216,0.8305084745762713,0.7865168539325843,1.1512985434777498
3633,0.9691666666666666,0.8872711875447854,0.7829457364341085,0.9181818181818182,0.8872711875447854,0.86223044397463,0.8451882845188284,0.8067092651757188,1.0649516024904733
3634,0.9683333333333334,0.8833952185525373,0.7751937984496124,0.9174311926605505,0.8833952185525373,0.8583958288884148,0.8403361344537815,0.7999999999999999,1.093733916152899
3635,0.9666666666666667,0.8756432805680412,0.7596899224806202,0.9158878504672897,0.8756432805680412,0.8507055531406216,0.8305084745762713,0.7865168539325843,1.15129854347775
3636,0.9708333333333333,0.8950231255292815,0.7984496124031008,0.9196428571428571,0.8950231255292815,0.8698795681063124,0.8547717842323651,0.8200636942675159,1.0073869751656221
3637,0.97,0.8911471565370335,0.7906976744186046,0.918918918918919,0.8911471565370335,0.8660582966687618,0.85,0.8133971291866028,1.0361692888280478
3638,0.9675,0.8795192495602893,0.7674418604651163,0.9166666666666666,0.8795192495602894,0.8545542635658914,0.8354430379746837,0.7932692307692308,1.1225162298153244
3639,0.9691666666666666,0.8872711875447854,0.7829457364341085,0.9181818181818182,0.8872711875447854,0.86223044397463,0.8451882845188284,0.8067092651757188,1.0649516024904733
3640,0.9691666666666666,0.8872711875447854,0.7829457364341085,0.9181818181818182,0.8872711875447854,0.86223044397463,0.8451882845188284,0.8067092651757188,1.0649516024904733
3641,0.9658333333333333,0.8717673115757931,0.751937984496124,0.9150943396226415,0.8717673115757931,0.8468494953927161,0.8255319148936171,0.7797427652733119,1.1800808571401757
3642,0.9675,0.8795192495602893,0.7674418604651163,0.9166666666666666,0.8795192495602894,0.8545542635658914,0.8354430379746837,0.7932692307692308,1.1225162298153246
3643,0.9658333333333333,0.8717673115757931,0.751937984496124,0.9150943396226415,0.8717673115757931,0.8468494953927161,0.8255319148936171,0.7797427652733119,1.1800808571401755
3644,0.965,0.8644822269993269,0.7364341085271318,0.9223300970873787,0.8644822269993269,0.8435487694739219,0.8189655172413793,0.767366720516963,1.2088625044714092
3645,0.9641666666666666,0.864015373591297,0.7364341085271318,0.9134615384615384,0.864015373591297,0.8391144901610017,0.815450643776824,0.7661290322580645,1.2376454844650269
3646,0.9641666666666666,0.8708336047597334,0.751937984496124,0.8981481481481481,0.8708336047597334,0.8383763996554694,0.8185654008438819,0.7772435897435896,1.2376468171274106
3647,0.9658333333333333,0.8751764271600113,0.7596899224806202,0.9074074074074074,0.8751764271600113,0.8464653316106805,0.8270042194092827,0.7852564102564104,1.1800815234713675
3648,0.9683333333333334,0.8833952185525373,0.7751937984496124,0.9174311926605505,0.8833952185525373,0.8583958288884148,0.8403361344537815,0.7999999999999999,1.093733916152899
3649,0.9666666666666667,0.8790523961522594,0.7674418604651163,0.908256880733945,0.8790523961522594,0.8503493705995308,0.8319327731092436,0.7919999999999999,1.1512992098089418
3650,0.9683333333333334,0.8833952185525373,0.7751937984496124,0.9174311926605505,0.8833952185525373,0.8583958288884148,0.8403361344537815,0.7999999999999999,1.093733916152899
3651,0.9675,0.8795192495602893,0.7674418604651163,0.9166666666666666,0.8795192495602894,0.8545542635658914,0.8354430379746837,0.7932692307692308,1.1225162298153244
3652,0.9675,0.8795192495602893,0.7674418604651163,0.9166666666666666,0.8795192495602894,0.8545542635658914,0.8354430379746837,0.7932692307692308,1.1225162298153246
3653,0.9666666666666667,0.8756432805680412,0.7596899224806202,0.9158878504672897,0.8756432805680412,0.8507055531406216,0.8305084745762713,0.7865168539325843,1.1512985434777498
3654,0.9675,0.8829283651445075,0.7751937984496124,0.9090909090909091,0.8829283651445075,0.8542256871035941,0.8368200836820083,0.7987220447284344,1.1225168961465164
3655,0.9666666666666667,0.8756432805680412,0.7596899224806202,0.9158878504672897,0.8756432805680412,0.8507055531406216,0.8305084745762713,0.7865168539325843,1.15129854347775
3656,0.9666666666666667,0.8756432805680412,0.7596899224806202,0.9158878504672897,0.8756432805680412,0.8507055531406216,0.8305084745762713,0.7865168539325843,1.1512985434777498
3657,0.9691666666666666,0.8872711875447854,0.7829457364341085,0.9181818181818182,0.8872711875447854,0.86223044397463,0.8451882845188284,0.8067092651757188,1.0649516024904733
3658,0.9708333333333333,0.8950231255292815,0.7984496124031008,0.9196428571428571,0.8950231255292815,0.8698795681063124,0.8547717842323651,0.8200636942675159,1.0073869751656221
3659,0.9675,0.8795192495602893,0.7674418604651163,0.9166666666666666,0.8795192495602894,0.8545542635658914,0.8354430379746837,0.7932692307692308,1.1225162298153244
3660,0.9675,0.8829283651445075,0.7751937984496124,0.9090909090909091,0.8829283651445075,0.8542256871035941,0.8368200836820083,0.7987220447284344,1.1225168961465162
3661,0.9658333333333333,0.8717673115757931,0.751937984496124,0.9150943396226415,0.8717673115757931,0.8468494953927161,0.8255319148936171,0.7797427652733119,1.1800808571401757
3662,0.9683333333333334,0.8833952185525373,0.7751937984496124,0.9174311926605505,0.8833952185525373,0.8583958288884148,0.8403361344537815,0.7999999999999999,1.093733916152899
3663,0.965,0.8713004581677632,0.751937984496124,0.9065420560747663,0.8713004581677634,0.8425733536187785,0.8220338983050847,0.7784911717495986,1.208863837133793
3664,0.9675,0.8829283651445075,0.7751937984496124,0.9090909090909091,0.8829283651445075,0.8542256871035941,0.8368200836820083,0.7987220447284344,1.1225168961465166
3665,0.9675,0.8795192495602893,0.7674418604651163,0.9166666666666666,0.8795192495602894,0.8545542635658914,0.8354430379746837,0.7932692307692308,1.1225162298153244
3666,0.9691666666666666,0.8872711875447854,0.7829457364341085,0.9181818181818182,0.8872711875447854,0.86223044397463,0.8451882845188284,0.8067092651757188,1.0649516024904733
3667,0.9666666666666667,0.8756432805680412,0.7596899224806202,0.9158878504672897,0.8756432805680412,0.8507055531406216,0.8305084745762713,0.7865168539325843,1.1512985434777498
3668,0.9675,0.8829283651445075,0.7751937984496124,0.9090909090909091,0.8829283651445075,0.8542256871035941,0.8368200836820083,0.7987220447284344,1.1225168961465164
3669,0.9666666666666667,0.8756432805680412,0.7596899224806202,0.9158878504672897,0.8756432805680412,0.8507055531406216,0.8305084745762713,0.7865168539325843,1.15129854347775
3670,0.9675,0.8795192495602893,0.7674418604651163,0.9166666666666666,0.8795192495602894,0.8545542635658914,0.8354430379746837,0.7932692307692308,1.1225162298153244
3671,0.9683333333333334,0.8833952185525373,0.7751937984496124,0.9174311926605505,0.8833952185525373,0.8583958288884148,0.8403361344537815,0.7999999999999999,1.093733916152899
3672,0.9691666666666666,0.8872711875447854,0.7829457364341085,0.9181818181818182,0.8872711875447854,0.86223044397463,0.8451882845188284,0.8067092651757188,1.0649516024904733
3673,0.9666666666666667,0.8756432805680412,0.7596899224806202,0.9158878504672897,0.8756432805680412,0.8507055531406216,0.8305084745762713,0.7865168539325843,1.15129854347775
3674,0.9658333333333333,0.8717673115757931,0.751937984496124,0.9150943396226415,0.8717673115757931,0.8468494953927161,0.8255319148936171,0.7797427652733119,1.1800808571401757
3675,0.9658333333333333,0.8717673115757931,0.751937984496124,0.9150943396226415,0.8717673115757931,0.8468494953927161,0.8255319148936171,0.7797427652733119,1.1800808571401757
3676,0.9675,0.8795192495602893,0.7674418604651163,0.9166666666666666,0.8795192495602894,0.8545542635658914,0.8354430379746837,0.7932692307692308,1.1225162298153244
3677,0.965,0.8713004581677632,0.751937984496124,0.9065420560747663,0.8713004581677634,0.8425733536187785,0.8220338983050847,0.7784911717495986,1.208863837133793
3678,0.9675,0.8795192495602893,0.7674418604651163,0.9166666666666666,0.8795192495602894,0.8545542635658914,0.8354430379746837,0.7932692307692308,1.1225162298153244
3679,0.9691666666666666,0.8838620719605672,0.7751937984496124,0.9259259259259259,0.8838620719605672,0.8626431955211026,0.8438818565400844,0.8012820512820513,1.0649509361592815
3680,0.9683333333333334,0.8868043341367555,0.7829457364341085,0.9099099099099099,0.8868043341367555,0.8580944898386759,0.8416666666666666,0.8054226475279107,1.0937345824840907
3681,0.9675,0.8761101339760711,0.7596899224806202,0.9245283018867925,0.8761101339760711,0.855025778850373,0.8340425531914893,0.7877813504823152,1.1225155634841326
3682,0.9658333333333333,0.8717673115757931,0.751937984496124,0.9150943396226415,0.8717673115757931,0.8468494953927161,0.8255319148936171,0.7797427652733119,1.1800808571401755
3683,0.965,0.8678913425835451,0.7441860465116279,0.9142857142857143,0.8678913425835451,0.8429858803986711,0.8205128205128205,0.7729468599033816,1.2088631708026012
3684,0.9641666666666666,0.8742427203439516,0.7596899224806202,0.8909090909090909,0.8742427203439516,0.8382161733615221,0.8200836820083682,0.7827476038338658,1.2376474834586022
3685,0.9658333333333333,0.8717673115757931,0.751937984496124,0.9150943396226415,0.8717673115757931,0.8468494953927161,0.8255319148936171,0.7797427652733119,1.1800808571401755
3686,0.9675,0.8795192495602893,0.7674418604651163,0.9166666666666666,0.8795192495602894,0.8545542635658914,0.8354430379746837,0.7932692307692308,1.1225162298153244
3687,0.9666666666666667,0.872234164983823,0.751937984496124,0.9238095238095239,0.872234164983823,0.8512070874861573,0.8290598290598291,0.7809983896940418,1.151297877146558
3688,0.9708333333333333,0.8950231255292815,0.7984496124031008,0.9196428571428571,0.8950231255292815,0.8698795681063124,0.8547717842323651,0.8200636942675159,1.0073869751656221
3689,0.9666666666666667,0.8756432805680412,0.7596899224806202,0.9158878504672897,0.8756432805680412,0.8507055531406216,0.8305084745762713,0.7865168539325843,1.1512985434777498
3690,0.9666666666666667,0.8790523961522594,0.7674418604651163,0.908256880733945,0.8790523961522594,0.8503493705995308,0.8319327731092436,0.7919999999999999,1.1512992098089418
3691,0.9666666666666667,0.8756432805680412,0.7596899224806202,0.9158878504672897,0.8756432805680412,0.8507055531406216,0.8305084745762713,0.7865168539325843,1.15129854347775
3692,0.9675,0.8795192495602893,0.7674418604651163,0.9166666666666666,0.8795192495602894,0.8545542635658914,0.8354430379746837,0.7932692307692308,1.1225162298153244
3693,0.9666666666666667,0.872234164983823,0.751937984496124,0.9238095238095239,0.872234164983823,0.8512070874861573,0.8290598290598291,0.7809983896940418,1.151297877146558
3694,0.965,0.8713004581677632,0.751937984496124,0.9065420560747663,0.8713004581677634,0.8425733536187785,0.8220338983050847,0.7784911717495986,1.208863837133793
3695,0.9683333333333334,0.8833952185525373,0.7751937984496124,0.9174311926605505,0.8833952185525373,0.8583958288884148,0.8403361344537815,0.7999999999999999,1.093733916152899
3696,0.9658333333333333,0.8717673115757931,0.751937984496124,0.9150943396226415,0.8717673115757931,0.8468494953927161,0.8255319148936171,0.7797427652733119,1.1800808571401755
3697,0.9666666666666667,0.8790523961522594,0.7674418604651163,0.908256880733945,0.8790523961522594,0.8503493705995308,0.8319327731092436,0.7919999999999999,1.1512992098089418
3698,0.9666666666666667,0.8756432805680412,0.7596899224806202,0.9158878504672897,0.8756432805680412,0.8507055531406216,0.8305084745762713,0.7865168539325843,1.15129854347775
3699,0.9666666666666667,0.8756432805680412,0.7596899224806202,0.9158878504672897,0.8756432805680412,0.8507055531406216,0.8305084745762713,0.7865168539325843,1.1512985434777498
3700,0.9691666666666666,0.8838620719605672,0.7751937984496124,0.9259259259259259,0.8838620719605672,0.8626431955211026,0.8438818565400844,0.8012820512820513,1.0649509361592815
3701,0.9683333333333334,0.8833952185525373,0.7751937984496124,0.9174311926605505,0.8833952185525373,0.8583958288884148,0.8403361344537815,0.7999999999999999,1.093733916152899
3702,0.9683333333333334,0.8833952185525373,0.7751937984496124,0.9174311926605505,0.8833952185525373,0.8583958288884148,0.8403361344537815,0.7999999999999999,1.093733916152899
3703,0.97,0.8877380409528153,0.7829457364341085,0.926605504587156,0.8877380409528153,0.8664422871772988,0.8487394957983192,0.808,1.036168622496856
3704,0.9691666666666666,0.8872711875447854,0.7829457364341085,0.9181818181818182,0.8872711875447854,0.86223044397463,0.8451882845188284,0.8067092651757188,1.0649516024904733
3705,0.9683333333333334,0.8833952185525373,0.7751937984496124,0.9174311926605505,0.8833952185525373,0.8583958288884148,0.8403361344537815,0.7999999999999999,1.093733916152899
3706,0.9666666666666667,0.8756432805680412,0.7596899224806202,0.9158878504672897,0.8756432805680412,0.8507055531406216,0.8305084745762713,0.7865168539325843,1.1512985434777498
3707,0.9666666666666667,0.8756432805680412,0.7596899224806202,0.9158878504672897,0.8756432805680412,0.8507055531406216,0.8305084745762713,0.7865168539325843,1.1512985434777498
3708,0.9641666666666666,0.864015373591297,0.7364341085271318,0.9134615384615384,0.864015373591297,0.8391144901610017,0.815450643776824,0.7661290322580645,1.2376454844650269
3709,0.9658333333333333,0.8717673115757931,0.751937984496124,0.9150943396226415,0.8717673115757931,0.8468494953927161,0.8255319148936171,0.7797427652733119,1.1800808571401757
3710,0.9641666666666666,0.864015373591297,0.7364341085271318,0.9134615384615384,0.864015373591297,0.8391144901610017,0.815450643776824,0.7661290322580645,1.2376454844650269
3711,0.9666666666666667,0.8756432805680412,0.7596899224806202,0.9158878504672897,0.8756432805680412,0.8507055531406216,0.8305084745762713,0.7865168539325843,1.15129854347775
3712,0.9683333333333334,0.8833952185525373,0.7751937984496124,0.9174311926605505,0.8833952185525373,0.8583958288884148,0.8403361344537815,0.7999999999999999,1.093733916152899
3713,0.9683333333333334,0.8833952185525373,0.7751937984496124,0.9174311926605505,0.8833952185525373,0.8583958288884148,0.8403361344537815,0.7999999999999999,1.093733916152899
3714,0.9666666666666667,0.8756432805680412,0.7596899224806202,0.9158878504672897,0.8756432805680412,0.8507055531406216,0.8305084745762713,0.7865168539325843,1.1512985434777498
3715,0.965,0.8678913425835451,0.7441860465116279,0.9142857142857143,0.8678913425835451,0.8429858803986711,0.8205128205128205,0.7729468599033816,1.2088631708026012
3716,0.9658333333333333,0.8717673115757931,0.751937984496124,0.9150943396226415,0.8717673115757931,0.8468494953927161,0.8255319148936171,0.7797427652733119,1.1800808571401757
3717,0.9675,0.8795192495602893,0.7674418604651163,0.9166666666666666,0.8795192495602894,0.8545542635658914,0.8354430379746837,0.7932692307692308,1.1225162298153244
3718,0.9666666666666667,0.8756432805680412,0.7596899224806202,0.9158878504672897,0.8756432805680412,0.8507055531406216,0.8305084745762713,0.7865168539325843,1.15129854347775
3719,0.9675,0.8795192495602893,0.7674418604651163,0.9166666666666666,0.8795192495602894,0.8545542635658914,0.8354430379746837,0.7932692307692308,1.1225162298153244
3720,0.9683333333333334,0.8833952185525373,0.7751937984496124,0.9174311926605505,0.8833952185525373,0.8583958288884148,0.8403361344537815,0.7999999999999999,1.093733916152899
3721,0.9691666666666666,0.8872711875447854,0.7829457364341085,0.9181818181818182,0.8872711875447854,0.86223044397463,0.8451882845188284,0.8067092651757188,1.0649516024904733
3722,0.9691666666666666,0.8872711875447854,0.7829457364341085,0.9181818181818182,0.8872711875447854,0.86223044397463,0.8451882845188284,0.8067092651757188,1.0649516024904733
3723,0.9691666666666666,0.8872711875447854,0.7829457364341085,0.9181818181818182,0.8872711875447854,0.86223044397463,0.8451882845188284,0.8067092651757188,1.0649516024904733
3724,0.9675,0.8795192495602893,0.7674418604651163,0.9166666666666666,0.8795192495602894,0.8545542635658914,0.8354430379746837,0.7932692307692308,1.1225162298153244
3725,0.9641666666666666,0.8674244891755152,0.7441860465116279,0.9056603773584906,0.8674244891755152,0.8386732119350592,0.8170212765957447,0.7717041800643085,1.2376461507962186
3726,0.9666666666666667,0.8756432805680412,0.7596899224806202,0.9158878504672897,0.8756432805680412,0.8507055531406216,0.8305084745762713,0.7865168539325843,1.1512985434777498
3727,0.9666666666666667,0.8756432805680412,0.7596899224806202,0.9158878504672897,0.8756432805680412,0.8507055531406216,0.8305084745762713,0.7865168539325843,1.1512985434777498
3728,0.9683333333333334,0.8833952185525373,0.7751937984496124,0.9174311926605505,0.8833952185525373,0.8583958288884148,0.8403361344537815,0.7999999999999999,1.093733916152899
3729,0.9675,0.8795192495602893,0.7674418604651163,0.9166666666666666,0.8795192495602894,0.8545542635658914,0.8354430379746837,0.7932692307692308,1.1225162298153244
3730,0.97,0.8911471565370335,0.7906976744186046,0.918918918918919,0.8911471565370335,0.8660582966687618,0.85,0.8133971291866028,1.0361692888280478
3731,0.9658333333333333,0.8751764271600113,0.7596899224806202,0.9074074074074074,0.8751764271600113,0.8464653316106805,0.8270042194092827,0.7852564102564104,1.1800815234713675
3732,0.9658333333333333,0.8751764271600113,0.7596899224806202,0.9074074074074074,0.8751764271600113,0.8464653316106805,0.8270042194092827,0.7852564102564104,1.1800815234713677
3733,0.9691666666666666,0.8872711875447854,0.7829457364341085,0.9181818181818182,0.8872711875447854,0.86223044397463,0.8451882845188284,0.8067092651757188,1.0649516024904733
3734,0.97,0.8877380409528153,0.7829457364341085,0.926605504587156,0.8877380409528153,0.8664422871772988,0.8487394957983192,0.808,1.036168622496856
3735,0.9683333333333334,0.8833952185525373,0.7751937984496124,0.9174311926605505,0.8833952185525373,0.8583958288884148,0.8403361344537815,0.7999999999999999,1.093733916152899
3736,0.9683333333333334,0.8833952185525373,0.7751937984496124,0.9174311926605505,0.8833952185525373,0.8583958288884148,0.8403361344537815,0.7999999999999999,1.093733916152899
3737,0.9683333333333334,0.8833952185525373,0.7751937984496124,0.9174311926605505,0.8833952185525373,0.8583958288884148,0.8403361344537815,0.7999999999999999,1.093733916152899
3738,0.9683333333333334,0.8868043341367555,0.7829457364341085,0.9099099099099099,0.8868043341367555,0.8580944898386759,0.8416666666666666,0.8054226475279107,1.0937345824840907
3739,0.9716666666666667,0.8954899789373114,0.7984496124031008,0.9279279279279279,0.8954899789373114,0.8740221034988476,0.8583333333333333,0.8213716108452951,0.9786039951720049
3740,0.965,0.8678913425835451,0.7441860465116279,0.9142857142857143,0.8678913425835451,0.8429858803986711,0.8205128205128205,0.7729468599033816,1.2088631708026012
3741,0.9658333333333333,0.8717673115757931,0.751937984496124,0.9150943396226415,0.8717673115757931,0.8468494953927161,0.8255319148936171,0.7797427652733119,1.1800808571401757
3742,0.97,0.8911471565370335,0.7906976744186046,0.918918918918919,0.8911471565370335,0.8660582966687618,0.85,0.8133971291866028,1.0361692888280478
3743,0.9666666666666667,0.872234164983823,0.751937984496124,0.9238095238095239,0.872234164983823,0.8512070874861573,0.8290598290598291,0.7809983896940418,1.151297877146558
3744,0.9675,0.8795192495602893,0.7674418604651163,0.9166666666666666,0.8795192495602894,0.8545542635658914,0.8354430379746837,0.7932692307692308,1.1225162298153246
3745,0.9691666666666666,0.8872711875447854,0.7829457364341085,0.9181818181818182,0.8872711875447854,0.86223044397463,0.8451882845188284,0.8067092651757188,1.0649516024904733
3746,0.965,0.8713004581677632,0.751937984496124,0.9065420560747663,0.8713004581677634,0.8425733536187785,0.8220338983050847,0.7784911717495986,1.2088638371337932
3747,0.9683333333333334,0.8833952185525373,0.7751937984496124,0.9174311926605505,0.8833952185525373,0.8583958288884148,0.8403361344537815,0.7999999999999999,1.093733916152899
3748,0.9666666666666667,0.8756432805680412,0.7596899224806202,0.9158878504672897,0.8756432805680412,0.8507055531406216,0.8305084745762713,0.7865168539325843,1.15129854347775
3749,0.965,0.8678913425835451,0.7441860465116279,0.9142857142857143,0.8678913425835451,0.8429858803986711,0.8205128205128205,0.7729468599033816,1.2088631708026014
3750,0.97,0.8877380409528153,0.7829457364341085,0.926605504587156,0.8877380409528153,0.8664422871772988,0.8487394957983192,0.808,1.036168622496856
3751,0.9708333333333333,0.8950231255292815,0.7984496124031008,0.9196428571428571,0.8950231255292815,0.8698795681063124,0.8547717842323651,0.8200636942675159,1.0073869751656221
3752,0.9658333333333333,0.8717673115757931,0.751937984496124,0.9150943396226415,0.8717673115757931,0.8468494953927161,0.8255319148936171,0.7797427652733119,1.1800808571401755
3753,0.9691666666666666,0.8838620719605672,0.7751937984496124,0.9259259259259259,0.8838620719605672,0.8626431955211026,0.8438818565400844,0.8012820512820513,1.0649509361592815
3754,0.9658333333333333,0.8717673115757931,0.751937984496124,0.9150943396226415,0.8717673115757931,0.8468494953927161,0.8255319148936171,0.7797427652733119,1.1800808571401757
3755,0.9666666666666667,0.8756432805680412,0.7596899224806202,0.9158878504672897,0.8756432805680412,0.8507055531406216,0.8305084745762713,0.7865168539325843,1.1512985434777498
3756,0.9666666666666667,0.8756432805680412,0.7596899224806202,0.9158878504672897,0.8756432805680412,0.8507055531406216,0.8305084745762713,0.7865168539325843,1.1512985434777498
3757,0.9691666666666666,0.8872711875447854,0.7829457364341085,0.9181818181818182,0.8872711875447854,0.86223044397463,0.8451882845188284,0.8067092651757188,1.0649516024904733
3758,0.9675,0.8761101339760711,0.7596899224806202,0.9245283018867925,0.8761101339760711,0.855025778850373,0.8340425531914893,0.7877813504823152,1.1225155634841326
3759,0.9691666666666666,0.8872711875447854,0.7829457364341085,0.9181818181818182,0.8872711875447854,0.86223044397463,0.8451882845188284,0.8067092651757188,1.0649516024904733
3760,0.9691666666666666,0.8872711875447854,0.7829457364341085,0.9181818181818182,0.8872711875447854,0.86223044397463,0.8451882845188284,0.8067092651757188,1.0649516024904733
3761,0.9666666666666667,0.8756432805680412,0.7596899224806202,0.9158878504672897,0.8756432805680412,0.8507055531406216,0.8305084745762713,0.7865168539325843,1.1512985434777498
3762,0.9675,0.8829283651445075,0.7751937984496124,0.9090909090909091,0.8829283651445075,0.8542256871035941,0.8368200836820083,0.7987220447284344,1.1225168961465164
3763,0.9658333333333333,0.8751764271600113,0.7596899224806202,0.9074074074074074,0.8751764271600113,0.8464653316106805,0.8270042194092827,0.7852564102564104,1.1800815234713675
3764,0.9675,0.8795192495602893,0.7674418604651163,0.9166666666666666,0.8795192495602894,0.8545542635658914,0.8354430379746837,0.7932692307692308,1.1225162298153246
3765,0.9658333333333333,0.8717673115757931,0.751937984496124,0.9150943396226415,0.8717673115757931,0.8468494953927161,0.8255319148936171,0.7797427652733119,1.1800808571401757
3766,0.97,0.8911471565370335,0.7906976744186046,0.918918918918919,0.8911471565370335,0.8660582966687618,0.85,0.8133971291866028,1.0361692888280478
3767,0.9666666666666667,0.8756432805680412,0.7596899224806202,0.9158878504672897,0.8756432805680412,0.8507055531406216,0.8305084745762713,0.7865168539325843,1.1512985434777498
3768,0.965,0.8713004581677632,0.751937984496124,0.9065420560747663,0.8713004581677634,0.8425733536187785,0.8220338983050847,0.7784911717495986,1.208863837133793
3769,0.9666666666666667,0.8756432805680412,0.7596899224806202,0.9158878504672897,0.8756432805680412,0.8507055531406216,0.8305084745762713,0.7865168539325843,1.1512985434777498
3770,0.9675,0.8795192495602893,0.7674418604651163,0.9166666666666666,0.8795192495602894,0.8545542635658914,0.8354430379746837,0.7932692307692308,1.1225162298153246
3771,0.965,0.8678913425835451,0.7441860465116279,0.9142857142857143,0.8678913425835451,0.8429858803986711,0.8205128205128205,0.7729468599033816,1.2088631708026014
3772,0.9666666666666667,0.8790523961522594,0.7674418604651163,0.908256880733945,0.8790523961522594,0.8503493705995308,0.8319327731092436,0.7919999999999999,1.1512992098089418
3773,0.9683333333333334,0.8868043341367555,0.7829457364341085,0.9099099099099099,0.8868043341367555,0.8580944898386759,0.8416666666666666,0.8054226475279107,1.0937345824840907
3774,0.97,0.8911471565370335,0.7906976744186046,0.918918918918919,0.8911471565370335,0.8660582966687618,0.85,0.8133971291866028,1.0361692888280478
3775,0.97,0.8911471565370335,0.7906976744186046,0.918918918918919,0.8911471565370335,0.8660582966687618,0.85,0.8133971291866028,1.0361692888280478
3776,0.9658333333333333,0.8717673115757931,0.751937984496124,0.9150943396226415,0.8717673115757931,0.8468494953927161,0.8255319148936171,0.7797427652733119,1.1800808571401757
3777,0.9666666666666667,0.8756432805680412,0.7596899224806202,0.9158878504672897,0.8756432805680412,0.8507055531406216,0.8305084745762713,0.7865168539325843,1.1512985434777498
3778,0.9658333333333333,0.8751764271600113,0.7596899224806202,0.9074074074074074,0.8751764271600113,0.8464653316106805,0.8270042194092827,0.7852564102564104,1.1800815234713673
3779,0.9691666666666666,0.8872711875447854,0.7829457364341085,0.9181818181818182,0.8872711875447854,0.86223044397463,0.8451882845188284,0.8067092651757188,1.0649516024904733
3780,0.9666666666666667,0.8756432805680412,0.7596899224806202,0.9158878504672897,0.8756432805680412,0.8507055531406216,0.8305084745762713,0.7865168539325843,1.1512985434777498
3781,0.9666666666666667,0.8824615117364776,0.7751937984496124,0.9009009009009009,0.8824615117364776,0.8501306830085901,0.8333333333333333,0.7974481658692185,1.1512998761401336
3782,0.9658333333333333,0.8751764271600113,0.7596899224806202,0.9074074074074074,0.8751764271600113,0.8464653316106805,0.8270042194092827,0.7852564102564104,1.1800815234713675
3783,0.9666666666666667,0.8756432805680412,0.7596899224806202,0.9158878504672897,0.8756432805680412,0.8507055531406216,0.8305084745762713,0.7865168539325843,1.1512985434777498
3784,0.9683333333333334,0.8833952185525373,0.7751937984496124,0.9174311926605505,0.8833952185525373,0.8583958288884148,0.8403361344537815,0.7999999999999999,1.093733916152899
3785,0.97,0.8911471565370335,0.7906976744186046,0.918918918918919,0.8911471565370335,0.8660582966687618,0.85,0.8133971291866028,1.0361692888280478
3786,0.9666666666666667,0.8756432805680412,0.7596899224806202,0.9158878504672897,0.8756432805680412,0.8507055531406216,0.8305084745762713,0.7865168539325843,1.15129854347775
3787,0.9658333333333333,0.8751764271600113,0.7596899224806202,0.9074074074074074,0.8751764271600113,0.8464653316106805,0.8270042194092827,0.7852564102564104,1.1800815234713675
3788,0.9683333333333334,0.8833952185525373,0.7751937984496124,0.9174311926605505,0.8833952185525373,0.8583958288884148,0.8403361344537815,0.7999999999999999,1.093733916152899
3789,0.9666666666666667,0.8756432805680412,0.7596899224806202,0.9158878504672897,0.8756432805680412,0.8507055531406216,0.8305084745762713,0.7865168539325843,1.15129854347775
3790,0.97,0.8911471565370335,0.7906976744186046,0.918918918918919,0.8911471565370335,0.8660582966687618,0.85,0.8133971291866028,1.0361692888280478
3791,0.9658333333333333,0.8751764271600113,0.7596899224806202,0.9074074074074074,0.8751764271600113,0.8464653316106805,0.8270042194092827,0.7852564102564104,1.1800815234713675
3792,0.9683333333333334,0.8868043341367555,0.7829457364341085,0.9099099099099099,0.8868043341367555,0.8580944898386759,0.8416666666666666,0.8054226475279107,1.0937345824840907
3793,0.9683333333333334,0.8868043341367555,0.7829457364341085,0.9099099099099099,0.8868043341367555,0.8580944898386759,0.8416666666666666,0.8054226475279107,1.0937345824840907
3794,0.9691666666666666,0.8872711875447854,0.7829457364341085,0.9181818181818182,0.8872711875447854,0.86223044397463,0.8451882845188284,0.8067092651757188,1.0649516024904733
3795,0.9708333333333333,0.8950231255292815,0.7984496124031008,0.9196428571428571,0.8950231255292815,0.8698795681063124,0.8547717842323651,0.8200636942675159,1.0073869751656221
3796,0.9691666666666666,0.8872711875447854,0.7829457364341085,0.9181818181818182,0.8872711875447854,0.86223044397463,0.8451882845188284,0.8067092651757188,1.0649516024904733
3797,0.9691666666666666,0.8872711875447854,0.7829457364341085,0.9181818181818182,0.8872711875447854,0.86223044397463,0.8451882845188284,0.8067092651757188,1.0649516024904733
3798,0.9675,0.8795192495602893,0.7674418604651163,0.9166666666666666,0.8795192495602894,0.8545542635658914,0.8354430379746837,0.7932692307692308,1.1225162298153246
3799,0.965,0.8678913425835451,0.7441860465116279,0.9142857142857143,0.8678913425835451,0.8429858803986711,0.8205128205128205,0.7729468599033816,1.2088631708026012
3800,0.9683333333333334,0.8799861029683191,0.7674418604651163,0.9252336448598131,0.8799861029683191,0.8588377526624646,0.8389830508474577,0.7945425361155699,1.093733249821707
3801,0.9666666666666667,0.8756432805680412,0.7596899224806202,0.9158878504672897,0.8756432805680412,0.8507055531406216,0.8305084745762713,0.7865168539325843,1.1512985434777498
3802,0.9666666666666667,0.8756432805680412,0.7596899224806202,0.9158878504672897,0.8756432805680412,0.8507055531406216,0.8305084745762713,0.7865168539325843,1.15129854347775
3803,0.9666666666666667,0.8756432805680412,0.7596899224806202,0.9158878504672897,0.8756432805680412,0.8507055531406216,0.8305084745762713,0.7865168539325843,1.1512985434777498
3804,0.9675,0.8795192495602893,0.7674418604651163,0.9166666666666666,0.8795192495602894,0.8545542635658914,0.8354430379746837,0.7932692307692308,1.1225162298153246
3805,0.9683333333333334,0.8833952185525373,0.7751937984496124,0.9174311926605505,0.8833952185525373,0.8583958288884148,0.8403361344537815,0.7999999999999999,1.093733916152899
3806,0.9683333333333334,0.8833952185525373,0.7751937984496124,0.9174311926605505,0.8833952185525373,0.8583958288884148,0.8403361344537815,0.7999999999999999,1.093733916152899
3807,0.9675,0.8795192495602893,0.7674418604651163,0.9166666666666666,0.8795192495602894,0.8545542635658914,0.8354430379746837,0.7932692307692308,1.1225162298153244
3808,0.9691666666666666,0.8838620719605672,0.7751937984496124,0.9259259259259259,0.8838620719605672,0.8626431955211026,0.8438818565400844,0.8012820512820513,1.0649509361592815
3809,0.9675,0.8829283651445075,0.7751937984496124,0.9090909090909091,0.8829283651445075,0.8542256871035941,0.8368200836820083,0.7987220447284344,1.1225168961465164
3810,0.9708333333333333,0.8950231255292815,0.7984496124031008,0.9196428571428571,0.8950231255292815,0.8698795681063124,0.8547717842323651,0.8200636942675159,1.0073869751656221
3811,0.97,0.8877380409528153,0.7829457364341085,0.926605504587156,0.8877380409528153,0.8664422871772988,0.8487394957983192,0.808,1.036168622496856
3812,0.9683333333333334,0.8833952185525373,0.7751937984496124,0.9174311926605505,0.8833952185525373,0.8583958288884148,0.8403361344537815,0.7999999999999999,1.093733916152899
3813,0.965,0.8678913425835451,0.7441860465116279,0.9142857142857143,0.8678913425835451,0.8429858803986711,0.8205128205128205,0.7729468599033816,1.2088631708026012
3814,0.9691666666666666,0.8872711875447854,0.7829457364341085,0.9181818181818182,0.8872711875447854,0.86223044397463,0.8451882845188284,0.8067092651757188,1.0649516024904733
3815,0.9683333333333334,0.8868043341367555,0.7829457364341085,0.9099099099099099,0.8868043341367555,0.8580944898386759,0.8416666666666666,0.8054226475279107,1.093734582484091
3816,0.9658333333333333,0.8717673115757931,0.751937984496124,0.9150943396226415,0.8717673115757931,0.8468494953927161,0.8255319148936171,0.7797427652733119,1.1800808571401757
3817,0.9666666666666667,0.8756432805680412,0.7596899224806202,0.9158878504672897,0.8756432805680412,0.8507055531406216,0.8305084745762713,0.7865168539325843,1.15129854347775
3818,0.9683333333333334,0.8833952185525373,0.7751937984496124,0.9174311926605505,0.8833952185525373,0.8583958288884148,0.8403361344537815,0.7999999999999999,1.093733916152899
3819,0.9683333333333334,0.8868043341367555,0.7829457364341085,0.9099099099099099,0.8868043341367555,0.8580944898386759,0.8416666666666666,0.8054226475279107,1.093734582484091
3820,0.9691666666666666,0.8872711875447854,0.7829457364341085,0.9181818181818182,0.8872711875447854,0.86223044397463,0.8451882845188284,0.8067092651757188,1.0649516024904733
3821,0.9675,0.8863374807287256,0.7829457364341085,0.9017857142857143,0.8863374807287256,0.8540323920265781,0.8381742738589212,0.8041401273885349,1.1225175624777082
3822,0.9658333333333333,0.8751764271600113,0.7596899224806202,0.9074074074074074,0.8751764271600113,0.8464653316106805,0.8270042194092827,0.7852564102564104,1.1800815234713675
3823,0.9675,0.8795192495602893,0.7674418604651163,0.9166666666666666,0.8795192495602894,0.8545542635658914,0.8354430379746837,0.7932692307692308,1.1225162298153244
3824,0.9675,0.8795192495602893,0.7674418604651163,0.9166666666666666,0.8795192495602894,0.8545542635658914,0.8354430379746837,0.7932692307692308,1.1225162298153244
3825,0.97,0.8911471565370335,0.7906976744186046,0.918918918918919,0.8911471565370335,0.8660582966687618,0.85,0.8133971291866028,1.0361692888280478
3826,0.9708333333333333,0.8950231255292815,0.7984496124031008,0.9196428571428571,0.8950231255292815,0.8698795681063124,0.8547717842323651,0.8200636942675159,1.0073869751656221
3827,0.97,0.8911471565370335,0.7906976744186046,0.918918918918919,0.8911471565370335,0.8660582966687618,0.85,0.8133971291866028,1.0361692888280478
3828,0.9675,0.8795192495602893,0.7674418604651163,0.9166666666666666,0.8795192495602894,0.8545542635658914,0.8354430379746837,0.7932692307692308,1.1225162298153244
3829,0.9666666666666667,0.8756432805680412,0.7596899224806202,0.9158878504672897,0.8756432805680412,0.8507055531406216,0.8305084745762713,0.7865168539325843,1.1512985434777498
3830,0.9691666666666666,0.8872711875447854,0.7829457364341085,0.9181818181818182,0.8872711875447854,0.86223044397463,0.8451882845188284,0.8067092651757188,1.0649516024904733
3831,0.9666666666666667,0.8756432805680412,0.7596899224806202,0.9158878504672897,0.8756432805680412,0.8507055531406216,0.8305084745762713,0.7865168539325843,1.1512985434777498
3832,0.9658333333333333,0.8717673115757931,0.751937984496124,0.9150943396226415,0.8717673115757931,0.8468494953927161,0.8255319148936171,0.7797427652733119,1.1800808571401757
3833,0.9683333333333334,0.8833952185525373,0.7751937984496124,0.9174311926605505,0.8833952185525373,0.8583958288884148,0.8403361344537815,0.7999999999999999,1.093733916152899
3834,0.9691666666666666,0.8872711875447854,0.7829457364341085,0.9181818181818182,0.8872711875447854,0.86223044397463,0.8451882845188284,0.8067092651757188,1.0649516024904733
3835,0.9666666666666667,0.8790523961522594,0.7674418604651163,0.908256880733945,0.8790523961522594,0.8503493705995308,0.8319327731092436,0.7919999999999999,1.151299209808942
3836,0.9691666666666666,0.8906803031290036,0.7906976744186046,0.9107142857142857,0.8906803031290037,0.8619559800664451,0.846473029045643,0.8121019108280255,1.064952268821665
3837,0.9691666666666666,0.8872711875447854,0.7829457364341085,0.9181818181818182,0.8872711875447854,0.86223044397463,0.8451882845188284,0.8067092651757188,1.0649516024904733
3838,0.9658333333333333,0.8717673115757931,0.751937984496124,0.9150943396226415,0.8717673115757931,0.8468494953927161,0.8255319148936171,0.7797427652733119,1.1800808571401757
3839,0.9683333333333334,0.8799861029683191,0.7674418604651163,0.9252336448598131,0.8799861029683191,0.8588377526624646,0.8389830508474577,0.7945425361155699,1.093733249821707
3840,0.9683333333333334,0.8833952185525373,0.7751937984496124,0.9174311926605505,0.8833952185525373,0.8583958288884148,0.8403361344537815,0.7999999999999999,1.093733916152899
3841,0.9658333333333333,0.8717673115757931,0.751937984496124,0.9150943396226415,0.8717673115757931,0.8468494953927161,0.8255319148936171,0.7797427652733119,1.1800808571401757
3842,0.9675,0.8795192495602893,0.7674418604651163,0.9166666666666666,0.8795192495602894,0.8545542635658914,0.8354430379746837,0.7932692307692308,1.1225162298153244
3843,0.9633333333333334,0.8635485201832671,0.7364341085271318,0.9047619047619048,0.8635485201832671,0.8347646733111849,0.811965811965812,0.7648953301127214,1.2664284644586443
3844,0.9675,0.8829283651445075,0.7751937984496124,0.9090909090909091,0.8829283651445075,0.8542256871035941,0.8368200836820083,0.7987220447284344,1.1225168961465164
3845,0.9683333333333334,0.8833952185525373,0.7751937984496124,0.9174311926605505,0.8833952185525373,0.8583958288884148,0.8403361344537815,0.7999999999999999,1.093733916152899
3846,0.965,0.8678913425835451,0.7441860465116279,0.9142857142857143,0.8678913425835451,0.8429858803986711,0.8205128205128205,0.7729468599033816,1.2088631708026012
3847,0.965,0.8678913425835451,0.7441860465116279,0.9142857142857143,0.8678913425835451,0.8429858803986711,0.8205128205128205,0.7729468599033816,1.2088631708026012
3848,0.9691666666666666,0.8906803031290036,0.7906976744186046,0.9107142857142857,0.8906803031290037,0.8619559800664451,0.846473029045643,0.8121019108280255,1.064952268821665
3849,0.9658333333333333,0.8717673115757931,0.751937984496124,0.9150943396226415,0.8717673115757931,0.8468494953927161,0.8255319148936171,0.7797427652733119,1.1800808571401755
3850,0.9683333333333334,0.8833952185525373,0.7751937984496124,0.9174311926605505,0.8833952185525373,0.8583958288884148,0.8403361344537815,0.7999999999999999,1.093733916152899
3851,0.9691666666666666,0.8838620719605672,0.7751937984496124,0.9259259259259259,0.8838620719605672,0.8626431955211026,0.8438818565400844,0.8012820512820513,1.0649509361592815
3852,0.9675,0.8795192495602893,0.7674418604651163,0.9166666666666666,0.8795192495602894,0.8545542635658914,0.8354430379746837,0.7932692307692308,1.1225162298153244
3853,0.9691666666666666,0.8838620719605672,0.7751937984496124,0.9259259259259259,0.8838620719605672,0.8626431955211026,0.8438818565400844,0.8012820512820513,1.0649509361592817
3854,0.9683333333333334,0.8833952185525373,0.7751937984496124,0.9174311926605505,0.8833952185525373,0.8583958288884148,0.8403361344537815,0.7999999999999999,1.093733916152899
3855,0.9675,0.8795192495602893,0.7674418604651163,0.9166666666666666,0.8795192495602894,0.8545542635658914,0.8354430379746837,0.7932692307692308,1.1225162298153244
3856,0.9666666666666667,0.8756432805680412,0.7596899224806202,0.9158878504672897,0.8756432805680412,0.8507055531406216,0.8305084745762713,0.7865168539325843,1.1512985434777498
3857,0.9708333333333333,0.8950231255292815,0.7984496124031008,0.9196428571428571,0.8950231255292815,0.8698795681063124,0.8547717842323651,0.8200636942675159,1.0073869751656221
3858,0.97,0.8911471565370335,0.7906976744186046,0.918918918918919,0.8911471565370335,0.8660582966687618,0.85,0.8133971291866028,1.0361692888280478
3859,0.9675,0.8795192495602893,0.7674418604651163,0.9166666666666666,0.8795192495602894,0.8545542635658914,0.8354430379746837,0.7932692307692308,1.1225162298153244
3860,0.9675,0.8795192495602893,0.7674418604651163,0.9166666666666666,0.8795192495602894,0.8545542635658914,0.8354430379746837,0.7932692307692308,1.1225162298153246
3861,0.9675,0.8795192495602893,0.7674418604651163,0.9166666666666666,0.8795192495602894,0.8545542635658914,0.8354430379746837,0.7932692307692308,1.1225162298153244
3862,0.9675,0.8829283651445075,0.7751937984496124,0.9090909090909091,0.8829283651445075,0.8542256871035941,0.8368200836820083,0.7987220447284344,1.1225168961465162
3863,0.965,0.8678913425835451,0.7441860465116279,0.9142857142857143,0.8678913425835451,0.8429858803986711,0.8205128205128205,0.7729468599033816,1.208863170802601
3864,0.965,0.8713004581677632,0.751937984496124,0.9065420560747663,0.8713004581677634,0.8425733536187785,0.8220338983050847,0.7784911717495986,1.208863837133793
3865,0.9658333333333333,0.8717673115757931,0.751937984496124,0.9150943396226415,0.8717673115757931,0.8468494953927161,0.8255319148936171,0.7797427652733119,1.1800808571401755
3866,0.9666666666666667,0.8790523961522594,0.7674418604651163,0.908256880733945,0.8790523961522594,0.8503493705995308,0.8319327731092436,0.7919999999999999,1.1512992098089418
3867,0.9675,0.8795192495602893,0.7674418604651163,0.9166666666666666,0.8795192495602894,0.8545542635658914,0.8354430379746837,0.7932692307692308,1.1225162298153244
3868,0.9666666666666667,0.8790523961522594,0.7674418604651163,0.908256880733945,0.8790523961522594,0.8503493705995308,0.8319327731092436,0.7919999999999999,1.1512992098089418
3869,0.9675,0.8795192495602893,0.7674418604651163,0.9166666666666666,0.8795192495602894,0.8545542635658914,0.8354430379746837,0.7932692307692308,1.1225162298153244
3870,0.9683333333333334,0.8833952185525373,0.7751937984496124,0.9174311926605505,0.8833952185525373,0.8583958288884148,0.8403361344537815,0.7999999999999999,1.093733916152899
3871,0.9666666666666667,0.8756432805680412,0.7596899224806202,0.9158878504672897,0.8756432805680412,0.8507055531406216,0.8305084745762713,0.7865168539325843,1.1512985434777498
3872,0.9666666666666667,0.8756432805680412,0.7596899224806202,0.9158878504672897,0.8756432805680412,0.8507055531406216,0.8305084745762713,0.7865168539325843,1.1512985434777498
3873,0.9708333333333333,0.8950231255292815,0.7984496124031008,0.9196428571428571,0.8950231255292815,0.8698795681063124,0.8547717842323651,0.8200636942675159,1.0073869751656221
3874,0.9641666666666666,0.864015373591297,0.7364341085271318,0.9134615384615384,0.864015373591297,0.8391144901610017,0.815450643776824,0.7661290322580645,1.2376454844650269
3875,0.965,0.8713004581677632,0.751937984496124,0.9065420560747663,0.8713004581677634,0.8425733536187785,0.8220338983050847,0.7784911717495986,1.208863837133793
3876,0.9683333333333334,0.8868043341367555,0.7829457364341085,0.9099099099099099,0.8868043341367555,0.8580944898386759,0.8416666666666666,0.8054226475279107,1.093734582484091
3877,0.9675,0.8761101339760711,0.7596899224806202,0.9245283018867925,0.8761101339760711,0.855025778850373,0.8340425531914893,0.7877813504823152,1.1225155634841328
3878,0.9675,0.8829283651445075,0.7751937984496124,0.9090909090909091,0.8829283651445075,0.8542256871035941,0.8368200836820083,0.7987220447284344,1.1225168961465162
3879,0.9658333333333333,0.8751764271600113,0.7596899224806202,0.9074074074074074,0.8751764271600113,0.8464653316106805,0.8270042194092827,0.7852564102564104,1.1800815234713675
3880,0.97,0.8911471565370335,0.7906976744186046,0.918918918918919,0.8911471565370335,0.8660582966687618,0.85,0.8133971291866028,1.0361692888280478
3881,0.9666666666666667,0.8790523961522594,0.7674418604651163,0.908256880733945,0.8790523961522594,0.8503493705995308,0.8319327731092436,0.7919999999999999,1.1512992098089418
3882,0.97,0.8877380409528153,0.7829457364341085,0.926605504587156,0.8877380409528153,0.8664422871772988,0.8487394957983192,0.808,1.036168622496856
3883,0.9683333333333334,0.8833952185525373,0.7751937984496124,0.9174311926605505,0.8833952185525373,0.8583958288884148,0.8403361344537815,0.7999999999999999,1.093733916152899
3884,0.9691666666666666,0.8872711875447854,0.7829457364341085,0.9181818181818182,0.8872711875447854,0.86223044397463,0.8451882845188284,0.8067092651757188,1.0649516024904733
3885,0.9658333333333333,0.8717673115757931,0.751937984496124,0.9150943396226415,0.8717673115757931,0.8468494953927161,0.8255319148936171,0.7797427652733119,1.1800808571401755
3886,0.9683333333333334,0.8799861029683191,0.7674418604651163,0.9252336448598131,0.8799861029683191,0.8588377526624646,0.8389830508474577,0.7945425361155699,1.093733249821707
3887,0.9658333333333333,0.8751764271600113,0.7596899224806202,0.9074074074074074,0.8751764271600113,0.8464653316106805,0.8270042194092827,0.7852564102564104,1.1800815234713675
3888,0.9675,0.8795192495602893,0.7674418604651163,0.9166666666666666,0.8795192495602894,0.8545542635658914,0.8354430379746837,0.7932692307692308,1.1225162298153244
3889,0.9708333333333333,0.8950231255292815,0.7984496124031008,0.9196428571428571,0.8950231255292815,0.8698795681063124,0.8547717842323651,0.8200636942675159,1.0073869751656221
3890,0.9641666666666666,0.8674244891755152,0.7441860465116279,0.9056603773584906,0.8674244891755152,0.8386732119350592,0.8170212765957447,0.7717041800643085,1.2376461507962189
3891,0.9666666666666667,0.8790523961522594,0.7674418604651163,0.908256880733945,0.8790523961522594,0.8503493705995308,0.8319327731092436,0.7919999999999999,1.1512992098089418
3892,0.9675,0.8795192495602893,0.7674418604651163,0.9166666666666666,0.8795192495602894,0.8545542635658914,0.8354430379746837,0.7932692307692308,1.1225162298153244
3893,0.9691666666666666,0.8872711875447854,0.7829457364341085,0.9181818181818182,0.8872711875447854,0.86223044397463,0.8451882845188284,0.8067092651757188,1.0649516024904733
3894,0.9691666666666666,0.8872711875447854,0.7829457364341085,0.9181818181818182,0.8872711875447854,0.86223044397463,0.8451882845188284,0.8067092651757188,1.0649516024904733
3895,0.9658333333333333,0.8683581959915749,0.7441860465116279,0.9230769230769231,0.8683581959915749,0.8473814847942756,0.8240343347639485,0.7741935483870968,1.1800801908089837
3896,0.965,0.8713004581677632,0.751937984496124,0.9065420560747663,0.8713004581677634,0.8425733536187785,0.8220338983050847,0.7784911717495986,1.208863837133793
3897,0.9683333333333334,0.8799861029683191,0.7674418604651163,0.9252336448598131,0.8799861029683191,0.8588377526624646,0.8389830508474577,0.7945425361155699,1.093733249821707
3898,0.9675,0.8795192495602893,0.7674418604651163,0.9166666666666666,0.8795192495602894,0.8545542635658914,0.8354430379746837,0.7932692307692308,1.1225162298153244
3899,0.9675,0.8795192495602893,0.7674418604651163,0.9166666666666666,0.8795192495602894,0.8545542635658914,0.8354430379746837,0.7932692307692308,1.1225162298153246
3900,0.9675,0.8761101339760711,0.7596899224806202,0.9245283018867925,0.8761101339760711,0.855025778850373,0.8340425531914893,0.7877813504823152,1.1225155634841326
3901,0.9675,0.8795192495602893,0.7674418604651163,0.9166666666666666,0.8795192495602894,0.8545542635658914,0.8354430379746837,0.7932692307692308,1.1225162298153244
3902,0.9666666666666667,0.8756432805680412,0.7596899224806202,0.9158878504672897,0.8756432805680412,0.8507055531406216,0.8305084745762713,0.7865168539325843,1.1512985434777498
3903,0.9691666666666666,0.8906803031290036,0.7906976744186046,0.9107142857142857,0.8906803031290037,0.8619559800664451,0.846473029045643,0.8121019108280255,1.0649522688216653
3904,0.9658333333333333,0.8717673115757931,0.751937984496124,0.9150943396226415,0.8717673115757931,0.8468494953927161,0.8255319148936171,0.7797427652733119,1.1800808571401757
3905,0.9683333333333334,0.8833952185525373,0.7751937984496124,0.9174311926605505,0.8833952185525373,0.8583958288884148,0.8403361344537815,0.7999999999999999,1.093733916152899
3906,0.9666666666666667,0.8756432805680412,0.7596899224806202,0.9158878504672897,0.8756432805680412,0.8507055531406216,0.8305084745762713,0.7865168539325843,1.15129854347775
3907,0.9658333333333333,0.8717673115757931,0.751937984496124,0.9150943396226415,0.8717673115757931,0.8468494953927161,0.8255319148936171,0.7797427652733119,1.180080857140176
3908,0.9675,0.8795192495602893,0.7674418604651163,0.9166666666666666,0.8795192495602894,0.8545542635658914,0.8354430379746837,0.7932692307692308,1.1225162298153246
3909,0.9675,0.8795192495602893,0.7674418604651163,0.9166666666666666,0.8795192495602894,0.8545542635658914,0.8354430379746837,0.7932692307692308,1.1225162298153246
3910,0.9658333333333333,0.8751764271600113,0.7596899224806202,0.9074074074074074,0.8751764271600113,0.8464653316106805,0.8270042194092827,0.7852564102564104,1.1800815234713675
3911,0.9675,0.8761101339760711,0.7596899224806202,0.9245283018867925,0.8761101339760711,0.855025778850373,0.8340425531914893,0.7877813504823152,1.1225155634841326
3912,0.9675,0.8795192495602893,0.7674418604651163,0.9166666666666666,0.8795192495602894,0.8545542635658914,0.8354430379746837,0.7932692307692308,1.1225162298153244
3913,0.9683333333333334,0.8833952185525373,0.7751937984496124,0.9174311926605505,0.8833952185525373,0.8583958288884148,0.8403361344537815,0.7999999999999999,1.093733916152899
3914,0.9675,0.8795192495602893,0.7674418604651163,0.9166666666666666,0.8795192495602894,0.8545542635658914,0.8354430379746837,0.7932692307692308,1.1225162298153244
3915,0.9675,0.8795192495602893,0.7674418604651163,0.9166666666666666,0.8795192495602894,0.8545542635658914,0.8354430379746837,0.7932692307692308,1.1225162298153244
3916,0.9708333333333333,0.8916140099450633,0.7906976744186046,0.9272727272727272,0.8916140099450633,0.870235200845666,0.8535564853556484,0.8146964856230033,1.0073863088344304
3917,0.9675,0.8795192495602893,0.7674418604651163,0.9166666666666666,0.8795192495602894,0.8545542635658914,0.8354430379746837,0.7932692307692308,1.1225162298153244
3918,0.9683333333333334,0.8833952185525373,0.7751937984496124,0.9174311926605505,0.8833952185525373,0.8583958288884148,0.8403361344537815,0.7999999999999999,1.093733916152899
3919,0.9675,0.8795192495602893,0.7674418604651163,0.9166666666666666,0.8795192495602894,0.8545542635658914,0.8354430379746837,0.7932692307692308,1.1225162298153246
3920,0.9691666666666666,0.8872711875447854,0.7829457364341085,0.9181818181818182,0.8872711875447854,0.86223044397463,0.8451882845188284,0.8067092651757188,1.0649516024904733
3921,0.9666666666666667,0.8756432805680412,0.7596899224806202,0.9158878504672897,0.8756432805680412,0.8507055531406216,0.8305084745762713,0.7865168539325843,1.1512985434777498
3922,0.9675,0.8795192495602893,0.7674418604651163,0.9166666666666666,0.8795192495602894,0.8545542635658914,0.8354430379746837,0.7932692307692308,1.1225162298153244
3923,0.97,0.8911471565370335,0.7906976744186046,0.918918918918919,0.8911471565370335,0.8660582966687618,0.85,0.8133971291866028,1.0361692888280478
3924,0.9683333333333334,0.8833952185525373,0.7751937984496124,0.9174311926605505,0.8833952185525373,0.8583958288884148,0.8403361344537815,0.7999999999999999,1.093733916152899
3925,0.9691666666666666,0.8872711875447854,0.7829457364341085,0.9181818181818182,0.8872711875447854,0.86223044397463,0.8451882845188284,0.8067092651757188,1.0649516024904733
3926,0.9691666666666666,0.8872711875447854,0.7829457364341085,0.9181818181818182,0.8872711875447854,0.86223044397463,0.8451882845188284,0.8067092651757188,1.0649516024904733
3927,0.9683333333333334,0.8833952185525373,0.7751937984496124,0.9174311926605505,0.8833952185525373,0.8583958288884148,0.8403361344537815,0.7999999999999999,1.093733916152899
3928,0.9675,0.8795192495602893,0.7674418604651163,0.9166666666666666,0.8795192495602894,0.8545542635658914,0.8354430379746837,0.7932692307692308,1.1225162298153246
3929,0.9658333333333333,0.8751764271600113,0.7596899224806202,0.9074074074074074,0.8751764271600113,0.8464653316106805,0.8270042194092827,0.7852564102564104,1.1800815234713675
3930,0.9683333333333334,0.8833952185525373,0.7751937984496124,0.9174311926605505,0.8833952185525373,0.8583958288884148,0.8403361344537815,0.7999999999999999,1.093733916152899
3931,0.9658333333333333,0.8751764271600113,0.7596899224806202,0.9074074074074074,0.8751764271600113,0.8464653316106805,0.8270042194092827,0.7852564102564104,1.1800815234713675
3932,0.9675,0.8829283651445075,0.7751937984496124,0.9090909090909091,0.8829283651445075,0.8542256871035941,0.8368200836820083,0.7987220447284344,1.1225168961465164
3933,0.9691666666666666,0.8872711875447854,0.7829457364341085,0.9181818181818182,0.8872711875447854,0.86223044397463,0.8451882845188284,0.8067092651757188,1.0649516024904733
3934,0.9675,0.8795192495602893,0.7674418604651163,0.9166666666666666,0.8795192495602894,0.8545542635658914,0.8354430379746837,0.7932692307692308,1.1225162298153244
3935,0.9666666666666667,0.8756432805680412,0.7596899224806202,0.9158878504672897,0.8756432805680412,0.8507055531406216,0.8305084745762713,0.7865168539325843,1.1512985434777498
3936,0.9658333333333333,0.8717673115757931,0.751937984496124,0.9150943396226415,0.8717673115757931,0.8468494953927161,0.8255319148936171,0.7797427652733119,1.1800808571401757
3937,0.9666666666666667,0.8756432805680412,0.7596899224806202,0.9158878504672897,0.8756432805680412,0.8507055531406216,0.8305084745762713,0.7865168539325843,1.1512985434777498
3938,0.9683333333333334,0.8833952185525373,0.7751937984496124,0.9174311926605505,0.8833952185525373,0.8583958288884148,0.8403361344537815,0.7999999999999999,1.093733916152899
3939,0.9666666666666667,0.8756432805680412,0.7596899224806202,0.9158878504672897,0.8756432805680412,0.8507055531406216,0.8305084745762713,0.7865168539325843,1.15129854347775
3940,0.9683333333333334,0.8868043341367555,0.7829457364341085,0.9099099099099099,0.8868043341367555,0.8580944898386759,0.8416666666666666,0.8054226475279107,1.093734582484091
3941,0.965,0.8747095737519814,0.7596899224806202,0.8990825688073395,0.8747095737519816,0.8423029123106465,0.823529411764706,0.784,1.208864503464985
3942,0.965,0.8713004581677632,0.751937984496124,0.9065420560747663,0.8713004581677634,0.8425733536187785,0.8220338983050847,0.7784911717495986,1.208863837133793
3943,0.9683333333333334,0.8833952185525373,0.7751937984496124,0.9174311926605505,0.8833952185525373,0.8583958288884148,0.8403361344537815,0.7999999999999999,1.093733916152899
3944,0.9675,0.8795192495602893,0.7674418604651163,0.9166666666666666,0.8795192495602894,0.8545542635658914,0.8354430379746837,0.7932692307692308,1.1225162298153244
3945,0.97,0.8911471565370335,0.7906976744186046,0.918918918918919,0.8911471565370335,0.8660582966687618,0.85,0.8133971291866028,1.0361692888280478
3946,0.9675,0.8795192495602893,0.7674418604651163,0.9166666666666666,0.8795192495602894,0.8545542635658914,0.8354430379746837,0.7932692307692308,1.1225162298153246
3947,0.9666666666666667,0.8756432805680412,0.7596899224806202,0.9158878504672897,0.8756432805680412,0.8507055531406216,0.8305084745762713,0.7865168539325843,1.1512985434777498
3948,0.9683333333333334,0.8868043341367555,0.7829457364341085,0.9099099099099099,0.8868043341367555,0.8580944898386759,0.8416666666666666,0.8054226475279107,1.093734582484091
3949,0.9683333333333334,0.8799861029683191,0.7674418604651163,0.9252336448598131,0.8799861029683191,0.8588377526624646,0.8389830508474577,0.7945425361155699,1.093733249821707
3950,0.9675,0.8795192495602893,0.7674418604651163,0.9166666666666666,0.8795192495602894,0.8545542635658914,0.8354430379746837,0.7932692307692308,1.1225162298153244
3951,0.9675,0.8795192495602893,0.7674418604651163,0.9166666666666666,0.8795192495602894,0.8545542635658914,0.8354430379746837,0.7932692307692308,1.1225162298153244
3952,0.9683333333333334,0.8833952185525373,0.7751937984496124,0.9174311926605505,0.8833952185525373,0.8583958288884148,0.8403361344537815,0.7999999999999999,1.093733916152899
3953,0.9666666666666667,0.8790523961522594,0.7674418604651163,0.908256880733945,0.8790523961522594,0.8503493705995308,0.8319327731092436,0.7919999999999999,1.1512992098089418
3954,0.9691666666666666,0.8872711875447854,0.7829457364341085,0.9181818181818182,0.8872711875447854,0.86223044397463,0.8451882845188284,0.8067092651757188,1.0649516024904733
3955,0.9675,0.8795192495602893,0.7674418604651163,0.9166666666666666,0.8795192495602894,0.8545542635658914,0.8354430379746837,0.7932692307692308,1.1225162298153244
3956,0.9666666666666667,0.8756432805680412,0.7596899224806202,0.9158878504672897,0.8756432805680412,0.8507055531406216,0.8305084745762713,0.7865168539325843,1.15129854347775
3957,0.9666666666666667,0.8790523961522594,0.7674418604651163,0.908256880733945,0.8790523961522594,0.8503493705995308,0.8319327731092436,0.7919999999999999,1.1512992098089418
3958,0.9675,0.8829283651445075,0.7751937984496124,0.9090909090909091,0.8829283651445075,0.8542256871035941,0.8368200836820083,0.7987220447284344,1.1225168961465162
3959,0.9683333333333334,0.8833952185525373,0.7751937984496124,0.9174311926605505,0.8833952185525373,0.8583958288884148,0.8403361344537815,0.7999999999999999,1.093733916152899
3960,0.9658333333333333,0.8717673115757931,0.751937984496124,0.9150943396226415,0.8717673115757931,0.8468494953927161,0.8255319148936171,0.7797427652733119,1.1800808571401755
3961,0.965,0.8678913425835451,0.7441860465116279,0.9142857142857143,0.8678913425835451,0.8429858803986711,0.8205128205128205,0.7729468599033816,1.2088631708026012
3962,0.9666666666666667,0.8756432805680412,0.7596899224806202,0.9158878504672897,0.8756432805680412,0.8507055531406216,0.8305084745762713,0.7865168539325843,1.1512985434777498
3963,0.97,0.8911471565370335,0.7906976744186046,0.918918918918919,0.8911471565370335,0.8660582966687618,0.85,0.8133971291866028,1.0361692888280478
3964,0.9666666666666667,0.8756432805680412,0.7596899224806202,0.9158878504672897,0.8756432805680412,0.8507055531406216,0.8305084745762713,0.7865168539325843,1.1512985434777498
3965,0.9691666666666666,0.8872711875447854,0.7829457364341085,0.9181818181818182,0.8872711875447854,0.86223044397463,0.8451882845188284,0.8067092651757188,1.0649516024904733
3966,0.9666666666666667,0.8756432805680412,0.7596899224806202,0.9158878504672897,0.8756432805680412,0.8507055531406216,0.8305084745762713,0.7865168539325843,1.15129854347775
3967,0.965,0.8747095737519814,0.7596899224806202,0.8990825688073395,0.8747095737519816,0.8423029123106465,0.823529411764706,0.784,1.208864503464985
3968,0.9683333333333334,0.8833952185525373,0.7751937984496124,0.9174311926605505,0.8833952185525373,0.8583958288884148,0.8403361344537815,0.7999999999999999,1.093733916152899
3969,0.97,0.8911471565370335,0.7906976744186046,0.918918918918919,0.8911471565370335,0.8660582966687618,0.85,0.8133971291866028,1.0361692888280478
3970,0.9683333333333334,0.8833952185525373,0.7751937984496124,0.9174311926605505,0.8833952185525373,0.8583958288884148,0.8403361344537815,0.7999999999999999,1.093733916152899
3971,0.9683333333333334,0.8833952185525373,0.7751937984496124,0.9174311926605505,0.8833952185525373,0.8583958288884148,0.8403361344537815,0.7999999999999999,1.093733916152899
3972,0.9675,0.8795192495602893,0.7674418604651163,0.9166666666666666,0.8795192495602894,0.8545542635658914,0.8354430379746837,0.7932692307692308,1.1225162298153244
3973,0.9675,0.8795192495602893,0.7674418604651163,0.9166666666666666,0.8795192495602894,0.8545542635658914,0.8354430379746837,0.7932692307692308,1.1225162298153246
3974,0.9658333333333333,0.8717673115757931,0.751937984496124,0.9150943396226415,0.8717673115757931,0.8468494953927161,0.8255319148936171,0.7797427652733119,1.1800808571401757
3975,0.9675,0.8829283651445075,0.7751937984496124,0.9090909090909091,0.8829283651445075,0.8542256871035941,0.8368200836820083,0.7987220447284344,1.1225168961465164
3976,0.9683333333333334,0.8833952185525373,0.7751937984496124,0.9174311926605505,0.8833952185525373,0.8583958288884148,0.8403361344537815,0.7999999999999999,1.093733916152899
3977,0.9658333333333333,0.8717673115757931,0.751937984496124,0.9150943396226415,0.8717673115757931,0.8468494953927161,0.8255319148936171,0.7797427652733119,1.1800808571401755
3978,0.9675,0.8795192495602893,0.7674418604651163,0.9166666666666666,0.8795192495602894,0.8545542635658914,0.8354430379746837,0.7932692307692308,1.1225162298153244
3979,0.9675,0.8795192495602893,0.7674418604651163,0.9166666666666666,0.8795192495602894,0.8545542635658914,0.8354430379746837,0.7932692307692308,1.1225162298153246
3980,0.9658333333333333,0.8717673115757931,0.751937984496124,0.9150943396226415,0.8717673115757931,0.8468494953927161,0.8255319148936171,0.7797427652733119,1.1800808571401757
3981,0.9666666666666667,0.8790523961522594,0.7674418604651163,0.908256880733945,0.8790523961522594,0.8503493705995308,0.8319327731092436,0.7919999999999999,1.1512992098089418
3982,0.9675,0.8795192495602893,0.7674418604651163,0.9166666666666666,0.8795192495602894,0.8545542635658914,0.8354430379746837,0.7932692307692308,1.1225162298153244
3983,0.9691666666666666,0.8872711875447854,0.7829457364341085,0.9181818181818182,0.8872711875447854,0.86223044397463,0.8451882845188284,0.8067092651757188,1.0649516024904733
3984,0.965,0.8678913425835451,0.7441860465116279,0.9142857142857143,0.8678913425835451,0.8429858803986711,0.8205128205128205,0.7729468599033816,1.2088631708026012
3985,0.9666666666666667,0.872234164983823,0.751937984496124,0.9238095238095239,0.872234164983823,0.8512070874861573,0.8290598290598291,0.7809983896940418,1.1512978771465583
3986,0.9666666666666667,0.8756432805680412,0.7596899224806202,0.9158878504672897,0.8756432805680412,0.8507055531406216,0.8305084745762713,0.7865168539325843,1.1512985434777498
3987,0.9716666666666667,0.8954899789373114,0.7984496124031008,0.9279279279279279,0.8954899789373114,0.8740221034988476,0.8583333333333333,0.8213716108452951,0.9786039951720049
3988,0.9683333333333334,0.8833952185525373,0.7751937984496124,0.9174311926605505,0.8833952185525373,0.8583958288884148,0.8403361344537815,0.7999999999999999,1.093733916152899
3989,0.9666666666666667,0.8756432805680412,0.7596899224806202,0.9158878504672897,0.8756432805680412,0.8507055531406216,0.8305084745762713,0.7865168539325843,1.1512985434777498
3990,0.965,0.8678913425835451,0.7441860465116279,0.9142857142857143,0.8678913425835451,0.8429858803986711,0.8205128205128205,0.7729468599033816,1.2088631708026014
3991,0.965,0.8678913425835451,0.7441860465116279,0.9142857142857143,0.8678913425835451,0.8429858803986711,0.8205128205128205,0.7729468599033816,1.2088631708026012
3992,0.9683333333333334,0.8833952185525373,0.7751937984496124,0.9174311926605505,0.8833952185525373,0.8583958288884148,0.8403361344537815,0.7999999999999999,1.093733916152899
3993,0.9666666666666667,0.8790523961522594,0.7674418604651163,0.908256880733945,0.8790523961522594,0.8503493705995308,0.8319327731092436,0.7919999999999999,1.1512992098089418
3994,0.965,0.8678913425835451,0.7441860465116279,0.9142857142857143,0.8678913425835451,0.8429858803986711,0.8205128205128205,0.7729468599033816,1.2088631708026012
3995,0.9675,0.8795192495602893,0.7674418604651163,0.9166666666666666,0.8795192495602894,0.8545542635658914,0.8354430379746837,0.7932692307692308,1.1225162298153244
3996,0.9691666666666666,0.8838620719605672,0.7751937984496124,0.9259259259259259,0.8838620719605672,0.8626431955211026,0.8438818565400844,0.8012820512820513,1.0649509361592815
3997,0.9658333333333333,0.8717673115757931,0.751937984496124,0.9150943396226415,0.8717673115757931,0.8468494953927161,0.8255319148936171,0.7797427652733119,1.1800808571401757
3998,0.9658333333333333,0.8751764271600113,0.7596899224806202,0.9074074074074074,0.8751764271600113,0.8464653316106805,0.8270042194092827,0.7852564102564104,1.1800815234713675
3999,0.965,0.8713004581677632,0.751937984496124,0.9065420560747663,0.8713004581677634,0.8425733536187785,0.8220338983050847,0.7784911717495986,1.208863837133793
4000,0.9675,0.8829283651445075,0.7751937984496124,0.9090909090909091,0.8829283651445075,0.8542256871035941,0.8368200836820083,0.7987220447284344,1.1225168961465164
4001,0.9658333333333333,0.8717673115757931,0.751937984496124,0.9150943396226415,0.8717673115757931,0.8468494953927161,0.8255319148936171,0.7797427652733119,1.1800808571401757
4002,0.9658333333333333,0.8751764271600113,0.7596899224806202,0.9074074074074074,0.8751764271600113,0.8464653316106805,0.8270042194092827,0.7852564102564104,1.1800815234713675
4003,0.9666666666666667,0.8790523961522594,0.7674418604651163,0.908256880733945,0.8790523961522594,0.8503493705995308,0.8319327731092436,0.7919999999999999,1.1512992098089418
4004,0.9658333333333333,0.8717673115757931,0.751937984496124,0.9150943396226415,0.8717673115757931,0.8468494953927161,0.8255319148936171,0.7797427652733119,1.1800808571401755
4005,0.9675,0.8795192495602893,0.7674418604651163,0.9166666666666666,0.8795192495602894,0.8545542635658914,0.8354430379746837,0.7932692307692308,1.1225162298153244
4006,0.9691666666666666,0.8872711875447854,0.7829457364341085,0.9181818181818182,0.8872711875447854,0.86223044397463,0.8451882845188284,0.8067092651757188,1.0649516024904733
4007,0.9683333333333334,0.8833952185525373,0.7751937984496124,0.9174311926605505,0.8833952185525373,0.8583958288884148,0.8403361344537815,0.7999999999999999,1.093733916152899
4008,0.9691666666666666,0.8838620719605672,0.7751937984496124,0.9259259259259259,0.8838620719605672,0.8626431955211026,0.8438818565400844,0.8012820512820513,1.0649509361592815
4009,0.9683333333333334,0.8799861029683191,0.7674418604651163,0.9252336448598131,0.8799861029683191,0.8588377526624646,0.8389830508474577,0.7945425361155699,1.093733249821707
4010,0.9675,0.8795192495602893,0.7674418604651163,0.9166666666666666,0.8795192495602894,0.8545542635658914,0.8354430379746837,0.7932692307692308,1.1225162298153244
4011,0.9675,0.8795192495602893,0.7674418604651163,0.9166666666666666,0.8795192495602894,0.8545542635658914,0.8354430379746837,0.7932692307692308,1.1225162298153246
4012,0.9666666666666667,0.8756432805680412,0.7596899224806202,0.9158878504672897,0.8756432805680412,0.8507055531406216,0.8305084745762713,0.7865168539325843,1.15129854347775
4013,0.965,0.8678913425835451,0.7441860465116279,0.9142857142857143,0.8678913425835451,0.8429858803986711,0.8205128205128205,0.7729468599033816,1.2088631708026012
4014,0.97,0.8911471565370335,0.7906976744186046,0.918918918918919,0.8911471565370335,0.8660582966687618,0.85,0.8133971291866028,1.0361692888280478
4015,0.9658333333333333,0.8717673115757931,0.751937984496124,0.9150943396226415,0.8717673115757931,0.8468494953927161,0.8255319148936171,0.7797427652733119,1.1800808571401757
4016,0.9683333333333334,0.8833952185525373,0.7751937984496124,0.9174311926605505,0.8833952185525373,0.8583958288884148,0.8403361344537815,0.7999999999999999,1.093733916152899
4017,0.9675,0.8795192495602893,0.7674418604651163,0.9166666666666666,0.8795192495602894,0.8545542635658914,0.8354430379746837,0.7932692307692308,1.1225162298153244
4018,0.965,0.8713004581677632,0.751937984496124,0.9065420560747663,0.8713004581677634,0.8425733536187785,0.8220338983050847,0.7784911717495986,1.208863837133793
4019,0.965,0.8678913425835451,0.7441860465116279,0.9142857142857143,0.8678913425835451,0.8429858803986711,0.8205128205128205,0.7729468599033816,1.2088631708026012
4020,0.9675,0.8829283651445075,0.7751937984496124,0.9090909090909091,0.8829283651445075,0.8542256871035941,0.8368200836820083,0.7987220447284344,1.1225168961465162
4021,0.9666666666666667,0.8790523961522594,0.7674418604651163,0.908256880733945,0.8790523961522594,0.8503493705995308,0.8319327731092436,0.7919999999999999,1.1512992098089418
4022,0.9716666666666667,0.8954899789373114,0.7984496124031008,0.9279279279279279,0.8954899789373114,0.8740221034988476,0.8583333333333333,0.8213716108452951,0.9786039951720049
4023,0.9683333333333334,0.8833952185525373,0.7751937984496124,0.9174311926605505,0.8833952185525373,0.8583958288884148,0.8403361344537815,0.7999999999999999,1.093733916152899
4024,0.9683333333333334,0.8833952185525373,0.7751937984496124,0.9174311926605505,0.8833952185525373,0.8583958288884148,0.8403361344537815,0.7999999999999999,1.093733916152899
4025,0.9683333333333334,0.8833952185525373,0.7751937984496124,0.9174311926605505,0.8833952185525373,0.8583958288884148,0.8403361344537815,0.7999999999999999,1.093733916152899
4026,0.965,0.8644822269993269,0.7364341085271318,0.9223300970873787,0.8644822269993269,0.8435487694739219,0.8189655172413793,0.767366720516963,1.2088625044714094
4027,0.9666666666666667,0.8756432805680412,0.7596899224806202,0.9158878504672897,0.8756432805680412,0.8507055531406216,0.8305084745762713,0.7865168539325843,1.1512985434777498
4028,0.9691666666666666,0.8838620719605672,0.7751937984496124,0.9259259259259259,0.8838620719605672,0.8626431955211026,0.8438818565400844,0.8012820512820513,1.0649509361592815
4029,0.9666666666666667,0.8756432805680412,0.7596899224806202,0.9158878504672897,0.8756432805680412,0.8507055531406216,0.8305084745762713,0.7865168539325843,1.1512985434777498
4030,0.965,0.8713004581677632,0.751937984496124,0.9065420560747663,0.8713004581677634,0.8425733536187785,0.8220338983050847,0.7784911717495986,1.208863837133793
4031,0.9675,0.8795192495602893,0.7674418604651163,0.9166666666666666,0.8795192495602894,0.8545542635658914,0.8354430379746837,0.7932692307692308,1.1225162298153244
4032,0.9675,0.8795192495602893,0.7674418604651163,0.9166666666666666,0.8795192495602894,0.8545542635658914,0.8354430379746837,0.7932692307692308,1.1225162298153244
4033,0.965,0.8678913425835451,0.7441860465116279,0.9142857142857143,0.8678913425835451,0.8429858803986711,0.8205128205128205,0.7729468599033816,1.2088631708026012
4034,0.965,0.8713004581677632,0.751937984496124,0.9065420560747663,0.8713004581677634,0.8425733536187785,0.8220338983050847,0.7784911717495986,1.208863837133793
4035,0.97,0.8877380409528153,0.7829457364341085,0.926605504587156,0.8877380409528153,0.8664422871772988,0.8487394957983192,0.808,1.036168622496856
4036,0.9675,0.8761101339760711,0.7596899224806202,0.9245283018867925,0.8761101339760711,0.855025778850373,0.8340425531914893,0.7877813504823152,1.1225155634841326
4037,0.9691666666666666,0.8872711875447854,0.7829457364341085,0.9181818181818182,0.8872711875447854,0.86223044397463,0.8451882845188284,0.8067092651757188,1.0649516024904733
4038,0.9716666666666667,0.8988990945215296,0.8062015503875969,0.9203539823008849,0.8988990945215296,0.8736944330109077,0.859504132231405,0.8267090620031796,0.9786046615031967
4039,0.9716666666666667,0.8954899789373114,0.7984496124031008,0.9279279279279279,0.8954899789373114,0.8740221034988476,0.8583333333333333,0.8213716108452951,0.9786039951720049
4040,0.9675,0.8795192495602893,0.7674418604651163,0.9166666666666666,0.8795192495602894,0.8545542635658914,0.8354430379746837,0.7932692307692308,1.1225162298153244
4041,0.9658333333333333,0.8751764271600113,0.7596899224806202,0.9074074074074074,0.8751764271600113,0.8464653316106805,0.8270042194092827,0.7852564102564104,1.1800815234713675
4042,0.9666666666666667,0.8790523961522594,0.7674418604651163,0.908256880733945,0.8790523961522594,0.8503493705995308,0.8319327731092436,0.7919999999999999,1.1512992098089418
4043,0.9666666666666667,0.8756432805680412,0.7596899224806202,0.9158878504672897,0.8756432805680412,0.8507055531406216,0.8305084745762713,0.7865168539325843,1.1512985434777498
4044,0.9691666666666666,0.8872711875447854,0.7829457364341085,0.9181818181818182,0.8872711875447854,0.86223044397463,0.8451882845188284,0.8067092651757188,1.0649516024904733
4045,0.9675,0.8795192495602893,0.7674418604651163,0.9166666666666666,0.8795192495602894,0.8545542635658914,0.8354430379746837,0.7932692307692308,1.1225162298153244
4046,0.9691666666666666,0.8872711875447854,0.7829457364341085,0.9181818181818182,0.8872711875447854,0.86223044397463,0.8451882845188284,0.8067092651757188,1.0649516024904733
4047,0.9675,0.8761101339760711,0.7596899224806202,0.9245283018867925,0.8761101339760711,0.855025778850373,0.8340425531914893,0.7877813504823152,1.1225155634841326
4048,0.9691666666666666,0.8872711875447854,0.7829457364341085,0.9181818181818182,0.8872711875447854,0.86223044397463,0.8451882845188284,0.8067092651757188,1.0649516024904733
4049,0.965,0.8678913425835451,0.7441860465116279,0.9142857142857143,0.8678913425835451,0.8429858803986711,0.8205128205128205,0.7729468599033816,1.2088631708026012
4050,0.9691666666666666,0.8838620719605672,0.7751937984496124,0.9259259259259259,0.8838620719605672,0.8626431955211026,0.8438818565400844,0.8012820512820513,1.0649509361592815
4051,0.97,0.8911471565370335,0.7906976744186046,0.918918918918919,0.8911471565370335,0.8660582966687618,0.85,0.8133971291866028,1.0361692888280478
4052,0.9641666666666666,0.864015373591297,0.7364341085271318,0.9134615384615384,0.864015373591297,0.8391144901610017,0.815450643776824,0.7661290322580645,1.2376454844650269
4053,0.9691666666666666,0.8872711875447854,0.7829457364341085,0.9181818181818182,0.8872711875447854,0.86223044397463,0.8451882845188284,0.8067092651757188,1.0649516024904733
4054,0.9658333333333333,0.8717673115757931,0.751937984496124,0.9150943396226415,0.8717673115757931,0.8468494953927161,0.8255319148936171,0.7797427652733119,1.1800808571401755
4055,0.9691666666666666,0.8872711875447854,0.7829457364341085,0.9181818181818182,0.8872711875447854,0.86223044397463,0.8451882845188284,0.8067092651757188,1.0649516024904733
4056,0.9641666666666666,0.8674244891755152,0.7441860465116279,0.9056603773584906,0.8674244891755152,0.8386732119350592,0.8170212765957447,0.7717041800643085,1.2376461507962186
4057,0.97,0.8911471565370335,0.7906976744186046,0.918918918918919,0.8911471565370335,0.8660582966687618,0.85,0.8133971291866028,1.0361692888280478
4058,0.9675,0.8795192495602893,0.7674418604651163,0.9166666666666666,0.8795192495602894,0.8545542635658914,0.8354430379746837,0.7932692307692308,1.1225162298153244
4059,0.9666666666666667,0.8756432805680412,0.7596899224806202,0.9158878504672897,0.8756432805680412,0.8507055531406216,0.8305084745762713,0.7865168539325843,1.15129854347775
4060,0.9675,0.8795192495602893,0.7674418604651163,0.9166666666666666,0.8795192495602894,0.8545542635658914,0.8354430379746837,0.7932692307692308,1.1225162298153244
4061,0.9658333333333333,0.8751764271600113,0.7596899224806202,0.9074074074074074,0.8751764271600113,0.8464653316106805,0.8270042194092827,0.7852564102564104,1.1800815234713673
4062,0.9675,0.8795192495602893,0.7674418604651163,0.9166666666666666,0.8795192495602894,0.8545542635658914,0.8354430379746837,0.7932692307692308,1.1225162298153244
4063,0.97,0.8911471565370335,0.7906976744186046,0.918918918918919,0.8911471565370335,0.8660582966687618,0.85,0.8133971291866028,1.0361692888280478
4064,0.9616666666666667,0.855796582198771,0.7209302325581395,0.9029126213592233,0.855796582198771,0.8269214269586814,0.8017241379310345,0.7512116316639742,1.3239930917834954
4065,0.9666666666666667,0.8756432805680412,0.7596899224806202,0.9158878504672897,0.8756432805680412,0.8507055531406216,0.8305084745762713,0.7865168539325843,1.1512985434777498
4066,0.9683333333333334,0.8799861029683191,0.7674418604651163,0.9252336448598131,0.8799861029683191,0.8588377526624646,0.8389830508474577,0.7945425361155699,1.093733249821707
4067,0.965,0.8678913425835451,0.7441860465116279,0.9142857142857143,0.8678913425835451,0.8429858803986711,0.8205128205128205,0.7729468599033816,1.2088631708026014
4068,0.9666666666666667,0.872234164983823,0.751937984496124,0.9238095238095239,0.872234164983823,0.8512070874861573,0.8290598290598291,0.7809983896940418,1.1512978771465583
4069,0.9666666666666667,0.872234164983823,0.751937984496124,0.9238095238095239,0.872234164983823,0.8512070874861573,0.8290598290598291,0.7809983896940418,1.151297877146558
4070,0.9675,0.8795192495602893,0.7674418604651163,0.9166666666666666,0.8795192495602894,0.8545542635658914,0.8354430379746837,0.7932692307692308,1.1225162298153244
4071,0.9658333333333333,0.8717673115757931,0.751937984496124,0.9150943396226415,0.8717673115757931,0.8468494953927161,0.8255319148936171,0.7797427652733119,1.1800808571401757
4072,0.9691666666666666,0.8872711875447854,0.7829457364341085,0.9181818181818182,0.8872711875447854,0.86223044397463,0.8451882845188284,0.8067092651757188,1.0649516024904733
4073,0.9666666666666667,0.8790523961522594,0.7674418604651163,0.908256880733945,0.8790523961522594,0.8503493705995308,0.8319327731092436,0.7919999999999999,1.1512992098089418
4074,0.9683333333333334,0.8833952185525373,0.7751937984496124,0.9174311926605505,0.8833952185525373,0.8583958288884148,0.8403361344537815,0.7999999999999999,1.093733916152899
4075,0.965,0.8678913425835451,0.7441860465116279,0.9142857142857143,0.8678913425835451,0.8429858803986711,0.8205128205128205,0.7729468599033816,1.2088631708026012
4076,0.9666666666666667,0.8756432805680412,0.7596899224806202,0.9158878504672897,0.8756432805680412,0.8507055531406216,0.8305084745762713,0.7865168539325843,1.15129854347775
4077,0.9675,0.8795192495602893,0.7674418604651163,0.9166666666666666,0.8795192495602894,0.8545542635658914,0.8354430379746837,0.7932692307692308,1.1225162298153244
4078,0.9658333333333333,0.8751764271600113,0.7596899224806202,0.9074074074074074,0.8751764271600113,0.8464653316106805,0.8270042194092827,0.7852564102564104,1.1800815234713675
4079,0.9675,0.8795192495602893,0.7674418604651163,0.9166666666666666,0.8795192495602894,0.8545542635658914,0.8354430379746837,0.7932692307692308,1.1225162298153244
4080,0.97,0.8945562721212517,0.7984496124031008,0.911504424778761,0.8945562721212517,0.8658103519242641,0.8512396694214877,0.8187599364069952,1.0361699551592396
4081,0.9675,0.8795192495602893,0.7674418604651163,0.9166666666666666,0.8795192495602894,0.8545542635658914,0.8354430379746837,0.7932692307692308,1.1225162298153244
4082,0.9691666666666666,0.8872711875447854,0.7829457364341085,0.9181818181818182,0.8872711875447854,0.86223044397463,0.8451882845188284,0.8067092651757188,1.0649516024904733
4083,0.9675,0.8761101339760711,0.7596899224806202,0.9245283018867925,0.8761101339760711,0.855025778850373,0.8340425531914893,0.7877813504823152,1.1225155634841326
4084,0.9658333333333333,0.8717673115757931,0.751937984496124,0.9150943396226415,0.8717673115757931,0.8468494953927161,0.8255319148936171,0.7797427652733119,1.1800808571401757
4085,0.9683333333333334,0.8833952185525373,0.7751937984496124,0.9174311926605505,0.8833952185525373,0.8583958288884148,0.8403361344537815,0.7999999999999999,1.093733916152899
4086,0.9666666666666667,0.8756432805680412,0.7596899224806202,0.9158878504672897,0.8756432805680412,0.8507055531406216,0.8305084745762713,0.7865168539325843,1.1512985434777498
4087,0.9658333333333333,0.8717673115757931,0.751937984496124,0.9150943396226415,0.8717673115757931,0.8468494953927161,0.8255319148936171,0.7797427652733119,1.1800808571401757
4088,0.9658333333333333,0.8717673115757931,0.751937984496124,0.9150943396226415,0.8717673115757931,0.8468494953927161,0.8255319148936171,0.7797427652733119,1.1800808571401757
4089,0.9666666666666667,0.8756432805680412,0.7596899224806202,0.9158878504672897,0.8756432805680412,0.8507055531406216,0.8305084745762713,0.7865168539325843,1.1512985434777498
4090,0.97,0.8911471565370335,0.7906976744186046,0.918918918918919,0.8911471565370335,0.8660582966687618,0.85,0.8133971291866028,1.0361692888280478
4091,0.9658333333333333,0.8717673115757931,0.751937984496124,0.9150943396226415,0.8717673115757931,0.8468494953927161,0.8255319148936171,0.7797427652733119,1.1800808571401757
4092,0.9675,0.8795192495602893,0.7674418604651163,0.9166666666666666,0.8795192495602894,0.8545542635658914,0.8354430379746837,0.7932692307692308,1.1225162298153244
4093,0.9683333333333334,0.8833952185525373,0.7751937984496124,0.9174311926605505,0.8833952185525373,0.8583958288884148,0.8403361344537815,0.7999999999999999,1.093733916152899
4094,0.9675,0.8795192495602893,0.7674418604651163,0.9166666666666666,0.8795192495602894,0.8545542635658914,0.8354430379746837,0.7932692307692308,1.1225162298153244
4095,0.9666666666666667,0.8756432805680412,0.7596899224806202,0.9158878504672897,0.8756432805680412,0.8507055531406216,0.8305084745762713,0.7865168539325843,1.1512985434777498
4096,0.9666666666666667,0.8756432805680412,0.7596899224806202,0.9158878504672897,0.8756432805680412,0.8507055531406216,0.8305084745762713,0.7865168539325843,1.15129854347775
4097,0.9641666666666666,0.864015373591297,0.7364341085271318,0.9134615384615384,0.864015373591297,0.8391144901610017,0.815450643776824,0.7661290322580645,1.2376454844650269
4098,0.9683333333333334,0.8833952185525373,0.7751937984496124,0.9174311926605505,0.8833952185525373,0.8583958288884148,0.8403361344537815,0.7999999999999999,1.093733916152899
4099,0.9675,0.8795192495602893,0.7674418604651163,0.9166666666666666,0.8795192495602894,0.8545542635658914,0.8354430379746837,0.7932692307692308,1.1225162298153244
4100,0.9691666666666666,0.8906803031290036,0.7906976744186046,0.9107142857142857,0.8906803031290037,0.8619559800664451,0.846473029045643,0.8121019108280255,1.0649522688216653
4101,0.965,0.8678913425835451,0.7441860465116279,0.9142857142857143,0.8678913425835451,0.8429858803986711,0.8205128205128205,0.7729468599033816,1.2088631708026012
4102,0.9683333333333334,0.8833952185525373,0.7751937984496124,0.9174311926605505,0.8833952185525373,0.8583958288884148,0.8403361344537815,0.7999999999999999,1.093733916152899
4103,0.9691666666666666,0.8838620719605672,0.7751937984496124,0.9259259259259259,0.8838620719605672,0.8626431955211026,0.8438818565400844,0.8012820512820513,1.0649509361592815
4104,0.9666666666666667,0.8790523961522594,0.7674418604651163,0.908256880733945,0.8790523961522594,0.8503493705995308,0.8319327731092436,0.7919999999999999,1.1512992098089418
4105,0.9691666666666666,0.8872711875447854,0.7829457364341085,0.9181818181818182,0.8872711875447854,0.86223044397463,0.8451882845188284,0.8067092651757188,1.0649516024904733
4106,0.9683333333333334,0.8833952185525373,0.7751937984496124,0.9174311926605505,0.8833952185525373,0.8583958288884148,0.8403361344537815,0.7999999999999999,1.093733916152899
4107,0.9675,0.8795192495602893,0.7674418604651163,0.9166666666666666,0.8795192495602894,0.8545542635658914,0.8354430379746837,0.7932692307692308,1.1225162298153244
4108,0.97,0.8911471565370335,0.7906976744186046,0.918918918918919,0.8911471565370335,0.8660582966687618,0.85,0.8133971291866028,1.0361692888280478
4109,0.9691666666666666,0.8872711875447854,0.7829457364341085,0.9181818181818182,0.8872711875447854,0.86223044397463,0.8451882845188284,0.8067092651757188,1.0649516024904733
4110,0.9675,0.8829283651445075,0.7751937984496124,0.9090909090909091,0.8829283651445075,0.8542256871035941,0.8368200836820083,0.7987220447284344,1.1225168961465162
4111,0.9675,0.8795192495602893,0.7674418604651163,0.9166666666666666,0.8795192495602894,0.8545542635658914,0.8354430379746837,0.7932692307692308,1.1225162298153244
4112,0.97,0.8911471565370335,0.7906976744186046,0.918918918918919,0.8911471565370335,0.8660582966687618,0.85,0.8133971291866028,1.0361692888280478
4113,0.9716666666666667,0.8954899789373114,0.7984496124031008,0.9279279279279279,0.8954899789373114,0.8740221034988476,0.8583333333333333,0.8213716108452951,0.9786039951720049
4114,0.9633333333333334,0.8601394045990489,0.7286821705426356,0.912621359223301,0.8601394045990489,0.8352350982163016,0.8103448275862069,0.7592891760904686,1.2664277981274523
4115,0.9666666666666667,0.8756432805680412,0.7596899224806202,0.9158878504672897,0.8756432805680412,0.8507055531406216,0.8305084745762713,0.7865168539325843,1.1512985434777498
4116,0.9708333333333333,0.8984322411134997,0.8062015503875969,0.9122807017543859,0.8984322411134997,0.8696577927376581,0.8559670781893004,0.8253968253968255,1.0073876414968141
4117,0.9666666666666667,0.8756432805680412,0.7596899224806202,0.9158878504672897,0.8756432805680412,0.8507055531406216,0.8305084745762713,0.7865168539325843,1.15129854347775
4118,0.9666666666666667,0.8790523961522594,0.7674418604651163,0.908256880733945,0.8790523961522594,0.8503493705995308,0.8319327731092436,0.7919999999999999,1.1512992098089418
4119,0.9658333333333333,0.8717673115757931,0.751937984496124,0.9150943396226415,0.8717673115757931,0.8468494953927161,0.8255319148936171,0.7797427652733119,1.1800808571401757
4120,0.9683333333333334,0.8868043341367555,0.7829457364341085,0.9099099099099099,0.8868043341367555,0.8580944898386759,0.8416666666666666,0.8054226475279107,1.093734582484091
4121,0.9658333333333333,0.8717673115757931,0.751937984496124,0.9150943396226415,0.8717673115757931,0.8468494953927161,0.8255319148936171,0.7797427652733119,1.1800808571401757
4122,0.9666666666666667,0.8756432805680412,0.7596899224806202,0.9158878504672897,0.8756432805680412,0.8507055531406216,0.8305084745762713,0.7865168539325843,1.15129854347775
4123,0.9716666666666667,0.8954899789373114,0.7984496124031008,0.9279279279279279,0.8954899789373114,0.8740221034988476,0.8583333333333333,0.8213716108452951,0.9786039951720049
4124,0.9716666666666667,0.8954899789373114,0.7984496124031008,0.9279279279279279,0.8954899789373114,0.8740221034988476,0.8583333333333333,0.8213716108452951,0.9786039951720049
4125,0.9641666666666666,0.864015373591297,0.7364341085271318,0.9134615384615384,0.864015373591297,0.8391144901610017,0.815450643776824,0.7661290322580645,1.2376454844650269
4126,0.9691666666666666,0.8872711875447854,0.7829457364341085,0.9181818181818182,0.8872711875447854,0.86223044397463,0.8451882845188284,0.8067092651757188,1.0649516024904733
4127,0.9625,0.859672551191019,0.7286821705426356,0.9038461538461539,0.859672551191019,0.8308474955277281,0.8068669527896996,0.7580645161290323,1.2952107781210698
4128,0.9691666666666666,0.8872711875447854,0.7829457364341085,0.9181818181818182,0.8872711875447854,0.86223044397463,0.8451882845188284,0.8067092651757188,1.0649516024904733
4129,0.9675,0.8795192495602893,0.7674418604651163,0.9166666666666666,0.8795192495602894,0.8545542635658914,0.8354430379746837,0.7932692307692308,1.1225162298153244
4130,0.9675,0.8795192495602893,0.7674418604651163,0.9166666666666666,0.8795192495602894,0.8545542635658914,0.8354430379746837,0.7932692307692308,1.1225162298153246
4131,0.965,0.8678913425835451,0.7441860465116279,0.9142857142857143,0.8678913425835451,0.8429858803986711,0.8205128205128205,0.7729468599033816,1.2088631708026014
4132,0.9691666666666666,0.8872711875447854,0.7829457364341085,0.9181818181818182,0.8872711875447854,0.86223044397463,0.8451882845188284,0.8067092651757188,1.0649516024904733
4133,0.9658333333333333,0.8785855427442295,0.7674418604651163,0.9,0.8785855427442295,0.8462209302325582,0.8284518828451884,0.7907348242811502,1.1800821898025595
4134,0.9666666666666667,0.8756432805680412,0.7596899224806202,0.9158878504672897,0.8756432805680412,0.8507055531406216,0.8305084745762713,0.7865168539325843,1.1512985434777498
4135,0.9666666666666667,0.872234164983823,0.751937984496124,0.9238095238095239,0.872234164983823,0.8512070874861573,0.8290598290598291,0.7809983896940418,1.151297877146558
4136,0.965,0.8678913425835451,0.7441860465116279,0.9142857142857143,0.8678913425835451,0.8429858803986711,0.8205128205128205,0.7729468599033816,1.2088631708026012
4137,0.9675,0.8795192495602893,0.7674418604651163,0.9166666666666666,0.8795192495602894,0.8545542635658914,0.8354430379746837,0.7932692307692308,1.1225162298153246
4138,0.9675,0.8795192495602893,0.7674418604651163,0.9166666666666666,0.8795192495602894,0.8545542635658914,0.8354430379746837,0.7932692307692308,1.1225162298153244
4139,0.9641666666666666,0.864015373591297,0.7364341085271318,0.9134615384615384,0.864015373591297,0.8391144901610017,0.815450643776824,0.7661290322580645,1.2376454844650269
4140,0.9683333333333334,0.8833952185525373,0.7751937984496124,0.9174311926605505,0.8833952185525373,0.8583958288884148,0.8403361344537815,0.7999999999999999,1.093733916152899
4141,0.9675,0.8829283651445075,0.7751937984496124,0.9090909090909091,0.8829283651445075,0.8542256871035941,0.8368200836820083,0.7987220447284344,1.1225168961465164
4142,0.9658333333333333,0.8683581959915749,0.7441860465116279,0.9230769230769231,0.8683581959915749,0.8473814847942756,0.8240343347639485,0.7741935483870968,1.1800801908089837
4143,0.9658333333333333,0.8717673115757931,0.751937984496124,0.9150943396226415,0.8717673115757931,0.8468494953927161,0.8255319148936171,0.7797427652733119,1.1800808571401757
4144,0.9658333333333333,0.8683581959915749,0.7441860465116279,0.9230769230769231,0.8683581959915749,0.8473814847942756,0.8240343347639485,0.7741935483870968,1.1800801908089837
4145,0.9666666666666667,0.8790523961522594,0.7674418604651163,0.908256880733945,0.8790523961522594,0.8503493705995308,0.8319327731092436,0.7919999999999999,1.1512992098089418
4146,0.9683333333333334,0.8833952185525373,0.7751937984496124,0.9174311926605505,0.8833952185525373,0.8583958288884148,0.8403361344537815,0.7999999999999999,1.093733916152899
4147,0.9641666666666666,0.8674244891755152,0.7441860465116279,0.9056603773584906,0.8674244891755152,0.8386732119350592,0.8170212765957447,0.7717041800643085,1.2376461507962186
4148,0.9675,0.8761101339760711,0.7596899224806202,0.9245283018867925,0.8761101339760711,0.855025778850373,0.8340425531914893,0.7877813504823152,1.1225155634841326
4149,0.965,0.8678913425835451,0.7441860465116279,0.9142857142857143,0.8678913425835451,0.8429858803986711,0.8205128205128205,0.7729468599033816,1.2088631708026014
4150,0.9675,0.8795192495602893,0.7674418604651163,0.9166666666666666,0.8795192495602894,0.8545542635658914,0.8354430379746837,0.7932692307692308,1.1225162298153244
4151,0.9658333333333333,0.8717673115757931,0.751937984496124,0.9150943396226415,0.8717673115757931,0.8468494953927161,0.8255319148936171,0.7797427652733119,1.1800808571401757
4152,0.9675,0.8829283651445075,0.7751937984496124,0.9090909090909091,0.8829283651445075,0.8542256871035941,0.8368200836820083,0.7987220447284344,1.1225168961465164
4153,0.9625,0.859672551191019,0.7286821705426356,0.9038461538461539,0.859672551191019,0.8308474955277281,0.8068669527896996,0.7580645161290323,1.2952107781210698
4154,0.9658333333333333,0.8717673115757931,0.751937984496124,0.9150943396226415,0.8717673115757931,0.8468494953927161,0.8255319148936171,0.7797427652733119,1.1800808571401757
4155,0.9691666666666666,0.8872711875447854,0.7829457364341085,0.9181818181818182,0.8872711875447854,0.86223044397463,0.8451882845188284,0.8067092651757188,1.0649516024904733
4156,0.9683333333333334,0.8833952185525373,0.7751937984496124,0.9174311926605505,0.8833952185525373,0.8583958288884148,0.8403361344537815,0.7999999999999999,1.093733916152899
4157,0.9666666666666667,0.8756432805680412,0.7596899224806202,0.9158878504672897,0.8756432805680412,0.8507055531406216,0.8305084745762713,0.7865168539325843,1.15129854347775
4158,0.9683333333333334,0.8833952185525373,0.7751937984496124,0.9174311926605505,0.8833952185525373,0.8583958288884148,0.8403361344537815,0.7999999999999999,1.093733916152899
4159,0.9666666666666667,0.8756432805680412,0.7596899224806202,0.9158878504672897,0.8756432805680412,0.8507055531406216,0.8305084745762713,0.7865168539325843,1.15129854347775
4160,0.9683333333333334,0.8833952185525373,0.7751937984496124,0.9174311926605505,0.8833952185525373,0.8583958288884148,0.8403361344537815,0.7999999999999999,1.093733916152899
4161,0.97,0.8911471565370335,0.7906976744186046,0.918918918918919,0.8911471565370335,0.8660582966687618,0.85,0.8133971291866028,1.0361692888280478
4162,0.9666666666666667,0.872234164983823,0.751937984496124,0.9238095238095239,0.872234164983823,0.8512070874861573,0.8290598290598291,0.7809983896940418,1.151297877146558
4163,0.9691666666666666,0.8872711875447854,0.7829457364341085,0.9181818181818182,0.8872711875447854,0.86223044397463,0.8451882845188284,0.8067092651757188,1.0649516024904733
4164,0.9708333333333333,0.8916140099450633,0.7906976744186046,0.9272727272727272,0.8916140099450633,0.870235200845666,0.8535564853556484,0.8146964856230033,1.0073863088344304
4165,0.9675,0.8795192495602893,0.7674418604651163,0.9166666666666666,0.8795192495602894,0.8545542635658914,0.8354430379746837,0.7932692307692308,1.1225162298153244
4166,0.965,0.8678913425835451,0.7441860465116279,0.9142857142857143,0.8678913425835451,0.8429858803986711,0.8205128205128205,0.7729468599033816,1.2088631708026012
4167,0.9675,0.8795192495602893,0.7674418604651163,0.9166666666666666,0.8795192495602894,0.8545542635658914,0.8354430379746837,0.7932692307692308,1.1225162298153244
4168,0.9691666666666666,0.8872711875447854,0.7829457364341085,0.9181818181818182,0.8872711875447854,0.86223044397463,0.8451882845188284,0.8067092651757188,1.0649516024904733
4169,0.9675,0.8795192495602893,0.7674418604651163,0.9166666666666666,0.8795192495602894,0.8545542635658914,0.8354430379746837,0.7932692307692308,1.1225162298153244
4170,0.9675,0.8795192495602893,0.7674418604651163,0.9166666666666666,0.8795192495602894,0.8545542635658914,0.8354430379746837,0.7932692307692308,1.1225162298153246
4171,0.9658333333333333,0.8717673115757931,0.751937984496124,0.9150943396226415,0.8717673115757931,0.8468494953927161,0.8255319148936171,0.7797427652733119,1.1800808571401757
4172,0.9691666666666666,0.8872711875447854,0.7829457364341085,0.9181818181818182,0.8872711875447854,0.86223044397463,0.8451882845188284,0.8067092651757188,1.0649516024904733
4173,0.9683333333333334,0.8833952185525373,0.7751937984496124,0.9174311926605505,0.8833952185525373,0.8583958288884148,0.8403361344537815,0.7999999999999999,1.093733916152899
4174,0.9666666666666667,0.8756432805680412,0.7596899224806202,0.9158878504672897,0.8756432805680412,0.8507055531406216,0.8305084745762713,0.7865168539325843,1.15129854347775
4175,0.9658333333333333,0.8751764271600113,0.7596899224806202,0.9074074074074074,0.8751764271600113,0.8464653316106805,0.8270042194092827,0.7852564102564104,1.1800815234713677
4176,0.9675,0.8795192495602893,0.7674418604651163,0.9166666666666666,0.8795192495602894,0.8545542635658914,0.8354430379746837,0.7932692307692308,1.1225162298153244
4177,0.9691666666666666,0.8872711875447854,0.7829457364341085,0.9181818181818182,0.8872711875447854,0.86223044397463,0.8451882845188284,0.8067092651757188,1.0649516024904733
4178,0.9675,0.8795192495602893,0.7674418604651163,0.9166666666666666,0.8795192495602894,0.8545542635658914,0.8354430379746837,0.7932692307692308,1.1225162298153244
4179,0.9675,0.8829283651445075,0.7751937984496124,0.9090909090909091,0.8829283651445075,0.8542256871035941,0.8368200836820083,0.7987220447284344,1.1225168961465162
4180,0.9658333333333333,0.8717673115757931,0.751937984496124,0.9150943396226415,0.8717673115757931,0.8468494953927161,0.8255319148936171,0.7797427652733119,1.1800808571401757
4181,0.9666666666666667,0.8756432805680412,0.7596899224806202,0.9158878504672897,0.8756432805680412,0.8507055531406216,0.8305084745762713,0.7865168539325843,1.1512985434777498
4182,0.9658333333333333,0.8751764271600113,0.7596899224806202,0.9074074074074074,0.8751764271600113,0.8464653316106805,0.8270042194092827,0.7852564102564104,1.1800815234713675
4183,0.9658333333333333,0.8751764271600113,0.7596899224806202,0.9074074074074074,0.8751764271600113,0.8464653316106805,0.8270042194092827,0.7852564102564104,1.1800815234713675
4184,0.9666666666666667,0.8756432805680412,0.7596899224806202,0.9158878504672897,0.8756432805680412,0.8507055531406216,0.8305084745762713,0.7865168539325843,1.15129854347775
4185,0.9675,0.8795192495602893,0.7674418604651163,0.9166666666666666,0.8795192495602894,0.8545542635658914,0.8354430379746837,0.7932692307692308,1.1225162298153246
4186,0.9683333333333334,0.8799861029683191,0.7674418604651163,0.9252336448598131,0.8799861029683191,0.8588377526624646,0.8389830508474577,0.7945425361155699,1.093733249821707
4187,0.9675,0.8795192495602893,0.7674418604651163,0.9166666666666666,0.8795192495602894,0.8545542635658914,0.8354430379746837,0.7932692307692308,1.1225162298153244
4188,0.9666666666666667,0.8756432805680412,0.7596899224806202,0.9158878504672897,0.8756432805680412,0.8507055531406216,0.8305084745762713,0.7865168539325843,1.15129854347775
4189,0.9675,0.8761101339760711,0.7596899224806202,0.9245283018867925,0.8761101339760711,0.855025778850373,0.8340425531914893,0.7877813504823152,1.1225155634841326
4190,0.9675,0.8795192495602893,0.7674418604651163,0.9166666666666666,0.8795192495602894,0.8545542635658914,0.8354430379746837,0.7932692307692308,1.1225162298153244
4191,0.9683333333333334,0.8833952185525373,0.7751937984496124,0.9174311926605505,0.8833952185525373,0.8583958288884148,0.8403361344537815,0.7999999999999999,1.093733916152899
4192,0.9666666666666667,0.8756432805680412,0.7596899224806202,0.9158878504672897,0.8756432805680412,0.8507055531406216,0.8305084745762713,0.7865168539325843,1.1512985434777498
4193,0.9683333333333334,0.8868043341367555,0.7829457364341085,0.9099099099099099,0.8868043341367555,0.8580944898386759,0.8416666666666666,0.8054226475279107,1.093734582484091
4194,0.9675,0.8795192495602893,0.7674418604651163,0.9166666666666666,0.8795192495602894,0.8545542635658914,0.8354430379746837,0.7932692307692308,1.1225162298153246
4195,0.9683333333333334,0.8833952185525373,0.7751937984496124,0.9174311926605505,0.8833952185525373,0.8583958288884148,0.8403361344537815,0.7999999999999999,1.093733916152899
4196,0.97,0.8911471565370335,0.7906976744186046,0.918918918918919,0.8911471565370335,0.8660582966687618,0.85,0.8133971291866028,1.0361692888280478
4197,0.9666666666666667,0.8790523961522594,0.7674418604651163,0.908256880733945,0.8790523961522594,0.8503493705995308,0.8319327731092436,0.7919999999999999,1.1512992098089418
4198,0.9658333333333333,0.8751764271600113,0.7596899224806202,0.9074074074074074,0.8751764271600113,0.8464653316106805,0.8270042194092827,0.7852564102564104,1.1800815234713675
4199,0.9658333333333333,0.8717673115757931,0.751937984496124,0.9150943396226415,0.8717673115757931,0.8468494953927161,0.8255319148936171,0.7797427652733119,1.1800808571401755
4200,0.9708333333333333,0.8916140099450633,0.7906976744186046,0.9272727272727272,0.8916140099450633,0.870235200845666,0.8535564853556484,0.8146964856230033,1.0073863088344304
4201,0.965,0.8644822269993269,0.7364341085271318,0.9223300970873787,0.8644822269993269,0.8435487694739219,0.8189655172413793,0.767366720516963,1.2088625044714094
4202,0.9666666666666667,0.8790523961522594,0.7674418604651163,0.908256880733945,0.8790523961522594,0.8503493705995308,0.8319327731092436,0.7919999999999999,1.1512992098089418
4203,0.9716666666666667,0.8954899789373114,0.7984496124031008,0.9279279279279279,0.8954899789373114,0.8740221034988476,0.8583333333333333,0.8213716108452951,0.9786039951720049
4204,0.9666666666666667,0.8756432805680412,0.7596899224806202,0.9158878504672897,0.8756432805680412,0.8507055531406216,0.8305084745762713,0.7865168539325843,1.1512985434777498
4205,0.965,0.8747095737519814,0.7596899224806202,0.8990825688073395,0.8747095737519816,0.8423029123106465,0.823529411764706,0.784,1.2088645034649848
4206,0.9675,0.8795192495602893,0.7674418604651163,0.9166666666666666,0.8795192495602894,0.8545542635658914,0.8354430379746837,0.7932692307692308,1.1225162298153246
4207,0.9641666666666666,0.864015373591297,0.7364341085271318,0.9134615384615384,0.864015373591297,0.8391144901610017,0.815450643776824,0.7661290322580645,1.2376454844650269
4208,0.9691666666666666,0.8838620719605672,0.7751937984496124,0.9259259259259259,0.8838620719605672,0.8626431955211026,0.8438818565400844,0.8012820512820513,1.0649509361592815
4209,0.9675,0.8829283651445075,0.7751937984496124,0.9090909090909091,0.8829283651445075,0.8542256871035941,0.8368200836820083,0.7987220447284344,1.1225168961465164
4210,0.9683333333333334,0.8833952185525373,0.7751937984496124,0.9174311926605505,0.8833952185525373,0.8583958288884148,0.8403361344537815,0.7999999999999999,1.093733916152899
4211,0.9683333333333334,0.8833952185525373,0.7751937984496124,0.9174311926605505,0.8833952185525373,0.8583958288884148,0.8403361344537815,0.7999999999999999,1.093733916152899
4212,0.9666666666666667,0.8756432805680412,0.7596899224806202,0.9158878504672897,0.8756432805680412,0.8507055531406216,0.8305084745762713,0.7865168539325843,1.1512985434777498
4213,0.9675,0.8795192495602893,0.7674418604651163,0.9166666666666666,0.8795192495602894,0.8545542635658914,0.8354430379746837,0.7932692307692308,1.1225162298153246
4214,0.9675,0.8795192495602893,0.7674418604651163,0.9166666666666666,0.8795192495602894,0.8545542635658914,0.8354430379746837,0.7932692307692308,1.1225162298153244
4215,0.965,0.8678913425835451,0.7441860465116279,0.9142857142857143,0.8678913425835451,0.8429858803986711,0.8205128205128205,0.7729468599033816,1.2088631708026012
4216,0.9666666666666667,0.8756432805680412,0.7596899224806202,0.9158878504672897,0.8756432805680412,0.8507055531406216,0.8305084745762713,0.7865168539325843,1.15129854347775
4217,0.965,0.8678913425835451,0.7441860465116279,0.9142857142857143,0.8678913425835451,0.8429858803986711,0.8205128205128205,0.7729468599033816,1.2088631708026014
4218,0.9675,0.8795192495602893,0.7674418604651163,0.9166666666666666,0.8795192495602894,0.8545542635658914,0.8354430379746837,0.7932692307692308,1.1225162298153244
4219,0.965,0.8713004581677632,0.751937984496124,0.9065420560747663,0.8713004581677634,0.8425733536187785,0.8220338983050847,0.7784911717495986,1.208863837133793
4220,0.9658333333333333,0.8751764271600113,0.7596899224806202,0.9074074074074074,0.8751764271600113,0.8464653316106805,0.8270042194092827,0.7852564102564104,1.1800815234713673
4221,0.9658333333333333,0.8751764271600113,0.7596899224806202,0.9074074074074074,0.8751764271600113,0.8464653316106805,0.8270042194092827,0.7852564102564104,1.1800815234713675
4222,0.9666666666666667,0.8790523961522594,0.7674418604651163,0.908256880733945,0.8790523961522594,0.8503493705995308,0.8319327731092436,0.7919999999999999,1.1512992098089418
4223,0.9683333333333334,0.8868043341367555,0.7829457364341085,0.9099099099099099,0.8868043341367555,0.8580944898386759,0.8416666666666666,0.8054226475279107,1.093734582484091
4224,0.97,0.8911471565370335,0.7906976744186046,0.918918918918919,0.8911471565370335,0.8660582966687618,0.85,0.8133971291866028,1.0361692888280478
4225,0.965,0.8678913425835451,0.7441860465116279,0.9142857142857143,0.8678913425835451,0.8429858803986711,0.8205128205128205,0.7729468599033816,1.2088631708026012
4226,0.9658333333333333,0.8717673115757931,0.751937984496124,0.9150943396226415,0.8717673115757931,0.8468494953927161,0.8255319148936171,0.7797427652733119,1.1800808571401757
4227,0.9675,0.8795192495602893,0.7674418604651163,0.9166666666666666,0.8795192495602894,0.8545542635658914,0.8354430379746837,0.7932692307692308,1.1225162298153244
4228,0.9691666666666666,0.8872711875447854,0.7829457364341085,0.9181818181818182,0.8872711875447854,0.86223044397463,0.8451882845188284,0.8067092651757188,1.0649516024904733
4229,0.9666666666666667,0.8756432805680412,0.7596899224806202,0.9158878504672897,0.8756432805680412,0.8507055531406216,0.8305084745762713,0.7865168539325843,1.15129854347775
4230,0.9691666666666666,0.8906803031290036,0.7906976744186046,0.9107142857142857,0.8906803031290037,0.8619559800664451,0.846473029045643,0.8121019108280255,1.064952268821665
4231,0.9658333333333333,0.8717673115757931,0.751937984496124,0.9150943396226415,0.8717673115757931,0.8468494953927161,0.8255319148936171,0.7797427652733119,1.1800808571401757
4232,0.9658333333333333,0.8717673115757931,0.751937984496124,0.9150943396226415,0.8717673115757931,0.8468494953927161,0.8255319148936171,0.7797427652733119,1.1800808571401757
4233,0.9658333333333333,0.8717673115757931,0.751937984496124,0.9150943396226415,0.8717673115757931,0.8468494953927161,0.8255319148936171,0.7797427652733119,1.1800808571401757
4234,0.9666666666666667,0.8756432805680412,0.7596899224806202,0.9158878504672897,0.8756432805680412,0.8507055531406216,0.8305084745762713,0.7865168539325843,1.1512985434777498
4235,0.9691666666666666,0.8872711875447854,0.7829457364341085,0.9181818181818182,0.8872711875447854,0.86223044397463,0.8451882845188284,0.8067092651757188,1.0649516024904733
4236,0.9658333333333333,0.8717673115757931,0.751937984496124,0.9150943396226415,0.8717673115757931,0.8468494953927161,0.8255319148936171,0.7797427652733119,1.1800808571401757
4237,0.9683333333333334,0.8833952185525373,0.7751937984496124,0.9174311926605505,0.8833952185525373,0.8583958288884148,0.8403361344537815,0.7999999999999999,1.093733916152899
4238,0.9675,0.8795192495602893,0.7674418604651163,0.9166666666666666,0.8795192495602894,0.8545542635658914,0.8354430379746837,0.7932692307692308,1.1225162298153244
4239,0.9683333333333334,0.8799861029683191,0.7674418604651163,0.9252336448598131,0.8799861029683191,0.8588377526624646,0.8389830508474577,0.7945425361155699,1.093733249821707
4240,0.9666666666666667,0.8790523961522594,0.7674418604651163,0.908256880733945,0.8790523961522594,0.8503493705995308,0.8319327731092436,0.7919999999999999,1.1512992098089418
4241,0.9683333333333334,0.8868043341367555,0.7829457364341085,0.9099099099099099,0.8868043341367555,0.8580944898386759,0.8416666666666666,0.8054226475279107,1.093734582484091
4242,0.9666666666666667,0.8756432805680412,0.7596899224806202,0.9158878504672897,0.8756432805680412,0.8507055531406216,0.8305084745762713,0.7865168539325843,1.15129854347775
4243,0.9683333333333334,0.8833952185525373,0.7751937984496124,0.9174311926605505,0.8833952185525373,0.8583958288884148,0.8403361344537815,0.7999999999999999,1.093733916152899
4244,0.9675,0.8795192495602893,0.7674418604651163,0.9166666666666666,0.8795192495602894,0.8545542635658914,0.8354430379746837,0.7932692307692308,1.1225162298153244
4245,0.9683333333333334,0.8799861029683191,0.7674418604651163,0.9252336448598131,0.8799861029683191,0.8588377526624646,0.8389830508474577,0.7945425361155699,1.093733249821707
4246,0.9691666666666666,0.8872711875447854,0.7829457364341085,0.9181818181818182,0.8872711875447854,0.86223044397463,0.8451882845188284,0.8067092651757188,1.0649516024904733
4247,0.97,0.8911471565370335,0.7906976744186046,0.918918918918919,0.8911471565370335,0.8660582966687618,0.85,0.8133971291866028,1.0361692888280478
4248,0.9666666666666667,0.8756432805680412,0.7596899224806202,0.9158878504672897,0.8756432805680412,0.8507055531406216,0.8305084745762713,0.7865168539325843,1.1512985434777498
4249,0.9683333333333334,0.8799861029683191,0.7674418604651163,0.9252336448598131,0.8799861029683191,0.8588377526624646,0.8389830508474577,0.7945425361155699,1.093733249821707
4250,0.9666666666666667,0.8756432805680412,0.7596899224806202,0.9158878504672897,0.8756432805680412,0.8507055531406216,0.8305084745762713,0.7865168539325843,1.1512985434777498
4251,0.965,0.8678913425835451,0.7441860465116279,0.9142857142857143,0.8678913425835451,0.8429858803986711,0.8205128205128205,0.7729468599033816,1.2088631708026012
4252,0.9691666666666666,0.8872711875447854,0.7829457364341085,0.9181818181818182,0.8872711875447854,0.86223044397463,0.8451882845188284,0.8067092651757188,1.0649516024904733
4253,0.9683333333333334,0.8833952185525373,0.7751937984496124,0.9174311926605505,0.8833952185525373,0.8583958288884148,0.8403361344537815,0.7999999999999999,1.093733916152899
4254,0.9691666666666666,0.8872711875447854,0.7829457364341085,0.9181818181818182,0.8872711875447854,0.86223044397463,0.8451882845188284,0.8067092651757188,1.0649516024904733
4255,0.9658333333333333,0.8717673115757931,0.751937984496124,0.9150943396226415,0.8717673115757931,0.8468494953927161,0.8255319148936171,0.7797427652733119,1.1800808571401757
4256,0.9658333333333333,0.8717673115757931,0.751937984496124,0.9150943396226415,0.8717673115757931,0.8468494953927161,0.8255319148936171,0.7797427652733119,1.1800808571401757
4257,0.9641666666666666,0.8674244891755152,0.7441860465116279,0.9056603773584906,0.8674244891755152,0.8386732119350592,0.8170212765957447,0.7717041800643085,1.2376461507962189
4258,0.97,0.8911471565370335,0.7906976744186046,0.918918918918919,0.8911471565370335,0.8660582966687618,0.85,0.8133971291866028,1.0361692888280478
4259,0.9666666666666667,0.8790523961522594,0.7674418604651163,0.908256880733945,0.8790523961522594,0.8503493705995308,0.8319327731092436,0.7919999999999999,1.1512992098089418
4260,0.97,0.8911471565370335,0.7906976744186046,0.918918918918919,0.8911471565370335,0.8660582966687618,0.85,0.8133971291866028,1.0361692888280478
4261,0.9683333333333334,0.8833952185525373,0.7751937984496124,0.9174311926605505,0.8833952185525373,0.8583958288884148,0.8403361344537815,0.7999999999999999,1.093733916152899
4262,0.9691666666666666,0.8872711875447854,0.7829457364341085,0.9181818181818182,0.8872711875447854,0.86223044397463,0.8451882845188284,0.8067092651757188,1.0649516024904733
4263,0.9683333333333334,0.8868043341367555,0.7829457364341085,0.9099099099099099,0.8868043341367555,0.8580944898386759,0.8416666666666666,0.8054226475279107,1.0937345824840907
4264,0.9666666666666667,0.8756432805680412,0.7596899224806202,0.9158878504672897,0.8756432805680412,0.8507055531406216,0.8305084745762713,0.7865168539325843,1.1512985434777498
4265,0.9625,0.8562634356068008,0.7209302325581395,0.9117647058823529,0.8562634356068008,0.8313474692202462,0.8051948051948051,0.7524271844660194,1.295210111789878
4266,0.9658333333333333,0.8785855427442295,0.7674418604651163,0.9,0.8785855427442295,0.8462209302325582,0.8284518828451884,0.7907348242811502,1.1800821898025595
4267,0.9683333333333334,0.8868043341367555,0.7829457364341085,0.9099099099099099,0.8868043341367555,0.8580944898386759,0.8416666666666666,0.8054226475279107,1.093734582484091
4268,0.9675,0.8795192495602893,0.7674418604651163,0.9166666666666666,0.8795192495602894,0.8545542635658914,0.8354430379746837,0.7932692307692308,1.1225162298153244
4269,0.9658333333333333,0.8717673115757931,0.751937984496124,0.9150943396226415,0.8717673115757931,0.8468494953927161,0.8255319148936171,0.7797427652733119,1.1800808571401757
4270,0.9658333333333333,0.8751764271600113,0.7596899224806202,0.9074074074074074,0.8751764271600113,0.8464653316106805,0.8270042194092827,0.7852564102564104,1.1800815234713675
4271,0.9658333333333333,0.8751764271600113,0.7596899224806202,0.9074074074074074,0.8751764271600113,0.8464653316106805,0.8270042194092827,0.7852564102564104,1.1800815234713677
4272,0.9666666666666667,0.8790523961522594,0.7674418604651163,0.908256880733945,0.8790523961522594,0.8503493705995308,0.8319327731092436,0.7919999999999999,1.1512992098089418
4273,0.9666666666666667,0.8756432805680412,0.7596899224806202,0.9158878504672897,0.8756432805680412,0.8507055531406216,0.8305084745762713,0.7865168539325843,1.15129854347775
4274,0.9666666666666667,0.872234164983823,0.751937984496124,0.9238095238095239,0.872234164983823,0.8512070874861573,0.8290598290598291,0.7809983896940418,1.151297877146558
4275,0.9683333333333334,0.8833952185525373,0.7751937984496124,0.9174311926605505,0.8833952185525373,0.8583958288884148,0.8403361344537815,0.7999999999999999,1.093733916152899
4276,0.9675,0.8795192495602893,0.7674418604651163,0.9166666666666666,0.8795192495602894,0.8545542635658914,0.8354430379746837,0.7932692307692308,1.1225162298153244
4277,0.965,0.8678913425835451,0.7441860465116279,0.9142857142857143,0.8678913425835451,0.8429858803986711,0.8205128205128205,0.7729468599033816,1.2088631708026012
4278,0.9666666666666667,0.8756432805680412,0.7596899224806202,0.9158878504672897,0.8756432805680412,0.8507055531406216,0.8305084745762713,0.7865168539325843,1.1512985434777498
4279,0.9691666666666666,0.8872711875447854,0.7829457364341085,0.9181818181818182,0.8872711875447854,0.86223044397463,0.8451882845188284,0.8067092651757188,1.0649516024904733
4280,0.965,0.8713004581677632,0.751937984496124,0.9065420560747663,0.8713004581677634,0.8425733536187785,0.8220338983050847,0.7784911717495986,1.208863837133793
4281,0.9666666666666667,0.8756432805680412,0.7596899224806202,0.9158878504672897,0.8756432805680412,0.8507055531406216,0.8305084745762713,0.7865168539325843,1.15129854347775
4282,0.97,0.8911471565370335,0.7906976744186046,0.918918918918919,0.8911471565370335,0.8660582966687618,0.85,0.8133971291866028,1.0361692888280478
4283,0.9658333333333333,0.8717673115757931,0.751937984496124,0.9150943396226415,0.8717673115757931,0.8468494953927161,0.8255319148936171,0.7797427652733119,1.1800808571401755
4284,0.9675,0.8829283651445075,0.7751937984496124,0.9090909090909091,0.8829283651445075,0.8542256871035941,0.8368200836820083,0.7987220447284344,1.1225168961465164
4285,0.9683333333333334,0.8833952185525373,0.7751937984496124,0.9174311926605505,0.8833952185525373,0.8583958288884148,0.8403361344537815,0.7999999999999999,1.093733916152899
4286,0.9666666666666667,0.8756432805680412,0.7596899224806202,0.9158878504672897,0.8756432805680412,0.8507055531406216,0.8305084745762713,0.7865168539325843,1.1512985434777498
4287,0.9675,0.8795192495602893,0.7674418604651163,0.9166666666666666,0.8795192495602894,0.8545542635658914,0.8354430379746837,0.7932692307692308,1.1225162298153244
4288,0.9683333333333334,0.8833952185525373,0.7751937984496124,0.9174311926605505,0.8833952185525373,0.8583958288884148,0.8403361344537815,0.7999999999999999,1.093733916152899
4289,0.9683333333333334,0.8868043341367555,0.7829457364341085,0.9099099099099099,0.8868043341367555,0.8580944898386759,0.8416666666666666,0.8054226475279107,1.093734582484091
4290,0.9666666666666667,0.8756432805680412,0.7596899224806202,0.9158878504672897,0.8756432805680412,0.8507055531406216,0.8305084745762713,0.7865168539325843,1.1512985434777498
4291,0.9666666666666667,0.8790523961522594,0.7674418604651163,0.908256880733945,0.8790523961522594,0.8503493705995308,0.8319327731092436,0.7919999999999999,1.1512992098089418
4292,0.9666666666666667,0.8756432805680412,0.7596899224806202,0.9158878504672897,0.8756432805680412,0.8507055531406216,0.8305084745762713,0.7865168539325843,1.15129854347775
4293,0.9683333333333334,0.8833952185525373,0.7751937984496124,0.9174311926605505,0.8833952185525373,0.8583958288884148,0.8403361344537815,0.7999999999999999,1.093733916152899
4294,0.9633333333333334,0.8635485201832671,0.7364341085271318,0.9047619047619048,0.8635485201832671,0.8347646733111849,0.811965811965812,0.7648953301127214,1.2664284644586443
4295,0.9666666666666667,0.8756432805680412,0.7596899224806202,0.9158878504672897,0.8756432805680412,0.8507055531406216,0.8305084745762713,0.7865168539325843,1.15129854347775
4296,0.9666666666666667,0.8790523961522594,0.7674418604651163,0.908256880733945,0.8790523961522594,0.8503493705995308,0.8319327731092436,0.7919999999999999,1.1512992098089418
4297,0.9683333333333334,0.8833952185525373,0.7751937984496124,0.9174311926605505,0.8833952185525373,0.8583958288884148,0.8403361344537815,0.7999999999999999,1.093733916152899
4298,0.9675,0.8829283651445075,0.7751937984496124,0.9090909090909091,0.8829283651445075,0.8542256871035941,0.8368200836820083,0.7987220447284344,1.1225168961465164
4299,0.9658333333333333,0.8751764271600113,0.7596899224806202,0.9074074074074074,0.8751764271600113,0.8464653316106805,0.8270042194092827,0.7852564102564104,1.1800815234713677
4300,0.9675,0.8829283651445075,0.7751937984496124,0.9090909090909091,0.8829283651445075,0.8542256871035941,0.8368200836820083,0.7987220447284344,1.1225168961465164
4301,0.9691666666666666,0.8872711875447854,0.7829457364341085,0.9181818181818182,0.8872711875447854,0.86223044397463,0.8451882845188284,0.8067092651757188,1.0649516024904733
4302,0.9683333333333334,0.8833952185525373,0.7751937984496124,0.9174311926605505,0.8833952185525373,0.8583958288884148,0.8403361344537815,0.7999999999999999,1.093733916152899
4303,0.9658333333333333,0.8717673115757931,0.751937984496124,0.9150943396226415,0.8717673115757931,0.8468494953927161,0.8255319148936171,0.7797427652733119,1.1800808571401757
4304,0.9683333333333334,0.8833952185525373,0.7751937984496124,0.9174311926605505,0.8833952185525373,0.8583958288884148,0.8403361344537815,0.7999999999999999,1.093733916152899
4305,0.9683333333333334,0.8833952185525373,0.7751937984496124,0.9174311926605505,0.8833952185525373,0.8583958288884148,0.8403361344537815,0.7999999999999999,1.093733916152899
4306,0.965,0.8678913425835451,0.7441860465116279,0.9142857142857143,0.8678913425835451,0.8429858803986711,0.8205128205128205,0.7729468599033816,1.2088631708026014
4307,0.9675,0.8795192495602893,0.7674418604651163,0.9166666666666666,0.8795192495602894,0.8545542635658914,0.8354430379746837,0.7932692307692308,1.1225162298153244
4308,0.9641666666666666,0.864015373591297,0.7364341085271318,0.9134615384615384,0.864015373591297,0.8391144901610017,0.815450643776824,0.7661290322580645,1.2376454844650269
4309,0.9675,0.8829283651445075,0.7751937984496124,0.9090909090909091,0.8829283651445075,0.8542256871035941,0.8368200836820083,0.7987220447284344,1.1225168961465164
4310,0.965,0.8713004581677632,0.751937984496124,0.9065420560747663,0.8713004581677634,0.8425733536187785,0.8220338983050847,0.7784911717495986,1.208863837133793
4311,0.9675,0.8795192495602893,0.7674418604651163,0.9166666666666666,0.8795192495602894,0.8545542635658914,0.8354430379746837,0.7932692307692308,1.1225162298153244
4312,0.9691666666666666,0.8872711875447854,0.7829457364341085,0.9181818181818182,0.8872711875447854,0.86223044397463,0.8451882845188284,0.8067092651757188,1.0649516024904733
4313,0.9658333333333333,0.8717673115757931,0.751937984496124,0.9150943396226415,0.8717673115757931,0.8468494953927161,0.8255319148936171,0.7797427652733119,1.1800808571401757
4314,0.9675,0.8795192495602893,0.7674418604651163,0.9166666666666666,0.8795192495602894,0.8545542635658914,0.8354430379746837,0.7932692307692308,1.1225162298153244
4315,0.9675,0.8761101339760711,0.7596899224806202,0.9245283018867925,0.8761101339760711,0.855025778850373,0.8340425531914893,0.7877813504823152,1.1225155634841326
4316,0.9658333333333333,0.8717673115757931,0.751937984496124,0.9150943396226415,0.8717673115757931,0.8468494953927161,0.8255319148936171,0.7797427652733119,1.1800808571401757
4317,0.9675,0.8761101339760711,0.7596899224806202,0.9245283018867925,0.8761101339760711,0.855025778850373,0.8340425531914893,0.7877813504823152,1.1225155634841326
4318,0.9683333333333334,0.8833952185525373,0.7751937984496124,0.9174311926605505,0.8833952185525373,0.8583958288884148,0.8403361344537815,0.7999999999999999,1.093733916152899
4319,0.9683333333333334,0.8833952185525373,0.7751937984496124,0.9174311926605505,0.8833952185525373,0.8583958288884148,0.8403361344537815,0.7999999999999999,1.093733916152899
4320,0.9641666666666666,0.864015373591297,0.7364341085271318,0.9134615384615384,0.864015373591297,0.8391144901610017,0.815450643776824,0.7661290322580645,1.2376454844650269
4321,0.9716666666666667,0.8954899789373114,0.7984496124031008,0.9279279279279279,0.8954899789373114,0.8740221034988476,0.8583333333333333,0.8213716108452951,0.9786039951720049
4322,0.9641666666666666,0.8674244891755152,0.7441860465116279,0.9056603773584906,0.8674244891755152,0.8386732119350592,0.8170212765957447,0.7717041800643085,1.2376461507962189
4323,0.9666666666666667,0.8756432805680412,0.7596899224806202,0.9158878504672897,0.8756432805680412,0.8507055531406216,0.8305084745762713,0.7865168539325843,1.1512985434777498
4324,0.9666666666666667,0.8756432805680412,0.7596899224806202,0.9158878504672897,0.8756432805680412,0.8507055531406216,0.8305084745762713,0.7865168539325843,1.1512985434777498
4325,0.9675,0.8761101339760711,0.7596899224806202,0.9245283018867925,0.8761101339760711,0.855025778850373,0.8340425531914893,0.7877813504823152,1.1225155634841326
4326,0.9658333333333333,0.8717673115757931,0.751937984496124,0.9150943396226415,0.8717673115757931,0.8468494953927161,0.8255319148936171,0.7797427652733119,1.1800808571401755
4327,0.9691666666666666,0.8872711875447854,0.7829457364341085,0.9181818181818182,0.8872711875447854,0.86223044397463,0.8451882845188284,0.8067092651757188,1.0649516024904733
4328,0.9658333333333333,0.8717673115757931,0.751937984496124,0.9150943396226415,0.8717673115757931,0.8468494953927161,0.8255319148936171,0.7797427652733119,1.1800808571401755
4329,0.9683333333333334,0.8833952185525373,0.7751937984496124,0.9174311926605505,0.8833952185525373,0.8583958288884148,0.8403361344537815,0.7999999999999999,1.093733916152899
4330,0.9675,0.8795192495602893,0.7674418604651163,0.9166666666666666,0.8795192495602894,0.8545542635658914,0.8354430379746837,0.7932692307692308,1.1225162298153244
4331,0.9675,0.8795192495602893,0.7674418604651163,0.9166666666666666,0.8795192495602894,0.8545542635658914,0.8354430379746837,0.7932692307692308,1.1225162298153246
4332,0.9675,0.8795192495602893,0.7674418604651163,0.9166666666666666,0.8795192495602894,0.8545542635658914,0.8354430379746837,0.7932692307692308,1.1225162298153246
4333,0.9658333333333333,0.8751764271600113,0.7596899224806202,0.9074074074074074,0.8751764271600113,0.8464653316106805,0.8270042194092827,0.7852564102564104,1.1800815234713673
4334,0.9666666666666667,0.8756432805680412,0.7596899224806202,0.9158878504672897,0.8756432805680412,0.8507055531406216,0.8305084745762713,0.7865168539325843,1.15129854347775
4335,0.9666666666666667,0.8756432805680412,0.7596899224806202,0.9158878504672897,0.8756432805680412,0.8507055531406216,0.8305084745762713,0.7865168539325843,1.15129854347775
4336,0.97,0.8911471565370335,0.7906976744186046,0.918918918918919,0.8911471565370335,0.8660582966687618,0.85,0.8133971291866028,1.0361692888280478
4337,0.9666666666666667,0.8790523961522594,0.7674418604651163,0.908256880733945,0.8790523961522594,0.8503493705995308,0.8319327731092436,0.7919999999999999,1.1512992098089418
4338,0.9683333333333334,0.8833952185525373,0.7751937984496124,0.9174311926605505,0.8833952185525373,0.8583958288884148,0.8403361344537815,0.7999999999999999,1.093733916152899
4339,0.9666666666666667,0.8790523961522594,0.7674418604651163,0.908256880733945,0.8790523961522594,0.8503493705995308,0.8319327731092436,0.7919999999999999,1.151299209808942
4340,0.9666666666666667,0.8756432805680412,0.7596899224806202,0.9158878504672897,0.8756432805680412,0.8507055531406216,0.8305084745762713,0.7865168539325843,1.15129854347775
4341,0.9666666666666667,0.8756432805680412,0.7596899224806202,0.9158878504672897,0.8756432805680412,0.8507055531406216,0.8305084745762713,0.7865168539325843,1.15129854347775
4342,0.9691666666666666,0.8906803031290036,0.7906976744186046,0.9107142857142857,0.8906803031290037,0.8619559800664451,0.846473029045643,0.8121019108280255,1.0649522688216653
4343,0.9666666666666667,0.8790523961522594,0.7674418604651163,0.908256880733945,0.8790523961522594,0.8503493705995308,0.8319327731092436,0.7919999999999999,1.1512992098089418
4344,0.9666666666666667,0.8756432805680412,0.7596899224806202,0.9158878504672897,0.8756432805680412,0.8507055531406216,0.8305084745762713,0.7865168539325843,1.15129854347775
4345,0.9675,0.8795192495602893,0.7674418604651163,0.9166666666666666,0.8795192495602894,0.8545542635658914,0.8354430379746837,0.7932692307692308,1.1225162298153246
4346,0.9666666666666667,0.872234164983823,0.751937984496124,0.9238095238095239,0.872234164983823,0.8512070874861573,0.8290598290598291,0.7809983896940418,1.1512978771465583
4347,0.9683333333333334,0.8833952185525373,0.7751937984496124,0.9174311926605505,0.8833952185525373,0.8583958288884148,0.8403361344537815,0.7999999999999999,1.093733916152899
4348,0.9666666666666667,0.8756432805680412,0.7596899224806202,0.9158878504672897,0.8756432805680412,0.8507055531406216,0.8305084745762713,0.7865168539325843,1.15129854347775
4349,0.9683333333333334,0.8833952185525373,0.7751937984496124,0.9174311926605505,0.8833952185525373,0.8583958288884148,0.8403361344537815,0.7999999999999999,1.093733916152899
4350,0.9675,0.8795192495602893,0.7674418604651163,0.9166666666666666,0.8795192495602894,0.8545542635658914,0.8354430379746837,0.7932692307692308,1.1225162298153244
4351,0.9691666666666666,0.8872711875447854,0.7829457364341085,0.9181818181818182,0.8872711875447854,0.86223044397463,0.8451882845188284,0.8067092651757188,1.0649516024904733
4352,0.9683333333333334,0.8833952185525373,0.7751937984496124,0.9174311926605505,0.8833952185525373,0.8583958288884148,0.8403361344537815,0.7999999999999999,1.093733916152899
4353,0.9666666666666667,0.8790523961522594,0.7674418604651163,0.908256880733945,0.8790523961522594,0.8503493705995308,0.8319327731092436,0.7919999999999999,1.1512992098089418
4354,0.9666666666666667,0.8790523961522594,0.7674418604651163,0.908256880733945,0.8790523961522594,0.8503493705995308,0.8319327731092436,0.7919999999999999,1.1512992098089418
4355,0.9683333333333334,0.8833952185525373,0.7751937984496124,0.9174311926605505,0.8833952185525373,0.8583958288884148,0.8403361344537815,0.7999999999999999,1.093733916152899
4356,0.9666666666666667,0.8756432805680412,0.7596899224806202,0.9158878504672897,0.8756432805680412,0.8507055531406216,0.8305084745762713,0.7865168539325843,1.1512985434777498
4357,0.9658333333333333,0.8717673115757931,0.751937984496124,0.9150943396226415,0.8717673115757931,0.8468494953927161,0.8255319148936171,0.7797427652733119,1.180080857140176
4358,0.9675,0.8795192495602893,0.7674418604651163,0.9166666666666666,0.8795192495602894,0.8545542635658914,0.8354430379746837,0.7932692307692308,1.1225162298153244
4359,0.9683333333333334,0.8833952185525373,0.7751937984496124,0.9174311926605505,0.8833952185525373,0.8583958288884148,0.8403361344537815,0.7999999999999999,1.093733916152899
4360,0.9666666666666667,0.8756432805680412,0.7596899224806202,0.9158878504672897,0.8756432805680412,0.8507055531406216,0.8305084745762713,0.7865168539325843,1.15129854347775
4361,0.9683333333333334,0.8833952185525373,0.7751937984496124,0.9174311926605505,0.8833952185525373,0.8583958288884148,0.8403361344537815,0.7999999999999999,1.093733916152899
4362,0.9683333333333334,0.8833952185525373,0.7751937984496124,0.9174311926605505,0.8833952185525373,0.8583958288884148,0.8403361344537815,0.7999999999999999,1.093733916152899
4363,0.9675,0.8761101339760711,0.7596899224806202,0.9245283018867925,0.8761101339760711,0.855025778850373,0.8340425531914893,0.7877813504823152,1.1225155634841328
4364,0.9683333333333334,0.8833952185525373,0.7751937984496124,0.9174311926605505,0.8833952185525373,0.8583958288884148,0.8403361344537815,0.7999999999999999,1.093733916152899
4365,0.9641666666666666,0.8674244891755152,0.7441860465116279,0.9056603773584906,0.8674244891755152,0.8386732119350592,0.8170212765957447,0.7717041800643085,1.2376461507962189
4366,0.9683333333333334,0.8833952185525373,0.7751937984496124,0.9174311926605505,0.8833952185525373,0.8583958288884148,0.8403361344537815,0.7999999999999999,1.093733916152899
4367,0.9683333333333334,0.8799861029683191,0.7674418604651163,0.9252336448598131,0.8799861029683191,0.8588377526624646,0.8389830508474577,0.7945425361155699,1.093733249821707
4368,0.9683333333333334,0.8833952185525373,0.7751937984496124,0.9174311926605505,0.8833952185525373,0.8583958288884148,0.8403361344537815,0.7999999999999999,1.093733916152899
4369,0.9666666666666667,0.8756432805680412,0.7596899224806202,0.9158878504672897,0.8756432805680412,0.8507055531406216,0.8305084745762713,0.7865168539325843,1.15129854347775
4370,0.97,0.8877380409528153,0.7829457364341085,0.926605504587156,0.8877380409528153,0.8664422871772988,0.8487394957983192,0.808,1.036168622496856
4371,0.9641666666666666,0.8674244891755152,0.7441860465116279,0.9056603773584906,0.8674244891755152,0.8386732119350592,0.8170212765957447,0.7717041800643085,1.2376461507962186
4372,0.9683333333333334,0.8833952185525373,0.7751937984496124,0.9174311926605505,0.8833952185525373,0.8583958288884148,0.8403361344537815,0.7999999999999999,1.093733916152899
4373,0.9691666666666666,0.8872711875447854,0.7829457364341085,0.9181818181818182,0.8872711875447854,0.86223044397463,0.8451882845188284,0.8067092651757188,1.0649516024904733
4374,0.9658333333333333,0.8751764271600113,0.7596899224806202,0.9074074074074074,0.8751764271600113,0.8464653316106805,0.8270042194092827,0.7852564102564104,1.1800815234713675
4375,0.9683333333333334,0.8833952185525373,0.7751937984496124,0.9174311926605505,0.8833952185525373,0.8583958288884148,0.8403361344537815,0.7999999999999999,1.093733916152899
4376,0.9641666666666666,0.864015373591297,0.7364341085271318,0.9134615384615384,0.864015373591297,0.8391144901610017,0.815450643776824,0.7661290322580645,1.2376454844650269
4377,0.9683333333333334,0.8833952185525373,0.7751937984496124,0.9174311926605505,0.8833952185525373,0.8583958288884148,0.8403361344537815,0.7999999999999999,1.093733916152899
4378,0.97,0.8911471565370335,0.7906976744186046,0.918918918918919,0.8911471565370335,0.8660582966687618,0.85,0.8133971291866028,1.0361692888280478
4379,0.9666666666666667,0.8756432805680412,0.7596899224806202,0.9158878504672897,0.8756432805680412,0.8507055531406216,0.8305084745762713,0.7865168539325843,1.15129854347775
4380,0.9666666666666667,0.8790523961522594,0.7674418604651163,0.908256880733945,0.8790523961522594,0.8503493705995308,0.8319327731092436,0.7919999999999999,1.1512992098089418
4381,0.9666666666666667,0.8756432805680412,0.7596899224806202,0.9158878504672897,0.8756432805680412,0.8507055531406216,0.8305084745762713,0.7865168539325843,1.1512985434777498
4382,0.9675,0.8795192495602893,0.7674418604651163,0.9166666666666666,0.8795192495602894,0.8545542635658914,0.8354430379746837,0.7932692307692308,1.1225162298153244
4383,0.9675,0.8795192495602893,0.7674418604651163,0.9166666666666666,0.8795192495602894,0.8545542635658914,0.8354430379746837,0.7932692307692308,1.1225162298153244
4384,0.9675,0.8795192495602893,0.7674418604651163,0.9166666666666666,0.8795192495602894,0.8545542635658914,0.8354430379746837,0.7932692307692308,1.1225162298153244
4385,0.9666666666666667,0.8756432805680412,0.7596899224806202,0.9158878504672897,0.8756432805680412,0.8507055531406216,0.8305084745762713,0.7865168539325843,1.15129854347775
4386,0.9675,0.8795192495602893,0.7674418604651163,0.9166666666666666,0.8795192495602894,0.8545542635658914,0.8354430379746837,0.7932692307692308,1.1225162298153244
4387,0.9658333333333333,0.8751764271600113,0.7596899224806202,0.9074074074074074,0.8751764271600113,0.8464653316106805,0.8270042194092827,0.7852564102564104,1.1800815234713675
4388,0.9658333333333333,0.8751764271600113,0.7596899224806202,0.9074074074074074,0.8751764271600113,0.8464653316106805,0.8270042194092827,0.7852564102564104,1.1800815234713675
4389,0.9641666666666666,0.8674244891755152,0.7441860465116279,0.9056603773584906,0.8674244891755152,0.8386732119350592,0.8170212765957447,0.7717041800643085,1.2376461507962186
4390,0.9675,0.8795192495602893,0.7674418604651163,0.9166666666666666,0.8795192495602894,0.8545542635658914,0.8354430379746837,0.7932692307692308,1.1225162298153246
4391,0.9658333333333333,0.8683581959915749,0.7441860465116279,0.9230769230769231,0.8683581959915749,0.8473814847942756,0.8240343347639485,0.7741935483870968,1.180080190808984
4392,0.9658333333333333,0.8717673115757931,0.751937984496124,0.9150943396226415,0.8717673115757931,0.8468494953927161,0.8255319148936171,0.7797427652733119,1.1800808571401755
4393,0.9683333333333334,0.8833952185525373,0.7751937984496124,0.9174311926605505,0.8833952185525373,0.8583958288884148,0.8403361344537815,0.7999999999999999,1.093733916152899
4394,0.9683333333333334,0.8799861029683191,0.7674418604651163,0.9252336448598131,0.8799861029683191,0.8588377526624646,0.8389830508474577,0.7945425361155699,1.093733249821707
4395,0.9658333333333333,0.8717673115757931,0.751937984496124,0.9150943396226415,0.8717673115757931,0.8468494953927161,0.8255319148936171,0.7797427652733119,1.1800808571401757
4396,0.9683333333333334,0.8833952185525373,0.7751937984496124,0.9174311926605505,0.8833952185525373,0.8583958288884148,0.8403361344537815,0.7999999999999999,1.093733916152899
4397,0.965,0.8713004581677632,0.751937984496124,0.9065420560747663,0.8713004581677634,0.8425733536187785,0.8220338983050847,0.7784911717495986,1.208863837133793
4398,0.9666666666666667,0.8756432805680412,0.7596899224806202,0.9158878504672897,0.8756432805680412,0.8507055531406216,0.8305084745762713,0.7865168539325843,1.1512985434777498
4399,0.9658333333333333,0.8785855427442295,0.7674418604651163,0.9,0.8785855427442295,0.8462209302325582,0.8284518828451884,0.7907348242811502,1.1800821898025595
4400,0.9658333333333333,0.8717673115757931,0.751937984496124,0.9150943396226415,0.8717673115757931,0.8468494953927161,0.8255319148936171,0.7797427652733119,1.1800808571401757
4401,0.9666666666666667,0.8790523961522594,0.7674418604651163,0.908256880733945,0.8790523961522594,0.8503493705995308,0.8319327731092436,0.7919999999999999,1.1512992098089418
4402,0.9658333333333333,0.8751764271600113,0.7596899224806202,0.9074074074074074,0.8751764271600113,0.8464653316106805,0.8270042194092827,0.7852564102564104,1.1800815234713675
4403,0.965,0.8678913425835451,0.7441860465116279,0.9142857142857143,0.8678913425835451,0.8429858803986711,0.8205128205128205,0.7729468599033816,1.2088631708026012
4404,0.9708333333333333,0.8950231255292815,0.7984496124031008,0.9196428571428571,0.8950231255292815,0.8698795681063124,0.8547717842323651,0.8200636942675159,1.0073869751656221
4405,0.9675,0.8761101339760711,0.7596899224806202,0.9245283018867925,0.8761101339760711,0.855025778850373,0.8340425531914893,0.7877813504823152,1.1225155634841326
4406,0.9666666666666667,0.8756432805680412,0.7596899224806202,0.9158878504672897,0.8756432805680412,0.8507055531406216,0.8305084745762713,0.7865168539325843,1.1512985434777498
4407,0.9683333333333334,0.8833952185525373,0.7751937984496124,0.9174311926605505,0.8833952185525373,0.8583958288884148,0.8403361344537815,0.7999999999999999,1.093733916152899
4408,0.965,0.8678913425835451,0.7441860465116279,0.9142857142857143,0.8678913425835451,0.8429858803986711,0.8205128205128205,0.7729468599033816,1.2088631708026012
4409,0.9675,0.8795192495602893,0.7674418604651163,0.9166666666666666,0.8795192495602894,0.8545542635658914,0.8354430379746837,0.7932692307692308,1.1225162298153244
4410,0.9658333333333333,0.8751764271600113,0.7596899224806202,0.9074074074074074,0.8751764271600113,0.8464653316106805,0.8270042194092827,0.7852564102564104,1.1800815234713675
4411,0.9658333333333333,0.8717673115757931,0.751937984496124,0.9150943396226415,0.8717673115757931,0.8468494953927161,0.8255319148936171,0.7797427652733119,1.1800808571401757
4412,0.9675,0.8795192495602893,0.7674418604651163,0.9166666666666666,0.8795192495602894,0.8545542635658914,0.8354430379746837,0.7932692307692308,1.1225162298153246
4413,0.9666666666666667,0.8790523961522594,0.7674418604651163,0.908256880733945,0.8790523961522594,0.8503493705995308,0.8319327731092436,0.7919999999999999,1.1512992098089418
4414,0.9666666666666667,0.8756432805680412,0.7596899224806202,0.9158878504672897,0.8756432805680412,0.8507055531406216,0.8305084745762713,0.7865168539325843,1.15129854347775
4415,0.9691666666666666,0.8872711875447854,0.7829457364341085,0.9181818181818182,0.8872711875447854,0.86223044397463,0.8451882845188284,0.8067092651757188,1.0649516024904733
4416,0.9666666666666667,0.8756432805680412,0.7596899224806202,0.9158878504672897,0.8756432805680412,0.8507055531406216,0.8305084745762713,0.7865168539325843,1.1512985434777498
4417,0.9666666666666667,0.8756432805680412,0.7596899224806202,0.9158878504672897,0.8756432805680412,0.8507055531406216,0.8305084745762713,0.7865168539325843,1.1512985434777498
4418,0.97,0.8911471565370335,0.7906976744186046,0.918918918918919,0.8911471565370335,0.8660582966687618,0.85,0.8133971291866028,1.0361692888280478
4419,0.9666666666666667,0.8790523961522594,0.7674418604651163,0.908256880733945,0.8790523961522594,0.8503493705995308,0.8319327731092436,0.7919999999999999,1.1512992098089418
4420,0.9708333333333333,0.8950231255292815,0.7984496124031008,0.9196428571428571,0.8950231255292815,0.8698795681063124,0.8547717842323651,0.8200636942675159,1.0073869751656221
4421,0.9675,0.8795192495602893,0.7674418604651163,0.9166666666666666,0.8795192495602894,0.8545542635658914,0.8354430379746837,0.7932692307692308,1.1225162298153244
4422,0.9666666666666667,0.8756432805680412,0.7596899224806202,0.9158878504672897,0.8756432805680412,0.8507055531406216,0.8305084745762713,0.7865168539325843,1.15129854347775
4423,0.965,0.8713004581677632,0.751937984496124,0.9065420560747663,0.8713004581677634,0.8425733536187785,0.8220338983050847,0.7784911717495986,1.208863837133793
4424,0.9683333333333334,0.8833952185525373,0.7751937984496124,0.9174311926605505,0.8833952185525373,0.8583958288884148,0.8403361344537815,0.7999999999999999,1.093733916152899
4425,0.9658333333333333,0.8751764271600113,0.7596899224806202,0.9074074074074074,0.8751764271600113,0.8464653316106805,0.8270042194092827,0.7852564102564104,1.1800815234713675
4426,0.9708333333333333,0.8950231255292815,0.7984496124031008,0.9196428571428571,0.8950231255292815,0.8698795681063124,0.8547717842323651,0.8200636942675159,1.0073869751656221
4427,0.9708333333333333,0.8916140099450633,0.7906976744186046,0.9272727272727272,0.8916140099450633,0.870235200845666,0.8535564853556484,0.8146964856230033,1.0073863088344304
4428,0.9675,0.8795192495602893,0.7674418604651163,0.9166666666666666,0.8795192495602894,0.8545542635658914,0.8354430379746837,0.7932692307692308,1.1225162298153244
4429,0.9683333333333334,0.8799861029683191,0.7674418604651163,0.9252336448598131,0.8799861029683191,0.8588377526624646,0.8389830508474577,0.7945425361155699,1.093733249821707
4430,0.965,0.8678913425835451,0.7441860465116279,0.9142857142857143,0.8678913425835451,0.8429858803986711,0.8205128205128205,0.7729468599033816,1.2088631708026012
4431,0.9675,0.8795192495602893,0.7674418604651163,0.9166666666666666,0.8795192495602894,0.8545542635658914,0.8354430379746837,0.7932692307692308,1.1225162298153246
4432,0.97,0.8911471565370335,0.7906976744186046,0.918918918918919,0.8911471565370335,0.8660582966687618,0.85,0.8133971291866028,1.0361692888280478
4433,0.9641666666666666,0.864015373591297,0.7364341085271318,0.9134615384615384,0.864015373591297,0.8391144901610017,0.815450643776824,0.7661290322580645,1.2376454844650269
4434,0.9691666666666666,0.8838620719605672,0.7751937984496124,0.9259259259259259,0.8838620719605672,0.8626431955211026,0.8438818565400844,0.8012820512820513,1.0649509361592815
4435,0.9683333333333334,0.8833952185525373,0.7751937984496124,0.9174311926605505,0.8833952185525373,0.8583958288884148,0.8403361344537815,0.7999999999999999,1.093733916152899
4436,0.9683333333333334,0.8833952185525373,0.7751937984496124,0.9174311926605505,0.8833952185525373,0.8583958288884148,0.8403361344537815,0.7999999999999999,1.093733916152899
4437,0.9658333333333333,0.8717673115757931,0.751937984496124,0.9150943396226415,0.8717673115757931,0.8468494953927161,0.8255319148936171,0.7797427652733119,1.1800808571401757
4438,0.9658333333333333,0.8717673115757931,0.751937984496124,0.9150943396226415,0.8717673115757931,0.8468494953927161,0.8255319148936171,0.7797427652733119,1.1800808571401755
4439,0.9683333333333334,0.8799861029683191,0.7674418604651163,0.9252336448598131,0.8799861029683191,0.8588377526624646,0.8389830508474577,0.7945425361155699,1.093733249821707
4440,0.9675,0.8795192495602893,0.7674418604651163,0.9166666666666666,0.8795192495602894,0.8545542635658914,0.8354430379746837,0.7932692307692308,1.1225162298153246
4441,0.965,0.8678913425835451,0.7441860465116279,0.9142857142857143,0.8678913425835451,0.8429858803986711,0.8205128205128205,0.7729468599033816,1.2088631708026012
4442,0.9683333333333334,0.8799861029683191,0.7674418604651163,0.9252336448598131,0.8799861029683191,0.8588377526624646,0.8389830508474577,0.7945425361155699,1.093733249821707
4443,0.9666666666666667,0.8756432805680412,0.7596899224806202,0.9158878504672897,0.8756432805680412,0.8507055531406216,0.8305084745762713,0.7865168539325843,1.1512985434777498
4444,0.9683333333333334,0.8833952185525373,0.7751937984496124,0.9174311926605505,0.8833952185525373,0.8583958288884148,0.8403361344537815,0.7999999999999999,1.093733916152899
4445,0.9675,0.8795192495602893,0.7674418604651163,0.9166666666666666,0.8795192495602894,0.8545542635658914,0.8354430379746837,0.7932692307692308,1.1225162298153244
4446,0.9675,0.8795192495602893,0.7674418604651163,0.9166666666666666,0.8795192495602894,0.8545542635658914,0.8354430379746837,0.7932692307692308,1.1225162298153244
4447,0.965,0.8713004581677632,0.751937984496124,0.9065420560747663,0.8713004581677634,0.8425733536187785,0.8220338983050847,0.7784911717495986,1.208863837133793
4448,0.9675,0.8795192495602893,0.7674418604651163,0.9166666666666666,0.8795192495602894,0.8545542635658914,0.8354430379746837,0.7932692307692308,1.1225162298153244
4449,0.9641666666666666,0.8674244891755152,0.7441860465116279,0.9056603773584906,0.8674244891755152,0.8386732119350592,0.8170212765957447,0.7717041800643085,1.2376461507962189
4450,0.9675,0.8795192495602893,0.7674418604651163,0.9166666666666666,0.8795192495602894,0.8545542635658914,0.8354430379746837,0.7932692307692308,1.1225162298153246
4451,0.9641666666666666,0.864015373591297,0.7364341085271318,0.9134615384615384,0.864015373591297,0.8391144901610017,0.815450643776824,0.7661290322580645,1.2376454844650269
4452,0.9666666666666667,0.8756432805680412,0.7596899224806202,0.9158878504672897,0.8756432805680412,0.8507055531406216,0.8305084745762713,0.7865168539325843,1.1512985434777498
4453,0.9675,0.8795192495602893,0.7674418604651163,0.9166666666666666,0.8795192495602894,0.8545542635658914,0.8354430379746837,0.7932692307692308,1.1225162298153244
4454,0.965,0.8678913425835451,0.7441860465116279,0.9142857142857143,0.8678913425835451,0.8429858803986711,0.8205128205128205,0.7729468599033816,1.2088631708026012
4455,0.9683333333333334,0.8799861029683191,0.7674418604651163,0.9252336448598131,0.8799861029683191,0.8588377526624646,0.8389830508474577,0.7945425361155699,1.093733249821707
4456,0.9691666666666666,0.8872711875447854,0.7829457364341085,0.9181818181818182,0.8872711875447854,0.86223044397463,0.8451882845188284,0.8067092651757188,1.0649516024904733
4457,0.9675,0.8795192495602893,0.7674418604651163,0.9166666666666666,0.8795192495602894,0.8545542635658914,0.8354430379746837,0.7932692307692308,1.1225162298153244
4458,0.9691666666666666,0.8872711875447854,0.7829457364341085,0.9181818181818182,0.8872711875447854,0.86223044397463,0.8451882845188284,0.8067092651757188,1.0649516024904733
4459,0.9666666666666667,0.8756432805680412,0.7596899224806202,0.9158878504672897,0.8756432805680412,0.8507055531406216,0.8305084745762713,0.7865168539325843,1.15129854347775
4460,0.9658333333333333,0.8717673115757931,0.751937984496124,0.9150943396226415,0.8717673115757931,0.8468494953927161,0.8255319148936171,0.7797427652733119,1.1800808571401755
4461,0.9675,0.8795192495602893,0.7674418604651163,0.9166666666666666,0.8795192495602894,0.8545542635658914,0.8354430379746837,0.7932692307692308,1.1225162298153244
4462,0.9675,0.8761101339760711,0.7596899224806202,0.9245283018867925,0.8761101339760711,0.855025778850373,0.8340425531914893,0.7877813504823152,1.1225155634841326
4463,0.9666666666666667,0.8756432805680412,0.7596899224806202,0.9158878504672897,0.8756432805680412,0.8507055531406216,0.8305084745762713,0.7865168539325843,1.15129854347775
4464,0.9683333333333334,0.8833952185525373,0.7751937984496124,0.9174311926605505,0.8833952185525373,0.8583958288884148,0.8403361344537815,0.7999999999999999,1.093733916152899
4465,0.9691666666666666,0.8872711875447854,0.7829457364341085,0.9181818181818182,0.8872711875447854,0.86223044397463,0.8451882845188284,0.8067092651757188,1.0649516024904733
4466,0.965,0.8678913425835451,0.7441860465116279,0.9142857142857143,0.8678913425835451,0.8429858803986711,0.8205128205128205,0.7729468599033816,1.208863170802601
4467,0.9658333333333333,0.8717673115757931,0.751937984496124,0.9150943396226415,0.8717673115757931,0.8468494953927161,0.8255319148936171,0.7797427652733119,1.1800808571401755
4468,0.9675,0.8829283651445075,0.7751937984496124,0.9090909090909091,0.8829283651445075,0.8542256871035941,0.8368200836820083,0.7987220447284344,1.1225168961465162
4469,0.9666666666666667,0.8790523961522594,0.7674418604651163,0.908256880733945,0.8790523961522594,0.8503493705995308,0.8319327731092436,0.7919999999999999,1.1512992098089418
4470,0.9691666666666666,0.8872711875447854,0.7829457364341085,0.9181818181818182,0.8872711875447854,0.86223044397463,0.8451882845188284,0.8067092651757188,1.0649516024904733
4471,0.9658333333333333,0.8751764271600113,0.7596899224806202,0.9074074074074074,0.8751764271600113,0.8464653316106805,0.8270042194092827,0.7852564102564104,1.1800815234713675
4472,0.97,0.8911471565370335,0.7906976744186046,0.918918918918919,0.8911471565370335,0.8660582966687618,0.85,0.8133971291866028,1.0361692888280478
4473,0.9683333333333334,0.8868043341367555,0.7829457364341085,0.9099099099099099,0.8868043341367555,0.8580944898386759,0.8416666666666666,0.8054226475279107,1.093734582484091
4474,0.97,0.8911471565370335,0.7906976744186046,0.918918918918919,0.8911471565370335,0.8660582966687618,0.85,0.8133971291866028,1.0361692888280478
4475,0.965,0.8678913425835451,0.7441860465116279,0.9142857142857143,0.8678913425835451,0.8429858803986711,0.8205128205128205,0.7729468599033816,1.208863170802601
4476,0.9658333333333333,0.8717673115757931,0.751937984496124,0.9150943396226415,0.8717673115757931,0.8468494953927161,0.8255319148936171,0.7797427652733119,1.1800808571401755
4477,0.97,0.8911471565370335,0.7906976744186046,0.918918918918919,0.8911471565370335,0.8660582966687618,0.85,0.8133971291866028,1.0361692888280478
4478,0.9666666666666667,0.8756432805680412,0.7596899224806202,0.9158878504672897,0.8756432805680412,0.8507055531406216,0.8305084745762713,0.7865168539325843,1.15129854347775
4479,0.9666666666666667,0.8756432805680412,0.7596899224806202,0.9158878504672897,0.8756432805680412,0.8507055531406216,0.8305084745762713,0.7865168539325843,1.15129854347775
4480,0.9675,0.8829283651445075,0.7751937984496124,0.9090909090909091,0.8829283651445075,0.8542256871035941,0.8368200836820083,0.7987220447284344,1.1225168961465164
4481,0.97,0.8911471565370335,0.7906976744186046,0.918918918918919,0.8911471565370335,0.8660582966687618,0.85,0.8133971291866028,1.0361692888280478
4482,0.9666666666666667,0.8756432805680412,0.7596899224806202,0.9158878504672897,0.8756432805680412,0.8507055531406216,0.8305084745762713,0.7865168539325843,1.1512985434777498
4483,0.9683333333333334,0.8833952185525373,0.7751937984496124,0.9174311926605505,0.8833952185525373,0.8583958288884148,0.8403361344537815,0.7999999999999999,1.093733916152899
4484,0.9708333333333333,0.8950231255292815,0.7984496124031008,0.9196428571428571,0.8950231255292815,0.8698795681063124,0.8547717842323651,0.8200636942675159,1.0073869751656221
4485,0.9675,0.8795192495602893,0.7674418604651163,0.9166666666666666,0.8795192495602894,0.8545542635658914,0.8354430379746837,0.7932692307692308,1.1225162298153246
4486,0.9666666666666667,0.8790523961522594,0.7674418604651163,0.908256880733945,0.8790523961522594,0.8503493705995308,0.8319327731092436,0.7919999999999999,1.1512992098089418
4487,0.9691666666666666,0.8872711875447854,0.7829457364341085,0.9181818181818182,0.8872711875447854,0.86223044397463,0.8451882845188284,0.8067092651757188,1.0649516024904733
4488,0.965,0.8678913425835451,0.7441860465116279,0.9142857142857143,0.8678913425835451,0.8429858803986711,0.8205128205128205,0.7729468599033816,1.208863170802601
4489,0.9675,0.8795192495602893,0.7674418604651163,0.9166666666666666,0.8795192495602894,0.8545542635658914,0.8354430379746837,0.7932692307692308,1.1225162298153246
4490,0.9658333333333333,0.8717673115757931,0.751937984496124,0.9150943396226415,0.8717673115757931,0.8468494953927161,0.8255319148936171,0.7797427652733119,1.1800808571401757
4491,0.965,0.8678913425835451,0.7441860465116279,0.9142857142857143,0.8678913425835451,0.8429858803986711,0.8205128205128205,0.7729468599033816,1.2088631708026012
4492,0.9666666666666667,0.872234164983823,0.751937984496124,0.9238095238095239,0.872234164983823,0.8512070874861573,0.8290598290598291,0.7809983896940418,1.1512978771465583
4493,0.9675,0.8795192495602893,0.7674418604651163,0.9166666666666666,0.8795192495602894,0.8545542635658914,0.8354430379746837,0.7932692307692308,1.1225162298153244
4494,0.9675,0.8795192495602893,0.7674418604651163,0.9166666666666666,0.8795192495602894,0.8545542635658914,0.8354430379746837,0.7932692307692308,1.1225162298153244
4495,0.9675,0.8795192495602893,0.7674418604651163,0.9166666666666666,0.8795192495602894,0.8545542635658914,0.8354430379746837,0.7932692307692308,1.1225162298153244
4496,0.9658333333333333,0.8717673115757931,0.751937984496124,0.9150943396226415,0.8717673115757931,0.8468494953927161,0.8255319148936171,0.7797427652733119,1.1800808571401755
4497,0.9675,0.8829283651445075,0.7751937984496124,0.9090909090909091,0.8829283651445075,0.8542256871035941,0.8368200836820083,0.7987220447284344,1.1225168961465162
4498,0.9675,0.8795192495602893,0.7674418604651163,0.9166666666666666,0.8795192495602894,0.8545542635658914,0.8354430379746837,0.7932692307692308,1.1225162298153244
4499,0.9683333333333334,0.8868043341367555,0.7829457364341085,0.9099099099099099,0.8868043341367555,0.8580944898386759,0.8416666666666666,0.8054226475279107,1.0937345824840907
4500,0.9691666666666666,0.8872711875447854,0.7829457364341085,0.9181818181818182,0.8872711875447854,0.86223044397463,0.8451882845188284,0.8067092651757188,1.0649516024904733
4501,0.9683333333333334,0.8868043341367555,0.7829457364341085,0.9099099099099099,0.8868043341367555,0.8580944898386759,0.8416666666666666,0.8054226475279107,1.0937345824840907
4502,0.9683333333333334,0.8868043341367555,0.7829457364341085,0.9099099099099099,0.8868043341367555,0.8580944898386759,0.8416666666666666,0.8054226475279107,1.0937345824840907
4503,0.9708333333333333,0.8984322411134997,0.8062015503875969,0.9122807017543859,0.8984322411134997,0.8696577927376581,0.8559670781893004,0.8253968253968255,1.0073876414968141
4504,0.9641666666666666,0.864015373591297,0.7364341085271318,0.9134615384615384,0.864015373591297,0.8391144901610017,0.815450643776824,0.7661290322580645,1.2376454844650269
4505,0.9691666666666666,0.8872711875447854,0.7829457364341085,0.9181818181818182,0.8872711875447854,0.86223044397463,0.8451882845188284,0.8067092651757188,1.0649516024904733
4506,0.97,0.8911471565370335,0.7906976744186046,0.918918918918919,0.8911471565370335,0.8660582966687618,0.85,0.8133971291866028,1.0361692888280478
4507,0.9666666666666667,0.8790523961522594,0.7674418604651163,0.908256880733945,0.8790523961522594,0.8503493705995308,0.8319327731092436,0.7919999999999999,1.1512992098089418
4508,0.9683333333333334,0.8833952185525373,0.7751937984496124,0.9174311926605505,0.8833952185525373,0.8583958288884148,0.8403361344537815,0.7999999999999999,1.093733916152899
4509,0.9683333333333334,0.8833952185525373,0.7751937984496124,0.9174311926605505,0.8833952185525373,0.8583958288884148,0.8403361344537815,0.7999999999999999,1.093733916152899
4510,0.97,0.8911471565370335,0.7906976744186046,0.918918918918919,0.8911471565370335,0.8660582966687618,0.85,0.8133971291866028,1.0361692888280478
4511,0.9675,0.8829283651445075,0.7751937984496124,0.9090909090909091,0.8829283651445075,0.8542256871035941,0.8368200836820083,0.7987220447284344,1.1225168961465164
4512,0.9658333333333333,0.8717673115757931,0.751937984496124,0.9150943396226415,0.8717673115757931,0.8468494953927161,0.8255319148936171,0.7797427652733119,1.1800808571401755
4513,0.9658333333333333,0.8717673115757931,0.751937984496124,0.9150943396226415,0.8717673115757931,0.8468494953927161,0.8255319148936171,0.7797427652733119,1.180080857140176
4514,0.9675,0.8795192495602893,0.7674418604651163,0.9166666666666666,0.8795192495602894,0.8545542635658914,0.8354430379746837,0.7932692307692308,1.1225162298153244
4515,0.9666666666666667,0.8756432805680412,0.7596899224806202,0.9158878504672897,0.8756432805680412,0.8507055531406216,0.8305084745762713,0.7865168539325843,1.1512985434777498
4516,0.9675,0.8829283651445075,0.7751937984496124,0.9090909090909091,0.8829283651445075,0.8542256871035941,0.8368200836820083,0.7987220447284344,1.1225168961465164
4517,0.9683333333333334,0.8833952185525373,0.7751937984496124,0.9174311926605505,0.8833952185525373,0.8583958288884148,0.8403361344537815,0.7999999999999999,1.093733916152899
4518,0.9666666666666667,0.8756432805680412,0.7596899224806202,0.9158878504672897,0.8756432805680412,0.8507055531406216,0.8305084745762713,0.7865168539325843,1.15129854347775
4519,0.9666666666666667,0.8756432805680412,0.7596899224806202,0.9158878504672897,0.8756432805680412,0.8507055531406216,0.8305084745762713,0.7865168539325843,1.15129854347775
4520,0.9683333333333334,0.8833952185525373,0.7751937984496124,0.9174311926605505,0.8833952185525373,0.8583958288884148,0.8403361344537815,0.7999999999999999,1.093733916152899
4521,0.9691666666666666,0.8872711875447854,0.7829457364341085,0.9181818181818182,0.8872711875447854,0.86223044397463,0.8451882845188284,0.8067092651757188,1.0649516024904735
4522,0.9675,0.8795192495602893,0.7674418604651163,0.9166666666666666,0.8795192495602894,0.8545542635658914,0.8354430379746837,0.7932692307692308,1.1225162298153244
4523,0.9683333333333334,0.8833952185525373,0.7751937984496124,0.9174311926605505,0.8833952185525373,0.8583958288884148,0.8403361344537815,0.7999999999999999,1.093733916152899
4524,0.9691666666666666,0.8906803031290036,0.7906976744186046,0.9107142857142857,0.8906803031290037,0.8619559800664451,0.846473029045643,0.8121019108280255,1.064952268821665
4525,0.9683333333333334,0.8833952185525373,0.7751937984496124,0.9174311926605505,0.8833952185525373,0.8583958288884148,0.8403361344537815,0.7999999999999999,1.093733916152899
4526,0.9675,0.8795192495602893,0.7674418604651163,0.9166666666666666,0.8795192495602894,0.8545542635658914,0.8354430379746837,0.7932692307692308,1.1225162298153244
4527,0.9691666666666666,0.8838620719605672,0.7751937984496124,0.9259259259259259,0.8838620719605672,0.8626431955211026,0.8438818565400844,0.8012820512820513,1.0649509361592815
4528,0.9675,0.8795192495602893,0.7674418604651163,0.9166666666666666,0.8795192495602894,0.8545542635658914,0.8354430379746837,0.7932692307692308,1.1225162298153244
4529,0.9633333333333334,0.8601394045990489,0.7286821705426356,0.912621359223301,0.8601394045990489,0.8352350982163016,0.8103448275862069,0.7592891760904686,1.2664277981274525
4530,0.9658333333333333,0.8717673115757931,0.751937984496124,0.9150943396226415,0.8717673115757931,0.8468494953927161,0.8255319148936171,0.7797427652733119,1.1800808571401757
4531,0.9683333333333334,0.8833952185525373,0.7751937984496124,0.9174311926605505,0.8833952185525373,0.8583958288884148,0.8403361344537815,0.7999999999999999,1.093733916152899
4532,0.9683333333333334,0.8833952185525373,0.7751937984496124,0.9174311926605505,0.8833952185525373,0.8583958288884148,0.8403361344537815,0.7999999999999999,1.093733916152899
4533,0.9658333333333333,0.8683581959915749,0.7441860465116279,0.9230769230769231,0.8683581959915749,0.8473814847942756,0.8240343347639485,0.7741935483870968,1.180080190808984
4534,0.965,0.8678913425835451,0.7441860465116279,0.9142857142857143,0.8678913425835451,0.8429858803986711,0.8205128205128205,0.7729468599033816,1.2088631708026012
4535,0.9683333333333334,0.8799861029683191,0.7674418604651163,0.9252336448598131,0.8799861029683191,0.8588377526624646,0.8389830508474577,0.7945425361155699,1.093733249821707
4536,0.9691666666666666,0.8872711875447854,0.7829457364341085,0.9181818181818182,0.8872711875447854,0.86223044397463,0.8451882845188284,0.8067092651757188,1.0649516024904733
4537,0.9683333333333334,0.8833952185525373,0.7751937984496124,0.9174311926605505,0.8833952185525373,0.8583958288884148,0.8403361344537815,0.7999999999999999,1.093733916152899
4538,0.9641666666666666,0.8674244891755152,0.7441860465116279,0.9056603773584906,0.8674244891755152,0.8386732119350592,0.8170212765957447,0.7717041800643085,1.2376461507962186
4539,0.9683333333333334,0.8833952185525373,0.7751937984496124,0.9174311926605505,0.8833952185525373,0.8583958288884148,0.8403361344537815,0.7999999999999999,1.093733916152899
4540,0.9683333333333334,0.8833952185525373,0.7751937984496124,0.9174311926605505,0.8833952185525373,0.8583958288884148,0.8403361344537815,0.7999999999999999,1.093733916152899
4541,0.9658333333333333,0.8717673115757931,0.751937984496124,0.9150943396226415,0.8717673115757931,0.8468494953927161,0.8255319148936171,0.7797427652733119,1.1800808571401757
4542,0.965,0.8678913425835451,0.7441860465116279,0.9142857142857143,0.8678913425835451,0.8429858803986711,0.8205128205128205,0.7729468599033816,1.2088631708026014
4543,0.9691666666666666,0.8872711875447854,0.7829457364341085,0.9181818181818182,0.8872711875447854,0.86223044397463,0.8451882845188284,0.8067092651757188,1.0649516024904733
4544,0.9666666666666667,0.8756432805680412,0.7596899224806202,0.9158878504672897,0.8756432805680412,0.8507055531406216,0.8305084745762713,0.7865168539325843,1.1512985434777498
4545,0.9666666666666667,0.8756432805680412,0.7596899224806202,0.9158878504672897,0.8756432805680412,0.8507055531406216,0.8305084745762713,0.7865168539325843,1.1512985434777503
4546,0.9666666666666667,0.8756432805680412,0.7596899224806202,0.9158878504672897,0.8756432805680412,0.8507055531406216,0.8305084745762713,0.7865168539325843,1.15129854347775
4547,0.9666666666666667,0.8756432805680412,0.7596899224806202,0.9158878504672897,0.8756432805680412,0.8507055531406216,0.8305084745762713,0.7865168539325843,1.1512985434777498
4548,0.9666666666666667,0.8790523961522594,0.7674418604651163,0.908256880733945,0.8790523961522594,0.8503493705995308,0.8319327731092436,0.7919999999999999,1.1512992098089418
4549,0.97,0.8877380409528153,0.7829457364341085,0.926605504587156,0.8877380409528153,0.8664422871772988,0.8487394957983192,0.808,1.036168622496856
4550,0.9683333333333334,0.8833952185525373,0.7751937984496124,0.9174311926605505,0.8833952185525373,0.8583958288884148,0.8403361344537815,0.7999999999999999,1.093733916152899
4551,0.9658333333333333,0.8717673115757931,0.751937984496124,0.9150943396226415,0.8717673115757931,0.8468494953927161,0.8255319148936171,0.7797427652733119,1.1800808571401757
4552,0.9666666666666667,0.8790523961522594,0.7674418604651163,0.908256880733945,0.8790523961522594,0.8503493705995308,0.8319327731092436,0.7919999999999999,1.1512992098089418
4553,0.9666666666666667,0.8756432805680412,0.7596899224806202,0.9158878504672897,0.8756432805680412,0.8507055531406216,0.8305084745762713,0.7865168539325843,1.1512985434777498
4554,0.9675,0.8795192495602893,0.7674418604651163,0.9166666666666666,0.8795192495602894,0.8545542635658914,0.8354430379746837,0.7932692307692308,1.1225162298153244
4555,0.9666666666666667,0.8756432805680412,0.7596899224806202,0.9158878504672897,0.8756432805680412,0.8507055531406216,0.8305084745762713,0.7865168539325843,1.1512985434777498
4556,0.9675,0.8795192495602893,0.7674418604651163,0.9166666666666666,0.8795192495602894,0.8545542635658914,0.8354430379746837,0.7932692307692308,1.1225162298153244
4557,0.9658333333333333,0.8717673115757931,0.751937984496124,0.9150943396226415,0.8717673115757931,0.8468494953927161,0.8255319148936171,0.7797427652733119,1.1800808571401757
4558,0.9658333333333333,0.8717673115757931,0.751937984496124,0.9150943396226415,0.8717673115757931,0.8468494953927161,0.8255319148936171,0.7797427652733119,1.1800808571401755
4559,0.9658333333333333,0.8717673115757931,0.751937984496124,0.9150943396226415,0.8717673115757931,0.8468494953927161,0.8255319148936171,0.7797427652733119,1.1800808571401757
4560,0.9683333333333334,0.8833952185525373,0.7751937984496124,0.9174311926605505,0.8833952185525373,0.8583958288884148,0.8403361344537815,0.7999999999999999,1.093733916152899
4561,0.9658333333333333,0.8717673115757931,0.751937984496124,0.9150943396226415,0.8717673115757931,0.8468494953927161,0.8255319148936171,0.7797427652733119,1.1800808571401757
4562,0.9666666666666667,0.8756432805680412,0.7596899224806202,0.9158878504672897,0.8756432805680412,0.8507055531406216,0.8305084745762713,0.7865168539325843,1.15129854347775
4563,0.9675,0.8795192495602893,0.7674418604651163,0.9166666666666666,0.8795192495602894,0.8545542635658914,0.8354430379746837,0.7932692307692308,1.1225162298153246
4564,0.9708333333333333,0.8950231255292815,0.7984496124031008,0.9196428571428571,0.8950231255292815,0.8698795681063124,0.8547717842323651,0.8200636942675159,1.0073869751656221
4565,0.9691666666666666,0.8872711875447854,0.7829457364341085,0.9181818181818182,0.8872711875447854,0.86223044397463,0.8451882845188284,0.8067092651757188,1.0649516024904735
4566,0.9675,0.8795192495602893,0.7674418604651163,0.9166666666666666,0.8795192495602894,0.8545542635658914,0.8354430379746837,0.7932692307692308,1.1225162298153244
4567,0.9675,0.8829283651445075,0.7751937984496124,0.9090909090909091,0.8829283651445075,0.8542256871035941,0.8368200836820083,0.7987220447284344,1.1225168961465162
4568,0.9683333333333334,0.8868043341367555,0.7829457364341085,0.9099099099099099,0.8868043341367555,0.8580944898386759,0.8416666666666666,0.8054226475279107,1.0937345824840907
4569,0.965,0.8713004581677632,0.751937984496124,0.9065420560747663,0.8713004581677634,0.8425733536187785,0.8220338983050847,0.7784911717495986,1.208863837133793
4570,0.9683333333333334,0.8833952185525373,0.7751937984496124,0.9174311926605505,0.8833952185525373,0.8583958288884148,0.8403361344537815,0.7999999999999999,1.093733916152899
4571,0.965,0.8678913425835451,0.7441860465116279,0.9142857142857143,0.8678913425835451,0.8429858803986711,0.8205128205128205,0.7729468599033816,1.2088631708026014
4572,0.9675,0.8795192495602893,0.7674418604651163,0.9166666666666666,0.8795192495602894,0.8545542635658914,0.8354430379746837,0.7932692307692308,1.1225162298153246
4573,0.9691666666666666,0.8906803031290036,0.7906976744186046,0.9107142857142857,0.8906803031290037,0.8619559800664451,0.846473029045643,0.8121019108280255,1.0649522688216653
4574,0.9675,0.8829283651445075,0.7751937984496124,0.9090909090909091,0.8829283651445075,0.8542256871035941,0.8368200836820083,0.7987220447284344,1.1225168961465162
4575,0.9666666666666667,0.8756432805680412,0.7596899224806202,0.9158878504672897,0.8756432805680412,0.8507055531406216,0.8305084745762713,0.7865168539325843,1.15129854347775
4576,0.9658333333333333,0.8751764271600113,0.7596899224806202,0.9074074074074074,0.8751764271600113,0.8464653316106805,0.8270042194092827,0.7852564102564104,1.1800815234713675
4577,0.9658333333333333,0.8717673115757931,0.751937984496124,0.9150943396226415,0.8717673115757931,0.8468494953927161,0.8255319148936171,0.7797427652733119,1.1800808571401757
4578,0.9683333333333334,0.8833952185525373,0.7751937984496124,0.9174311926605505,0.8833952185525373,0.8583958288884148,0.8403361344537815,0.7999999999999999,1.093733916152899
4579,0.9691666666666666,0.8872711875447854,0.7829457364341085,0.9181818181818182,0.8872711875447854,0.86223044397463,0.8451882845188284,0.8067092651757188,1.0649516024904733
4580,0.9683333333333334,0.8833952185525373,0.7751937984496124,0.9174311926605505,0.8833952185525373,0.8583958288884148,0.8403361344537815,0.7999999999999999,1.093733916152899
4581,0.9683333333333334,0.8833952185525373,0.7751937984496124,0.9174311926605505,0.8833952185525373,0.8583958288884148,0.8403361344537815,0.7999999999999999,1.093733916152899
4582,0.9666666666666667,0.8756432805680412,0.7596899224806202,0.9158878504672897,0.8756432805680412,0.8507055531406216,0.8305084745762713,0.7865168539325843,1.1512985434777498
4583,0.9658333333333333,0.8717673115757931,0.751937984496124,0.9150943396226415,0.8717673115757931,0.8468494953927161,0.8255319148936171,0.7797427652733119,1.1800808571401755
4584,0.9666666666666667,0.8756432805680412,0.7596899224806202,0.9158878504672897,0.8756432805680412,0.8507055531406216,0.8305084745762713,0.7865168539325843,1.1512985434777498
4585,0.9666666666666667,0.8790523961522594,0.7674418604651163,0.908256880733945,0.8790523961522594,0.8503493705995308,0.8319327731092436,0.7919999999999999,1.1512992098089418
4586,0.9675,0.8795192495602893,0.7674418604651163,0.9166666666666666,0.8795192495602894,0.8545542635658914,0.8354430379746837,0.7932692307692308,1.1225162298153244
4587,0.9641666666666666,0.8674244891755152,0.7441860465116279,0.9056603773584906,0.8674244891755152,0.8386732119350592,0.8170212765957447,0.7717041800643085,1.2376461507962186
4588,0.9675,0.8829283651445075,0.7751937984496124,0.9090909090909091,0.8829283651445075,0.8542256871035941,0.8368200836820083,0.7987220447284344,1.1225168961465164
4589,0.9683333333333334,0.8868043341367555,0.7829457364341085,0.9099099099099099,0.8868043341367555,0.8580944898386759,0.8416666666666666,0.8054226475279107,1.0937345824840907
4590,0.9666666666666667,0.8756432805680412,0.7596899224806202,0.9158878504672897,0.8756432805680412,0.8507055531406216,0.8305084745762713,0.7865168539325843,1.15129854347775
4591,0.9683333333333334,0.8833952185525373,0.7751937984496124,0.9174311926605505,0.8833952185525373,0.8583958288884148,0.8403361344537815,0.7999999999999999,1.093733916152899
4592,0.9683333333333334,0.8833952185525373,0.7751937984496124,0.9174311926605505,0.8833952185525373,0.8583958288884148,0.8403361344537815,0.7999999999999999,1.093733916152899
4593,0.9683333333333334,0.8833952185525373,0.7751937984496124,0.9174311926605505,0.8833952185525373,0.8583958288884148,0.8403361344537815,0.7999999999999999,1.093733916152899
4594,0.9658333333333333,0.8717673115757931,0.751937984496124,0.9150943396226415,0.8717673115757931,0.8468494953927161,0.8255319148936171,0.7797427652733119,1.1800808571401757
4595,0.9675,0.8795192495602893,0.7674418604651163,0.9166666666666666,0.8795192495602894,0.8545542635658914,0.8354430379746837,0.7932692307692308,1.1225162298153244
4596,0.9658333333333333,0.8717673115757931,0.751937984496124,0.9150943396226415,0.8717673115757931,0.8468494953927161,0.8255319148936171,0.7797427652733119,1.180080857140176
4597,0.9658333333333333,0.8717673115757931,0.751937984496124,0.9150943396226415,0.8717673115757931,0.8468494953927161,0.8255319148936171,0.7797427652733119,1.1800808571401757
4598,0.9641666666666666,0.864015373591297,0.7364341085271318,0.9134615384615384,0.864015373591297,0.8391144901610017,0.815450643776824,0.7661290322580645,1.2376454844650269
4599,0.965,0.8678913425835451,0.7441860465116279,0.9142857142857143,0.8678913425835451,0.8429858803986711,0.8205128205128205,0.7729468599033816,1.208863170802601
4600,0.9658333333333333,0.8751764271600113,0.7596899224806202,0.9074074074074074,0.8751764271600113,0.8464653316106805,0.8270042194092827,0.7852564102564104,1.1800815234713675
4601,0.9675,0.8829283651445075,0.7751937984496124,0.9090909090909091,0.8829283651445075,0.8542256871035941,0.8368200836820083,0.7987220447284344,1.1225168961465164
4602,0.9691666666666666,0.8872711875447854,0.7829457364341085,0.9181818181818182,0.8872711875447854,0.86223044397463,0.8451882845188284,0.8067092651757188,1.0649516024904733
4603,0.9666666666666667,0.8756432805680412,0.7596899224806202,0.9158878504672897,0.8756432805680412,0.8507055531406216,0.8305084745762713,0.7865168539325843,1.1512985434777498
4604,0.9675,0.8795192495602893,0.7674418604651163,0.9166666666666666,0.8795192495602894,0.8545542635658914,0.8354430379746837,0.7932692307692308,1.1225162298153246
4605,0.9675,0.8795192495602893,0.7674418604651163,0.9166666666666666,0.8795192495602894,0.8545542635658914,0.8354430379746837,0.7932692307692308,1.1225162298153244
4606,0.9666666666666667,0.8756432805680412,0.7596899224806202,0.9158878504672897,0.8756432805680412,0.8507055531406216,0.8305084745762713,0.7865168539325843,1.15129854347775
4607,0.9675,0.8795192495602893,0.7674418604651163,0.9166666666666666,0.8795192495602894,0.8545542635658914,0.8354430379746837,0.7932692307692308,1.1225162298153246
4608,0.9691666666666666,0.8872711875447854,0.7829457364341085,0.9181818181818182,0.8872711875447854,0.86223044397463,0.8451882845188284,0.8067092651757188,1.0649516024904733
4609,0.9666666666666667,0.8790523961522594,0.7674418604651163,0.908256880733945,0.8790523961522594,0.8503493705995308,0.8319327731092436,0.7919999999999999,1.1512992098089418
4610,0.9683333333333334,0.8833952185525373,0.7751937984496124,0.9174311926605505,0.8833952185525373,0.8583958288884148,0.8403361344537815,0.7999999999999999,1.093733916152899
4611,0.9641666666666666,0.8674244891755152,0.7441860465116279,0.9056603773584906,0.8674244891755152,0.8386732119350592,0.8170212765957447,0.7717041800643085,1.2376461507962186
4612,0.9666666666666667,0.8756432805680412,0.7596899224806202,0.9158878504672897,0.8756432805680412,0.8507055531406216,0.8305084745762713,0.7865168539325843,1.1512985434777498
4613,0.9666666666666667,0.8756432805680412,0.7596899224806202,0.9158878504672897,0.8756432805680412,0.8507055531406216,0.8305084745762713,0.7865168539325843,1.15129854347775
4614,0.9675,0.8795192495602893,0.7674418604651163,0.9166666666666666,0.8795192495602894,0.8545542635658914,0.8354430379746837,0.7932692307692308,1.1225162298153244
4615,0.9675,0.8761101339760711,0.7596899224806202,0.9245283018867925,0.8761101339760711,0.855025778850373,0.8340425531914893,0.7877813504823152,1.1225155634841326
4616,0.9633333333333334,0.8601394045990489,0.7286821705426356,0.912621359223301,0.8601394045990489,0.8352350982163016,0.8103448275862069,0.7592891760904686,1.2664277981274525
4617,0.9716666666666667,0.8988990945215296,0.8062015503875969,0.9203539823008849,0.8988990945215296,0.8736944330109077,0.859504132231405,0.8267090620031796,0.9786046615031967
4618,0.9675,0.8795192495602893,0.7674418604651163,0.9166666666666666,0.8795192495602894,0.8545542635658914,0.8354430379746837,0.7932692307692308,1.1225162298153244
4619,0.9658333333333333,0.8717673115757931,0.751937984496124,0.9150943396226415,0.8717673115757931,0.8468494953927161,0.8255319148936171,0.7797427652733119,1.1800808571401757
4620,0.9691666666666666,0.8872711875447854,0.7829457364341085,0.9181818181818182,0.8872711875447854,0.86223044397463,0.8451882845188284,0.8067092651757188,1.0649516024904733
4621,0.9691666666666666,0.8838620719605672,0.7751937984496124,0.9259259259259259,0.8838620719605672,0.8626431955211026,0.8438818565400844,0.8012820512820513,1.0649509361592815
4622,0.9691666666666666,0.8872711875447854,0.7829457364341085,0.9181818181818182,0.8872711875447854,0.86223044397463,0.8451882845188284,0.8067092651757188,1.0649516024904733
4623,0.9683333333333334,0.8833952185525373,0.7751937984496124,0.9174311926605505,0.8833952185525373,0.8583958288884148,0.8403361344537815,0.7999999999999999,1.093733916152899
4624,0.9658333333333333,0.8717673115757931,0.751937984496124,0.9150943396226415,0.8717673115757931,0.8468494953927161,0.8255319148936171,0.7797427652733119,1.1800808571401757
4625,0.9691666666666666,0.8872711875447854,0.7829457364341085,0.9181818181818182,0.8872711875447854,0.86223044397463,0.8451882845188284,0.8067092651757188,1.0649516024904733
4626,0.9666666666666667,0.8756432805680412,0.7596899224806202,0.9158878504672897,0.8756432805680412,0.8507055531406216,0.8305084745762713,0.7865168539325843,1.1512985434777498
4627,0.9633333333333334,0.8635485201832671,0.7364341085271318,0.9047619047619048,0.8635485201832671,0.8347646733111849,0.811965811965812,0.7648953301127214,1.2664284644586443
4628,0.9683333333333334,0.8833952185525373,0.7751937984496124,0.9174311926605505,0.8833952185525373,0.8583958288884148,0.8403361344537815,0.7999999999999999,1.093733916152899
4629,0.97,0.8911471565370335,0.7906976744186046,0.918918918918919,0.8911471565370335,0.8660582966687618,0.85,0.8133971291866028,1.0361692888280478
4630,0.9675,0.8795192495602893,0.7674418604651163,0.9166666666666666,0.8795192495602894,0.8545542635658914,0.8354430379746837,0.7932692307692308,1.1225162298153246
4631,0.9666666666666667,0.8790523961522594,0.7674418604651163,0.908256880733945,0.8790523961522594,0.8503493705995308,0.8319327731092436,0.7919999999999999,1.1512992098089418
4632,0.9658333333333333,0.8751764271600113,0.7596899224806202,0.9074074074074074,0.8751764271600113,0.8464653316106805,0.8270042194092827,0.7852564102564104,1.1800815234713675
4633,0.9658333333333333,0.8683581959915749,0.7441860465116279,0.9230769230769231,0.8683581959915749,0.8473814847942756,0.8240343347639485,0.7741935483870968,1.180080190808984
4634,0.9691666666666666,0.8872711875447854,0.7829457364341085,0.9181818181818182,0.8872711875447854,0.86223044397463,0.8451882845188284,0.8067092651757188,1.0649516024904733
4635,0.9683333333333334,0.8833952185525373,0.7751937984496124,0.9174311926605505,0.8833952185525373,0.8583958288884148,0.8403361344537815,0.7999999999999999,1.093733916152899
4636,0.9683333333333334,0.8833952185525373,0.7751937984496124,0.9174311926605505,0.8833952185525373,0.8583958288884148,0.8403361344537815,0.7999999999999999,1.093733916152899
4637,0.9666666666666667,0.8790523961522594,0.7674418604651163,0.908256880733945,0.8790523961522594,0.8503493705995308,0.8319327731092436,0.7919999999999999,1.1512992098089418
4638,0.9683333333333334,0.8833952185525373,0.7751937984496124,0.9174311926605505,0.8833952185525373,0.8583958288884148,0.8403361344537815,0.7999999999999999,1.093733916152899
4639,0.9691666666666666,0.8872711875447854,0.7829457364341085,0.9181818181818182,0.8872711875447854,0.86223044397463,0.8451882845188284,0.8067092651757188,1.0649516024904733
4640,0.9666666666666667,0.8790523961522594,0.7674418604651163,0.908256880733945,0.8790523961522594,0.8503493705995308,0.8319327731092436,0.7919999999999999,1.1512992098089418
4641,0.9675,0.8829283651445075,0.7751937984496124,0.9090909090909091,0.8829283651445075,0.8542256871035941,0.8368200836820083,0.7987220447284344,1.1225168961465162
4642,0.9675,0.8795192495602893,0.7674418604651163,0.9166666666666666,0.8795192495602894,0.8545542635658914,0.8354430379746837,0.7932692307692308,1.1225162298153246
4643,0.9708333333333333,0.8950231255292815,0.7984496124031008,0.9196428571428571,0.8950231255292815,0.8698795681063124,0.8547717842323651,0.8200636942675159,1.0073869751656221
4644,0.9633333333333334,0.8601394045990489,0.7286821705426356,0.912621359223301,0.8601394045990489,0.8352350982163016,0.8103448275862069,0.7592891760904686,1.2664277981274523
4645,0.9683333333333334,0.8833952185525373,0.7751937984496124,0.9174311926605505,0.8833952185525373,0.8583958288884148,0.8403361344537815,0.7999999999999999,1.093733916152899
4646,0.9658333333333333,0.8717673115757931,0.751937984496124,0.9150943396226415,0.8717673115757931,0.8468494953927161,0.8255319148936171,0.7797427652733119,1.1800808571401757
4647,0.9666666666666667,0.8790523961522594,0.7674418604651163,0.908256880733945,0.8790523961522594,0.8503493705995308,0.8319327731092436,0.7919999999999999,1.1512992098089418
4648,0.9691666666666666,0.8838620719605672,0.7751937984496124,0.9259259259259259,0.8838620719605672,0.8626431955211026,0.8438818565400844,0.8012820512820513,1.0649509361592815
4649,0.9658333333333333,0.8751764271600113,0.7596899224806202,0.9074074074074074,0.8751764271600113,0.8464653316106805,0.8270042194092827,0.7852564102564104,1.1800815234713675
4650,0.9666666666666667,0.8756432805680412,0.7596899224806202,0.9158878504672897,0.8756432805680412,0.8507055531406216,0.8305084745762713,0.7865168539325843,1.1512985434777498
4651,0.9666666666666667,0.8756432805680412,0.7596899224806202,0.9158878504672897,0.8756432805680412,0.8507055531406216,0.8305084745762713,0.7865168539325843,1.15129854347775
4652,0.965,0.8678913425835451,0.7441860465116279,0.9142857142857143,0.8678913425835451,0.8429858803986711,0.8205128205128205,0.7729468599033816,1.2088631708026012
4653,0.9666666666666667,0.8756432805680412,0.7596899224806202,0.9158878504672897,0.8756432805680412,0.8507055531406216,0.8305084745762713,0.7865168539325843,1.15129854347775
4654,0.9666666666666667,0.8790523961522594,0.7674418604651163,0.908256880733945,0.8790523961522594,0.8503493705995308,0.8319327731092436,0.7919999999999999,1.1512992098089418
4655,0.9675,0.8795192495602893,0.7674418604651163,0.9166666666666666,0.8795192495602894,0.8545542635658914,0.8354430379746837,0.7932692307692308,1.1225162298153244
4656,0.9683333333333334,0.8868043341367555,0.7829457364341085,0.9099099099099099,0.8868043341367555,0.8580944898386759,0.8416666666666666,0.8054226475279107,1.0937345824840907
4657,0.9658333333333333,0.8717673115757931,0.751937984496124,0.9150943396226415,0.8717673115757931,0.8468494953927161,0.8255319148936171,0.7797427652733119,1.1800808571401755
4658,0.9658333333333333,0.8717673115757931,0.751937984496124,0.9150943396226415,0.8717673115757931,0.8468494953927161,0.8255319148936171,0.7797427652733119,1.1800808571401757
4659,0.9683333333333334,0.8833952185525373,0.7751937984496124,0.9174311926605505,0.8833952185525373,0.8583958288884148,0.8403361344537815,0.7999999999999999,1.093733916152899
4660,0.9675,0.8795192495602893,0.7674418604651163,0.9166666666666666,0.8795192495602894,0.8545542635658914,0.8354430379746837,0.7932692307692308,1.1225162298153244
4661,0.9666666666666667,0.8790523961522594,0.7674418604651163,0.908256880733945,0.8790523961522594,0.8503493705995308,0.8319327731092436,0.7919999999999999,1.1512992098089418
4662,0.9641666666666666,0.864015373591297,0.7364341085271318,0.9134615384615384,0.864015373591297,0.8391144901610017,0.815450643776824,0.7661290322580645,1.2376454844650269
4663,0.9675,0.8829283651445075,0.7751937984496124,0.9090909090909091,0.8829283651445075,0.8542256871035941,0.8368200836820083,0.7987220447284344,1.1225168961465164
4664,0.97,0.8877380409528153,0.7829457364341085,0.926605504587156,0.8877380409528153,0.8664422871772988,0.8487394957983192,0.808,1.036168622496856
4665,0.9666666666666667,0.872234164983823,0.751937984496124,0.9238095238095239,0.872234164983823,0.8512070874861573,0.8290598290598291,0.7809983896940418,1.151297877146558
4666,0.9666666666666667,0.8756432805680412,0.7596899224806202,0.9158878504672897,0.8756432805680412,0.8507055531406216,0.8305084745762713,0.7865168539325843,1.1512985434777498
4667,0.9675,0.8795192495602893,0.7674418604651163,0.9166666666666666,0.8795192495602894,0.8545542635658914,0.8354430379746837,0.7932692307692308,1.1225162298153246
4668,0.9683333333333334,0.8833952185525373,0.7751937984496124,0.9174311926605505,0.8833952185525373,0.8583958288884148,0.8403361344537815,0.7999999999999999,1.093733916152899
4669,0.9675,0.8795192495602893,0.7674418604651163,0.9166666666666666,0.8795192495602894,0.8545542635658914,0.8354430379746837,0.7932692307692308,1.1225162298153244
4670,0.9675,0.8795192495602893,0.7674418604651163,0.9166666666666666,0.8795192495602894,0.8545542635658914,0.8354430379746837,0.7932692307692308,1.1225162298153244
4671,0.9666666666666667,0.8756432805680412,0.7596899224806202,0.9158878504672897,0.8756432805680412,0.8507055531406216,0.8305084745762713,0.7865168539325843,1.1512985434777498
4672,0.97,0.8911471565370335,0.7906976744186046,0.918918918918919,0.8911471565370335,0.8660582966687618,0.85,0.8133971291866028,1.0361692888280478
4673,0.9641666666666666,0.8674244891755152,0.7441860465116279,0.9056603773584906,0.8674244891755152,0.8386732119350592,0.8170212765957447,0.7717041800643085,1.2376461507962189
4674,0.965,0.8678913425835451,0.7441860465116279,0.9142857142857143,0.8678913425835451,0.8429858803986711,0.8205128205128205,0.7729468599033816,1.2088631708026012
4675,0.9658333333333333,0.8717673115757931,0.751937984496124,0.9150943396226415,0.8717673115757931,0.8468494953927161,0.8255319148936171,0.7797427652733119,1.1800808571401755
4676,0.9683333333333334,0.8799861029683191,0.7674418604651163,0.9252336448598131,0.8799861029683191,0.8588377526624646,0.8389830508474577,0.7945425361155699,1.093733249821707
4677,0.9683333333333334,0.8799861029683191,0.7674418604651163,0.9252336448598131,0.8799861029683191,0.8588377526624646,0.8389830508474577,0.7945425361155699,1.093733249821707
4678,0.9683333333333334,0.8833952185525373,0.7751937984496124,0.9174311926605505,0.8833952185525373,0.8583958288884148,0.8403361344537815,0.7999999999999999,1.093733916152899
4679,0.9658333333333333,0.8717673115757931,0.751937984496124,0.9150943396226415,0.8717673115757931,0.8468494953927161,0.8255319148936171,0.7797427652733119,1.1800808571401755
4680,0.9666666666666667,0.8756432805680412,0.7596899224806202,0.9158878504672897,0.8756432805680412,0.8507055531406216,0.8305084745762713,0.7865168539325843,1.1512985434777498
4681,0.97,0.8911471565370335,0.7906976744186046,0.918918918918919,0.8911471565370335,0.8660582966687618,0.85,0.8133971291866028,1.0361692888280478
4682,0.9675,0.8795192495602893,0.7674418604651163,0.9166666666666666,0.8795192495602894,0.8545542635658914,0.8354430379746837,0.7932692307692308,1.1225162298153246
4683,0.9675,0.8795192495602893,0.7674418604651163,0.9166666666666666,0.8795192495602894,0.8545542635658914,0.8354430379746837,0.7932692307692308,1.1225162298153246
4684,0.9675,0.8795192495602893,0.7674418604651163,0.9166666666666666,0.8795192495602894,0.8545542635658914,0.8354430379746837,0.7932692307692308,1.1225162298153244
4685,0.9666666666666667,0.8756432805680412,0.7596899224806202,0.9158878504672897,0.8756432805680412,0.8507055531406216,0.8305084745762713,0.7865168539325843,1.1512985434777498
4686,0.9675,0.8795192495602893,0.7674418604651163,0.9166666666666666,0.8795192495602894,0.8545542635658914,0.8354430379746837,0.7932692307692308,1.1225162298153246
4687,0.9675,0.8761101339760711,0.7596899224806202,0.9245283018867925,0.8761101339760711,0.855025778850373,0.8340425531914893,0.7877813504823152,1.1225155634841326
4688,0.9658333333333333,0.8717673115757931,0.751937984496124,0.9150943396226415,0.8717673115757931,0.8468494953927161,0.8255319148936171,0.7797427652733119,1.1800808571401757
4689,0.9658333333333333,0.8717673115757931,0.751937984496124,0.9150943396226415,0.8717673115757931,0.8468494953927161,0.8255319148936171,0.7797427652733119,1.1800808571401757
4690,0.9658333333333333,0.8717673115757931,0.751937984496124,0.9150943396226415,0.8717673115757931,0.8468494953927161,0.8255319148936171,0.7797427652733119,1.1800808571401757
4691,0.965,0.8644822269993269,0.7364341085271318,0.9223300970873787,0.8644822269993269,0.8435487694739219,0.8189655172413793,0.767366720516963,1.2088625044714094
4692,0.9691666666666666,0.8872711875447854,0.7829457364341085,0.9181818181818182,0.8872711875447854,0.86223044397463,0.8451882845188284,0.8067092651757188,1.0649516024904733
4693,0.9675,0.8761101339760711,0.7596899224806202,0.9245283018867925,0.8761101339760711,0.855025778850373,0.8340425531914893,0.7877813504823152,1.1225155634841326
4694,0.9675,0.8795192495602893,0.7674418604651163,0.9166666666666666,0.8795192495602894,0.8545542635658914,0.8354430379746837,0.7932692307692308,1.1225162298153246
4695,0.9666666666666667,0.8756432805680412,0.7596899224806202,0.9158878504672897,0.8756432805680412,0.8507055531406216,0.8305084745762713,0.7865168539325843,1.15129854347775
4696,0.9683333333333334,0.8799861029683191,0.7674418604651163,0.9252336448598131,0.8799861029683191,0.8588377526624646,0.8389830508474577,0.7945425361155699,1.093733249821707
4697,0.9683333333333334,0.8833952185525373,0.7751937984496124,0.9174311926605505,0.8833952185525373,0.8583958288884148,0.8403361344537815,0.7999999999999999,1.093733916152899
4698,0.9675,0.8795192495602893,0.7674418604651163,0.9166666666666666,0.8795192495602894,0.8545542635658914,0.8354430379746837,0.7932692307692308,1.1225162298153244
4699,0.97,0.8911471565370335,0.7906976744186046,0.918918918918919,0.8911471565370335,0.8660582966687618,0.85,0.8133971291866028,1.0361692888280478
4700,0.9641666666666666,0.8606062580070788,0.7286821705426356,0.9215686274509803,0.8606062580070788,0.8397087323301412,0.8138528138528138,0.7605177993527508,1.2376448181338349
4701,0.9666666666666667,0.8756432805680412,0.7596899224806202,0.9158878504672897,0.8756432805680412,0.8507055531406216,0.8305084745762713,0.7865168539325843,1.1512985434777498
4702,0.9675,0.8795192495602893,0.7674418604651163,0.9166666666666666,0.8795192495602894,0.8545542635658914,0.8354430379746837,0.7932692307692308,1.1225162298153244
4703,0.97,0.8911471565370335,0.7906976744186046,0.918918918918919,0.8911471565370335,0.8660582966687618,0.85,0.8133971291866028,1.0361692888280478
4704,0.9683333333333334,0.8833952185525373,0.7751937984496124,0.9174311926605505,0.8833952185525373,0.8583958288884148,0.8403361344537815,0.7999999999999999,1.093733916152899
4705,0.9675,0.8795192495602893,0.7674418604651163,0.9166666666666666,0.8795192495602894,0.8545542635658914,0.8354430379746837,0.7932692307692308,1.1225162298153244
4706,0.9691666666666666,0.8838620719605672,0.7751937984496124,0.9259259259259259,0.8838620719605672,0.8626431955211026,0.8438818565400844,0.8012820512820513,1.0649509361592815
4707,0.9658333333333333,0.8751764271600113,0.7596899224806202,0.9074074074074074,0.8751764271600113,0.8464653316106805,0.8270042194092827,0.7852564102564104,1.1800815234713677
4708,0.9691666666666666,0.8872711875447854,0.7829457364341085,0.9181818181818182,0.8872711875447854,0.86223044397463,0.8451882845188284,0.8067092651757188,1.0649516024904733
4709,0.9675,0.8795192495602893,0.7674418604651163,0.9166666666666666,0.8795192495602894,0.8545542635658914,0.8354430379746837,0.7932692307692308,1.1225162298153244
4710,0.9666666666666667,0.8756432805680412,0.7596899224806202,0.9158878504672897,0.8756432805680412,0.8507055531406216,0.8305084745762713,0.7865168539325843,1.15129854347775
4711,0.9675,0.8795192495602893,0.7674418604651163,0.9166666666666666,0.8795192495602894,0.8545542635658914,0.8354430379746837,0.7932692307692308,1.1225162298153246
4712,0.9675,0.8795192495602893,0.7674418604651163,0.9166666666666666,0.8795192495602894,0.8545542635658914,0.8354430379746837,0.7932692307692308,1.1225162298153246
4713,0.9658333333333333,0.8717673115757931,0.751937984496124,0.9150943396226415,0.8717673115757931,0.8468494953927161,0.8255319148936171,0.7797427652733119,1.1800808571401755
4714,0.9675,0.8795192495602893,0.7674418604651163,0.9166666666666666,0.8795192495602894,0.8545542635658914,0.8354430379746837,0.7932692307692308,1.1225162298153244
4715,0.9658333333333333,0.8751764271600113,0.7596899224806202,0.9074074074074074,0.8751764271600113,0.8464653316106805,0.8270042194092827,0.7852564102564104,1.1800815234713677
4716,0.9675,0.8795192495602893,0.7674418604651163,0.9166666666666666,0.8795192495602894,0.8545542635658914,0.8354430379746837,0.7932692307692308,1.1225162298153244
4717,0.9675,0.8829283651445075,0.7751937984496124,0.9090909090909091,0.8829283651445075,0.8542256871035941,0.8368200836820083,0.7987220447284344,1.1225168961465164
4718,0.9666666666666667,0.8790523961522594,0.7674418604651163,0.908256880733945,0.8790523961522594,0.8503493705995308,0.8319327731092436,0.7919999999999999,1.1512992098089418
4719,0.965,0.8713004581677632,0.751937984496124,0.9065420560747663,0.8713004581677634,0.8425733536187785,0.8220338983050847,0.7784911717495986,1.208863837133793
4720,0.9683333333333334,0.8799861029683191,0.7674418604651163,0.9252336448598131,0.8799861029683191,0.8588377526624646,0.8389830508474577,0.7945425361155699,1.093733249821707
4721,0.9691666666666666,0.8838620719605672,0.7751937984496124,0.9259259259259259,0.8838620719605672,0.8626431955211026,0.8438818565400844,0.8012820512820513,1.0649509361592815
4722,0.9691666666666666,0.8872711875447854,0.7829457364341085,0.9181818181818182,0.8872711875447854,0.86223044397463,0.8451882845188284,0.8067092651757188,1.0649516024904733
4723,0.9691666666666666,0.8872711875447854,0.7829457364341085,0.9181818181818182,0.8872711875447854,0.86223044397463,0.8451882845188284,0.8067092651757188,1.0649516024904733
4724,0.9641666666666666,0.864015373591297,0.7364341085271318,0.9134615384615384,0.864015373591297,0.8391144901610017,0.815450643776824,0.7661290322580645,1.2376454844650269
4725,0.9666666666666667,0.8756432805680412,0.7596899224806202,0.9158878504672897,0.8756432805680412,0.8507055531406216,0.8305084745762713,0.7865168539325843,1.1512985434777498
4726,0.9683333333333334,0.8833952185525373,0.7751937984496124,0.9174311926605505,0.8833952185525373,0.8583958288884148,0.8403361344537815,0.7999999999999999,1.093733916152899
4727,0.97,0.8911471565370335,0.7906976744186046,0.918918918918919,0.8911471565370335,0.8660582966687618,0.85,0.8133971291866028,1.0361692888280478
4728,0.965,0.8678913425835451,0.7441860465116279,0.9142857142857143,0.8678913425835451,0.8429858803986711,0.8205128205128205,0.7729468599033816,1.2088631708026012
4729,0.9616666666666667,0.855796582198771,0.7209302325581395,0.9029126213592233,0.855796582198771,0.8269214269586814,0.8017241379310345,0.7512116316639742,1.3239930917834954
4730,0.9666666666666667,0.8756432805680412,0.7596899224806202,0.9158878504672897,0.8756432805680412,0.8507055531406216,0.8305084745762713,0.7865168539325843,1.1512985434777498
4731,0.9683333333333334,0.8833952185525373,0.7751937984496124,0.9174311926605505,0.8833952185525373,0.8583958288884148,0.8403361344537815,0.7999999999999999,1.093733916152899
4732,0.9691666666666666,0.8872711875447854,0.7829457364341085,0.9181818181818182,0.8872711875447854,0.86223044397463,0.8451882845188284,0.8067092651757188,1.0649516024904733
4733,0.9675,0.8795192495602893,0.7674418604651163,0.9166666666666666,0.8795192495602894,0.8545542635658914,0.8354430379746837,0.7932692307692308,1.1225162298153246
4734,0.9658333333333333,0.8717673115757931,0.751937984496124,0.9150943396226415,0.8717673115757931,0.8468494953927161,0.8255319148936171,0.7797427652733119,1.1800808571401757
4735,0.9675,0.8761101339760711,0.7596899224806202,0.9245283018867925,0.8761101339760711,0.855025778850373,0.8340425531914893,0.7877813504823152,1.1225155634841328
4736,0.9658333333333333,0.8717673115757931,0.751937984496124,0.9150943396226415,0.8717673115757931,0.8468494953927161,0.8255319148936171,0.7797427652733119,1.1800808571401755
4737,0.9658333333333333,0.8717673115757931,0.751937984496124,0.9150943396226415,0.8717673115757931,0.8468494953927161,0.8255319148936171,0.7797427652733119,1.1800808571401757
4738,0.9666666666666667,0.872234164983823,0.751937984496124,0.9238095238095239,0.872234164983823,0.8512070874861573,0.8290598290598291,0.7809983896940418,1.151297877146558
4739,0.9675,0.8795192495602893,0.7674418604651163,0.9166666666666666,0.8795192495602894,0.8545542635658914,0.8354430379746837,0.7932692307692308,1.1225162298153244
4740,0.9666666666666667,0.8756432805680412,0.7596899224806202,0.9158878504672897,0.8756432805680412,0.8507055531406216,0.8305084745762713,0.7865168539325843,1.15129854347775
4741,0.9658333333333333,0.8717673115757931,0.751937984496124,0.9150943396226415,0.8717673115757931,0.8468494953927161,0.8255319148936171,0.7797427652733119,1.1800808571401755
4742,0.9691666666666666,0.8872711875447854,0.7829457364341085,0.9181818181818182,0.8872711875447854,0.86223044397463,0.8451882845188284,0.8067092651757188,1.0649516024904733
4743,0.9691666666666666,0.8872711875447854,0.7829457364341085,0.9181818181818182,0.8872711875447854,0.86223044397463,0.8451882845188284,0.8067092651757188,1.0649516024904733
4744,0.97,0.8911471565370335,0.7906976744186046,0.918918918918919,0.8911471565370335,0.8660582966687618,0.85,0.8133971291866028,1.0361692888280478
4745,0.9666666666666667,0.8756432805680412,0.7596899224806202,0.9158878504672897,0.8756432805680412,0.8507055531406216,0.8305084745762713,0.7865168539325843,1.1512985434777498
4746,0.9658333333333333,0.8717673115757931,0.751937984496124,0.9150943396226415,0.8717673115757931,0.8468494953927161,0.8255319148936171,0.7797427652733119,1.1800808571401757
4747,0.9691666666666666,0.8872711875447854,0.7829457364341085,0.9181818181818182,0.8872711875447854,0.86223044397463,0.8451882845188284,0.8067092651757188,1.0649516024904733
4748,0.9691666666666666,0.8838620719605672,0.7751937984496124,0.9259259259259259,0.8838620719605672,0.8626431955211026,0.8438818565400844,0.8012820512820513,1.0649509361592815
4749,0.965,0.8678913425835451,0.7441860465116279,0.9142857142857143,0.8678913425835451,0.8429858803986711,0.8205128205128205,0.7729468599033816,1.2088631708026012
4750,0.9691666666666666,0.8872711875447854,0.7829457364341085,0.9181818181818182,0.8872711875447854,0.86223044397463,0.8451882845188284,0.8067092651757188,1.0649516024904733
4751,0.9641666666666666,0.864015373591297,0.7364341085271318,0.9134615384615384,0.864015373591297,0.8391144901610017,0.815450643776824,0.7661290322580645,1.2376454844650266
4752,0.9675,0.8761101339760711,0.7596899224806202,0.9245283018867925,0.8761101339760711,0.855025778850373,0.8340425531914893,0.7877813504823152,1.1225155634841326
4753,0.9683333333333334,0.8833952185525373,0.7751937984496124,0.9174311926605505,0.8833952185525373,0.8583958288884148,0.8403361344537815,0.7999999999999999,1.093733916152899
4754,0.965,0.8713004581677632,0.751937984496124,0.9065420560747663,0.8713004581677634,0.8425733536187785,0.8220338983050847,0.7784911717495986,1.2088638371337932
4755,0.9666666666666667,0.8756432805680412,0.7596899224806202,0.9158878504672897,0.8756432805680412,0.8507055531406216,0.8305084745762713,0.7865168539325843,1.1512985434777498
4756,0.965,0.8678913425835451,0.7441860465116279,0.9142857142857143,0.8678913425835451,0.8429858803986711,0.8205128205128205,0.7729468599033816,1.208863170802601
4757,0.97,0.8911471565370335,0.7906976744186046,0.918918918918919,0.8911471565370335,0.8660582966687618,0.85,0.8133971291866028,1.0361692888280478
4758,0.9666666666666667,0.8756432805680412,0.7596899224806202,0.9158878504672897,0.8756432805680412,0.8507055531406216,0.8305084745762713,0.7865168539325843,1.1512985434777498
4759,0.9675,0.8795192495602893,0.7674418604651163,0.9166666666666666,0.8795192495602894,0.8545542635658914,0.8354430379746837,0.7932692307692308,1.1225162298153244
4760,0.9691666666666666,0.8906803031290036,0.7906976744186046,0.9107142857142857,0.8906803031290037,0.8619559800664451,0.846473029045643,0.8121019108280255,1.064952268821665
4761,0.9675,0.8795192495602893,0.7674418604651163,0.9166666666666666,0.8795192495602894,0.8545542635658914,0.8354430379746837,0.7932692307692308,1.1225162298153246
4762,0.965,0.8644822269993269,0.7364341085271318,0.9223300970873787,0.8644822269993269,0.8435487694739219,0.8189655172413793,0.767366720516963,1.2088625044714094
4763,0.97,0.8911471565370335,0.7906976744186046,0.918918918918919,0.8911471565370335,0.8660582966687618,0.85,0.8133971291866028,1.0361692888280478
4764,0.9658333333333333,0.8717673115757931,0.751937984496124,0.9150943396226415,0.8717673115757931,0.8468494953927161,0.8255319148936171,0.7797427652733119,1.1800808571401755
4765,0.9691666666666666,0.8872711875447854,0.7829457364341085,0.9181818181818182,0.8872711875447854,0.86223044397463,0.8451882845188284,0.8067092651757188,1.0649516024904733
4766,0.9683333333333334,0.8833952185525373,0.7751937984496124,0.9174311926605505,0.8833952185525373,0.8583958288884148,0.8403361344537815,0.7999999999999999,1.093733916152899
4767,0.9683333333333334,0.8833952185525373,0.7751937984496124,0.9174311926605505,0.8833952185525373,0.8583958288884148,0.8403361344537815,0.7999999999999999,1.093733916152899
4768,0.97,0.8911471565370335,0.7906976744186046,0.918918918918919,0.8911471565370335,0.8660582966687618,0.85,0.8133971291866028,1.0361692888280478
4769,0.9675,0.8829283651445075,0.7751937984496124,0.9090909090909091,0.8829283651445075,0.8542256871035941,0.8368200836820083,0.7987220447284344,1.1225168961465164
4770,0.9666666666666667,0.8756432805680412,0.7596899224806202,0.9158878504672897,0.8756432805680412,0.8507055531406216,0.8305084745762713,0.7865168539325843,1.1512985434777498
4771,0.9658333333333333,0.8717673115757931,0.751937984496124,0.9150943396226415,0.8717673115757931,0.8468494953927161,0.8255319148936171,0.7797427652733119,1.1800808571401757
4772,0.9683333333333334,0.8868043341367555,0.7829457364341085,0.9099099099099099,0.8868043341367555,0.8580944898386759,0.8416666666666666,0.8054226475279107,1.0937345824840907
4773,0.97,0.8911471565370335,0.7906976744186046,0.918918918918919,0.8911471565370335,0.8660582966687618,0.85,0.8133971291866028,1.0361692888280478
4774,0.9625,0.8562634356068008,0.7209302325581395,0.9117647058823529,0.8562634356068008,0.8313474692202462,0.8051948051948051,0.7524271844660194,1.2952101117898778
4775,0.9691666666666666,0.8838620719605672,0.7751937984496124,0.9259259259259259,0.8838620719605672,0.8626431955211026,0.8438818565400844,0.8012820512820513,1.0649509361592815
4776,0.9691666666666666,0.8838620719605672,0.7751937984496124,0.9259259259259259,0.8838620719605672,0.8626431955211026,0.8438818565400844,0.8012820512820513,1.0649509361592815
4777,0.9683333333333334,0.8833952185525373,0.7751937984496124,0.9174311926605505,0.8833952185525373,0.8583958288884148,0.8403361344537815,0.7999999999999999,1.093733916152899
4778,0.97,0.8911471565370335,0.7906976744186046,0.918918918918919,0.8911471565370335,0.8660582966687618,0.85,0.8133971291866028,1.0361692888280478
4779,0.9675,0.8829283651445075,0.7751937984496124,0.9090909090909091,0.8829283651445075,0.8542256871035941,0.8368200836820083,0.7987220447284344,1.1225168961465162
4780,0.9683333333333334,0.8833952185525373,0.7751937984496124,0.9174311926605505,0.8833952185525373,0.8583958288884148,0.8403361344537815,0.7999999999999999,1.093733916152899
4781,0.9625,0.8562634356068008,0.7209302325581395,0.9117647058823529,0.8562634356068008,0.8313474692202462,0.8051948051948051,0.7524271844660194,1.2952101117898778
4782,0.97,0.8877380409528153,0.7829457364341085,0.926605504587156,0.8877380409528153,0.8664422871772988,0.8487394957983192,0.808,1.036168622496856
4783,0.965,0.8678913425835451,0.7441860465116279,0.9142857142857143,0.8678913425835451,0.8429858803986711,0.8205128205128205,0.7729468599033816,1.2088631708026012
4784,0.9658333333333333,0.8751764271600113,0.7596899224806202,0.9074074074074074,0.8751764271600113,0.8464653316106805,0.8270042194092827,0.7852564102564104,1.1800815234713675
4785,0.9658333333333333,0.8751764271600113,0.7596899224806202,0.9074074074074074,0.8751764271600113,0.8464653316106805,0.8270042194092827,0.7852564102564104,1.1800815234713677
4786,0.9675,0.8795192495602893,0.7674418604651163,0.9166666666666666,0.8795192495602894,0.8545542635658914,0.8354430379746837,0.7932692307692308,1.1225162298153244
4787,0.9675,0.8761101339760711,0.7596899224806202,0.9245283018867925,0.8761101339760711,0.855025778850373,0.8340425531914893,0.7877813504823152,1.1225155634841326
4788,0.9666666666666667,0.8756432805680412,0.7596899224806202,0.9158878504672897,0.8756432805680412,0.8507055531406216,0.8305084745762713,0.7865168539325843,1.15129854347775
4789,0.965,0.8678913425835451,0.7441860465116279,0.9142857142857143,0.8678913425835451,0.8429858803986711,0.8205128205128205,0.7729468599033816,1.2088631708026012
4790,0.9683333333333334,0.8868043341367555,0.7829457364341085,0.9099099099099099,0.8868043341367555,0.8580944898386759,0.8416666666666666,0.8054226475279107,1.093734582484091
4791,0.97,0.8911471565370335,0.7906976744186046,0.918918918918919,0.8911471565370335,0.8660582966687618,0.85,0.8133971291866028,1.0361692888280478
4792,0.9691666666666666,0.8872711875447854,0.7829457364341085,0.9181818181818182,0.8872711875447854,0.86223044397463,0.8451882845188284,0.8067092651757188,1.0649516024904733
4793,0.9691666666666666,0.8872711875447854,0.7829457364341085,0.9181818181818182,0.8872711875447854,0.86223044397463,0.8451882845188284,0.8067092651757188,1.0649516024904735
4794,0.9675,0.8795192495602893,0.7674418604651163,0.9166666666666666,0.8795192495602894,0.8545542635658914,0.8354430379746837,0.7932692307692308,1.1225162298153244
4795,0.9691666666666666,0.8872711875447854,0.7829457364341085,0.9181818181818182,0.8872711875447854,0.86223044397463,0.8451882845188284,0.8067092651757188,1.0649516024904733
4796,0.9675,0.8829283651445075,0.7751937984496124,0.9090909090909091,0.8829283651445075,0.8542256871035941,0.8368200836820083,0.7987220447284344,1.1225168961465164
4797,0.9675,0.8761101339760711,0.7596899224806202,0.9245283018867925,0.8761101339760711,0.855025778850373,0.8340425531914893,0.7877813504823152,1.1225155634841328
4798,0.97,0.8911471565370335,0.7906976744186046,0.918918918918919,0.8911471565370335,0.8660582966687618,0.85,0.8133971291866028,1.0361692888280478
4799,0.9666666666666667,0.8756432805680412,0.7596899224806202,0.9158878504672897,0.8756432805680412,0.8507055531406216,0.8305084745762713,0.7865168539325843,1.1512985434777498
4800,0.9666666666666667,0.8756432805680412,0.7596899224806202,0.9158878504672897,0.8756432805680412,0.8507055531406216,0.8305084745762713,0.7865168539325843,1.1512985434777498
4801,0.9658333333333333,0.8717673115757931,0.751937984496124,0.9150943396226415,0.8717673115757931,0.8468494953927161,0.8255319148936171,0.7797427652733119,1.1800808571401757
4802,0.9675,0.8795192495602893,0.7674418604651163,0.9166666666666666,0.8795192495602894,0.8545542635658914,0.8354430379746837,0.7932692307692308,1.1225162298153244
4803,0.9666666666666667,0.8790523961522594,0.7674418604651163,0.908256880733945,0.8790523961522594,0.8503493705995308,0.8319327731092436,0.7919999999999999,1.1512992098089418
4804,0.9666666666666667,0.8756432805680412,0.7596899224806202,0.9158878504672897,0.8756432805680412,0.8507055531406216,0.8305084745762713,0.7865168539325843,1.1512985434777498
4805,0.9658333333333333,0.8717673115757931,0.751937984496124,0.9150943396226415,0.8717673115757931,0.8468494953927161,0.8255319148936171,0.7797427652733119,1.1800808571401755
4806,0.97,0.8911471565370335,0.7906976744186046,0.918918918918919,0.8911471565370335,0.8660582966687618,0.85,0.8133971291866028,1.0361692888280478
4807,0.9666666666666667,0.8756432805680412,0.7596899224806202,0.9158878504672897,0.8756432805680412,0.8507055531406216,0.8305084745762713,0.7865168539325843,1.1512985434777498
4808,0.9691666666666666,0.8872711875447854,0.7829457364341085,0.9181818181818182,0.8872711875447854,0.86223044397463,0.8451882845188284,0.8067092651757188,1.0649516024904733
4809,0.9675,0.8795192495602893,0.7674418604651163,0.9166666666666666,0.8795192495602894,0.8545542635658914,0.8354430379746837,0.7932692307692308,1.1225162298153244
4810,0.9641666666666666,0.8674244891755152,0.7441860465116279,0.9056603773584906,0.8674244891755152,0.8386732119350592,0.8170212765957447,0.7717041800643085,1.2376461507962186
4811,0.9675,0.8795192495602893,0.7674418604651163,0.9166666666666666,0.8795192495602894,0.8545542635658914,0.8354430379746837,0.7932692307692308,1.1225162298153246
4812,0.9683333333333334,0.8799861029683191,0.7674418604651163,0.9252336448598131,0.8799861029683191,0.8588377526624646,0.8389830508474577,0.7945425361155699,1.093733249821707
4813,0.9666666666666667,0.8790523961522594,0.7674418604651163,0.908256880733945,0.8790523961522594,0.8503493705995308,0.8319327731092436,0.7919999999999999,1.1512992098089418
4814,0.9691666666666666,0.8838620719605672,0.7751937984496124,0.9259259259259259,0.8838620719605672,0.8626431955211026,0.8438818565400844,0.8012820512820513,1.0649509361592815
4815,0.9691666666666666,0.8872711875447854,0.7829457364341085,0.9181818181818182,0.8872711875447854,0.86223044397463,0.8451882845188284,0.8067092651757188,1.0649516024904735
4816,0.97,0.8911471565370335,0.7906976744186046,0.918918918918919,0.8911471565370335,0.8660582966687618,0.85,0.8133971291866028,1.0361692888280478
4817,0.9666666666666667,0.8756432805680412,0.7596899224806202,0.9158878504672897,0.8756432805680412,0.8507055531406216,0.8305084745762713,0.7865168539325843,1.1512985434777498
4818,0.9658333333333333,0.8717673115757931,0.751937984496124,0.9150943396226415,0.8717673115757931,0.8468494953927161,0.8255319148936171,0.7797427652733119,1.1800808571401755
4819,0.97,0.8911471565370335,0.7906976744186046,0.918918918918919,0.8911471565370335,0.8660582966687618,0.85,0.8133971291866028,1.0361692888280478
4820,0.9666666666666667,0.8756432805680412,0.7596899224806202,0.9158878504672897,0.8756432805680412,0.8507055531406216,0.8305084745762713,0.7865168539325843,1.1512985434777498
4821,0.9683333333333334,0.8833952185525373,0.7751937984496124,0.9174311926605505,0.8833952185525373,0.8583958288884148,0.8403361344537815,0.7999999999999999,1.093733916152899
4822,0.9683333333333334,0.8833952185525373,0.7751937984496124,0.9174311926605505,0.8833952185525373,0.8583958288884148,0.8403361344537815,0.7999999999999999,1.093733916152899
4823,0.97,0.8911471565370335,0.7906976744186046,0.918918918918919,0.8911471565370335,0.8660582966687618,0.85,0.8133971291866028,1.0361692888280478
4824,0.9658333333333333,0.8717673115757931,0.751937984496124,0.9150943396226415,0.8717673115757931,0.8468494953927161,0.8255319148936171,0.7797427652733119,1.1800808571401755
4825,0.9666666666666667,0.8756432805680412,0.7596899224806202,0.9158878504672897,0.8756432805680412,0.8507055531406216,0.8305084745762713,0.7865168539325843,1.1512985434777498
4826,0.9666666666666667,0.8756432805680412,0.7596899224806202,0.9158878504672897,0.8756432805680412,0.8507055531406216,0.8305084745762713,0.7865168539325843,1.1512985434777498
4827,0.9675,0.8795192495602893,0.7674418604651163,0.9166666666666666,0.8795192495602894,0.8545542635658914,0.8354430379746837,0.7932692307692308,1.1225162298153244
4828,0.9675,0.8795192495602893,0.7674418604651163,0.9166666666666666,0.8795192495602894,0.8545542635658914,0.8354430379746837,0.7932692307692308,1.1225162298153246
4829,0.9666666666666667,0.8756432805680412,0.7596899224806202,0.9158878504672897,0.8756432805680412,0.8507055531406216,0.8305084745762713,0.7865168539325843,1.15129854347775
4830,0.9666666666666667,0.8756432805680412,0.7596899224806202,0.9158878504672897,0.8756432805680412,0.8507055531406216,0.8305084745762713,0.7865168539325843,1.15129854347775
4831,0.9666666666666667,0.8756432805680412,0.7596899224806202,0.9158878504672897,0.8756432805680412,0.8507055531406216,0.8305084745762713,0.7865168539325843,1.1512985434777498
4832,0.9675,0.8795192495602893,0.7674418604651163,0.9166666666666666,0.8795192495602894,0.8545542635658914,0.8354430379746837,0.7932692307692308,1.1225162298153244
4833,0.9675,0.8795192495602893,0.7674418604651163,0.9166666666666666,0.8795192495602894,0.8545542635658914,0.8354430379746837,0.7932692307692308,1.1225162298153246
4834,0.9683333333333334,0.8833952185525373,0.7751937984496124,0.9174311926605505,0.8833952185525373,0.8583958288884148,0.8403361344537815,0.7999999999999999,1.093733916152899
4835,0.9675,0.8795192495602893,0.7674418604651163,0.9166666666666666,0.8795192495602894,0.8545542635658914,0.8354430379746837,0.7932692307692308,1.1225162298153246
4836,0.9683333333333334,0.8799861029683191,0.7674418604651163,0.9252336448598131,0.8799861029683191,0.8588377526624646,0.8389830508474577,0.7945425361155699,1.093733249821707
4837,0.9691666666666666,0.8872711875447854,0.7829457364341085,0.9181818181818182,0.8872711875447854,0.86223044397463,0.8451882845188284,0.8067092651757188,1.0649516024904733
4838,0.9675,0.8795192495602893,0.7674418604651163,0.9166666666666666,0.8795192495602894,0.8545542635658914,0.8354430379746837,0.7932692307692308,1.1225162298153244
4839,0.9675,0.8829283651445075,0.7751937984496124,0.9090909090909091,0.8829283651445075,0.8542256871035941,0.8368200836820083,0.7987220447284344,1.1225168961465162
4840,0.9691666666666666,0.8838620719605672,0.7751937984496124,0.9259259259259259,0.8838620719605672,0.8626431955211026,0.8438818565400844,0.8012820512820513,1.0649509361592815
4841,0.965,0.8713004581677632,0.751937984496124,0.9065420560747663,0.8713004581677634,0.8425733536187785,0.8220338983050847,0.7784911717495986,1.208863837133793
4842,0.9691666666666666,0.8838620719605672,0.7751937984496124,0.9259259259259259,0.8838620719605672,0.8626431955211026,0.8438818565400844,0.8012820512820513,1.0649509361592815
4843,0.9691666666666666,0.8872711875447854,0.7829457364341085,0.9181818181818182,0.8872711875447854,0.86223044397463,0.8451882845188284,0.8067092651757188,1.0649516024904733
4844,0.9675,0.8795192495602893,0.7674418604651163,0.9166666666666666,0.8795192495602894,0.8545542635658914,0.8354430379746837,0.7932692307692308,1.1225162298153244
4845,0.9675,0.8795192495602893,0.7674418604651163,0.9166666666666666,0.8795192495602894,0.8545542635658914,0.8354430379746837,0.7932692307692308,1.1225162298153246
4846,0.9666666666666667,0.872234164983823,0.751937984496124,0.9238095238095239,0.872234164983823,0.8512070874861573,0.8290598290598291,0.7809983896940418,1.151297877146558
4847,0.9691666666666666,0.8906803031290036,0.7906976744186046,0.9107142857142857,0.8906803031290037,0.8619559800664451,0.846473029045643,0.8121019108280255,1.0649522688216653
4848,0.9691666666666666,0.8838620719605672,0.7751937984496124,0.9259259259259259,0.8838620719605672,0.8626431955211026,0.8438818565400844,0.8012820512820513,1.0649509361592815
4849,0.97,0.8911471565370335,0.7906976744186046,0.918918918918919,0.8911471565370335,0.8660582966687618,0.85,0.8133971291866028,1.0361692888280478
4850,0.9675,0.8761101339760711,0.7596899224806202,0.9245283018867925,0.8761101339760711,0.855025778850373,0.8340425531914893,0.7877813504823152,1.1225155634841328
4851,0.965,0.8678913425835451,0.7441860465116279,0.9142857142857143,0.8678913425835451,0.8429858803986711,0.8205128205128205,0.7729468599033816,1.208863170802601
4852,0.965,0.8678913425835451,0.7441860465116279,0.9142857142857143,0.8678913425835451,0.8429858803986711,0.8205128205128205,0.7729468599033816,1.2088631708026012
4853,0.9675,0.8795192495602893,0.7674418604651163,0.9166666666666666,0.8795192495602894,0.8545542635658914,0.8354430379746837,0.7932692307692308,1.1225162298153246
4854,0.9675,0.8795192495602893,0.7674418604651163,0.9166666666666666,0.8795192495602894,0.8545542635658914,0.8354430379746837,0.7932692307692308,1.1225162298153244
4855,0.9658333333333333,0.8785855427442295,0.7674418604651163,0.9,0.8785855427442295,0.8462209302325582,0.8284518828451884,0.7907348242811502,1.1800821898025595
4856,0.9683333333333334,0.8833952185525373,0.7751937984496124,0.9174311926605505,0.8833952185525373,0.8583958288884148,0.8403361344537815,0.7999999999999999,1.093733916152899
4857,0.9683333333333334,0.8833952185525373,0.7751937984496124,0.9174311926605505,0.8833952185525373,0.8583958288884148,0.8403361344537815,0.7999999999999999,1.093733916152899
4858,0.9666666666666667,0.8756432805680412,0.7596899224806202,0.9158878504672897,0.8756432805680412,0.8507055531406216,0.8305084745762713,0.7865168539325843,1.15129854347775
4859,0.9675,0.8795192495602893,0.7674418604651163,0.9166666666666666,0.8795192495602894,0.8545542635658914,0.8354430379746837,0.7932692307692308,1.1225162298153244
4860,0.9675,0.8795192495602893,0.7674418604651163,0.9166666666666666,0.8795192495602894,0.8545542635658914,0.8354430379746837,0.7932692307692308,1.1225162298153246
4861,0.9683333333333334,0.8833952185525373,0.7751937984496124,0.9174311926605505,0.8833952185525373,0.8583958288884148,0.8403361344537815,0.7999999999999999,1.093733916152899
4862,0.9666666666666667,0.8790523961522594,0.7674418604651163,0.908256880733945,0.8790523961522594,0.8503493705995308,0.8319327731092436,0.7919999999999999,1.1512992098089418
4863,0.965,0.8713004581677632,0.751937984496124,0.9065420560747663,0.8713004581677634,0.8425733536187785,0.8220338983050847,0.7784911717495986,1.208863837133793
4864,0.965,0.8678913425835451,0.7441860465116279,0.9142857142857143,0.8678913425835451,0.8429858803986711,0.8205128205128205,0.7729468599033816,1.2088631708026012
4865,0.9641666666666666,0.8606062580070788,0.7286821705426356,0.9215686274509803,0.8606062580070788,0.8397087323301412,0.8138528138528138,0.7605177993527508,1.2376448181338349
4866,0.9691666666666666,0.8872711875447854,0.7829457364341085,0.9181818181818182,0.8872711875447854,0.86223044397463,0.8451882845188284,0.8067092651757188,1.0649516024904733
4867,0.9683333333333334,0.8868043341367555,0.7829457364341085,0.9099099099099099,0.8868043341367555,0.8580944898386759,0.8416666666666666,0.8054226475279107,1.093734582484091
4868,0.9708333333333333,0.8916140099450633,0.7906976744186046,0.9272727272727272,0.8916140099450633,0.870235200845666,0.8535564853556484,0.8146964856230033,1.0073863088344304
4869,0.97,0.8911471565370335,0.7906976744186046,0.918918918918919,0.8911471565370335,0.8660582966687618,0.85,0.8133971291866028,1.0361692888280478
4870,0.9675,0.8795192495602893,0.7674418604651163,0.9166666666666666,0.8795192495602894,0.8545542635658914,0.8354430379746837,0.7932692307692308,1.1225162298153244
4871,0.9633333333333334,0.8601394045990489,0.7286821705426356,0.912621359223301,0.8601394045990489,0.8352350982163016,0.8103448275862069,0.7592891760904686,1.2664277981274523
4872,0.9666666666666667,0.8756432805680412,0.7596899224806202,0.9158878504672897,0.8756432805680412,0.8507055531406216,0.8305084745762713,0.7865168539325843,1.15129854347775
4873,0.9658333333333333,0.8717673115757931,0.751937984496124,0.9150943396226415,0.8717673115757931,0.8468494953927161,0.8255319148936171,0.7797427652733119,1.1800808571401757
4874,0.965,0.8678913425835451,0.7441860465116279,0.9142857142857143,0.8678913425835451,0.8429858803986711,0.8205128205128205,0.7729468599033816,1.2088631708026012
4875,0.9675,0.8795192495602893,0.7674418604651163,0.9166666666666666,0.8795192495602894,0.8545542635658914,0.8354430379746837,0.7932692307692308,1.1225162298153244
4876,0.9683333333333334,0.8833952185525373,0.7751937984496124,0.9174311926605505,0.8833952185525373,0.8583958288884148,0.8403361344537815,0.7999999999999999,1.093733916152899
4877,0.965,0.8713004581677632,0.751937984496124,0.9065420560747663,0.8713004581677634,0.8425733536187785,0.8220338983050847,0.7784911717495986,1.2088638371337932
4878,0.9666666666666667,0.8756432805680412,0.7596899224806202,0.9158878504672897,0.8756432805680412,0.8507055531406216,0.8305084745762713,0.7865168539325843,1.15129854347775
4879,0.9691666666666666,0.8872711875447854,0.7829457364341085,0.9181818181818182,0.8872711875447854,0.86223044397463,0.8451882845188284,0.8067092651757188,1.0649516024904733
4880,0.9666666666666667,0.8756432805680412,0.7596899224806202,0.9158878504672897,0.8756432805680412,0.8507055531406216,0.8305084745762713,0.7865168539325843,1.1512985434777498
4881,0.9683333333333334,0.8833952185525373,0.7751937984496124,0.9174311926605505,0.8833952185525373,0.8583958288884148,0.8403361344537815,0.7999999999999999,1.093733916152899
4882,0.9683333333333334,0.8833952185525373,0.7751937984496124,0.9174311926605505,0.8833952185525373,0.8583958288884148,0.8403361344537815,0.7999999999999999,1.093733916152899
4883,0.9666666666666667,0.8790523961522594,0.7674418604651163,0.908256880733945,0.8790523961522594,0.8503493705995308,0.8319327731092436,0.7919999999999999,1.1512992098089418
4884,0.9675,0.8795192495602893,0.7674418604651163,0.9166666666666666,0.8795192495602894,0.8545542635658914,0.8354430379746837,0.7932692307692308,1.1225162298153244
4885,0.9666666666666667,0.8756432805680412,0.7596899224806202,0.9158878504672897,0.8756432805680412,0.8507055531406216,0.8305084745762713,0.7865168539325843,1.15129854347775
4886,0.9641666666666666,0.8674244891755152,0.7441860465116279,0.9056603773584906,0.8674244891755152,0.8386732119350592,0.8170212765957447,0.7717041800643085,1.2376461507962186
4887,0.9658333333333333,0.8717673115757931,0.751937984496124,0.9150943396226415,0.8717673115757931,0.8468494953927161,0.8255319148936171,0.7797427652733119,1.1800808571401755
4888,0.9691666666666666,0.8872711875447854,0.7829457364341085,0.9181818181818182,0.8872711875447854,0.86223044397463,0.8451882845188284,0.8067092651757188,1.0649516024904733
4889,0.9683333333333334,0.8833952185525373,0.7751937984496124,0.9174311926605505,0.8833952185525373,0.8583958288884148,0.8403361344537815,0.7999999999999999,1.093733916152899
4890,0.97,0.8911471565370335,0.7906976744186046,0.918918918918919,0.8911471565370335,0.8660582966687618,0.85,0.8133971291866028,1.0361692888280478
4891,0.9675,0.8795192495602893,0.7674418604651163,0.9166666666666666,0.8795192495602894,0.8545542635658914,0.8354430379746837,0.7932692307692308,1.1225162298153244
4892,0.9658333333333333,0.8717673115757931,0.751937984496124,0.9150943396226415,0.8717673115757931,0.8468494953927161,0.8255319148936171,0.7797427652733119,1.1800808571401755
4893,0.9683333333333334,0.8833952185525373,0.7751937984496124,0.9174311926605505,0.8833952185525373,0.8583958288884148,0.8403361344537815,0.7999999999999999,1.093733916152899
4894,0.9716666666666667,0.8988990945215296,0.8062015503875969,0.9203539823008849,0.8988990945215296,0.8736944330109077,0.859504132231405,0.8267090620031796,0.9786046615031967
4895,0.9666666666666667,0.8790523961522594,0.7674418604651163,0.908256880733945,0.8790523961522594,0.8503493705995308,0.8319327731092436,0.7919999999999999,1.1512992098089418
4896,0.9675,0.8795192495602893,0.7674418604651163,0.9166666666666666,0.8795192495602894,0.8545542635658914,0.8354430379746837,0.7932692307692308,1.1225162298153244
4897,0.9683333333333334,0.8868043341367555,0.7829457364341085,0.9099099099099099,0.8868043341367555,0.8580944898386759,0.8416666666666666,0.8054226475279107,1.093734582484091
4898,0.9658333333333333,0.8717673115757931,0.751937984496124,0.9150943396226415,0.8717673115757931,0.8468494953927161,0.8255319148936171,0.7797427652733119,1.1800808571401757
4899,0.965,0.8678913425835451,0.7441860465116279,0.9142857142857143,0.8678913425835451,0.8429858803986711,0.8205128205128205,0.7729468599033816,1.2088631708026012
4900,0.9675,0.8829283651445075,0.7751937984496124,0.9090909090909091,0.8829283651445075,0.8542256871035941,0.8368200836820083,0.7987220447284344,1.1225168961465164
4901,0.9683333333333334,0.8868043341367555,0.7829457364341085,0.9099099099099099,0.8868043341367555,0.8580944898386759,0.8416666666666666,0.8054226475279107,1.093734582484091
4902,0.9666666666666667,0.8756432805680412,0.7596899224806202,0.9158878504672897,0.8756432805680412,0.8507055531406216,0.8305084745762713,0.7865168539325843,1.15129854347775
4903,0.9658333333333333,0.8751764271600113,0.7596899224806202,0.9074074074074074,0.8751764271600113,0.8464653316106805,0.8270042194092827,0.7852564102564104,1.1800815234713675
4904,0.97,0.8911471565370335,0.7906976744186046,0.918918918918919,0.8911471565370335,0.8660582966687618,0.85,0.8133971291866028,1.0361692888280478
4905,0.9691666666666666,0.8838620719605672,0.7751937984496124,0.9259259259259259,0.8838620719605672,0.8626431955211026,0.8438818565400844,0.8012820512820513,1.0649509361592815
4906,0.97,0.8945562721212517,0.7984496124031008,0.911504424778761,0.8945562721212517,0.8658103519242641,0.8512396694214877,0.8187599364069952,1.0361699551592396
4907,0.9658333333333333,0.8751764271600113,0.7596899224806202,0.9074074074074074,0.8751764271600113,0.8464653316106805,0.8270042194092827,0.7852564102564104,1.1800815234713675
4908,0.9691666666666666,0.8872711875447854,0.7829457364341085,0.9181818181818182,0.8872711875447854,0.86223044397463,0.8451882845188284,0.8067092651757188,1.0649516024904733
4909,0.9658333333333333,0.8717673115757931,0.751937984496124,0.9150943396226415,0.8717673115757931,0.8468494953927161,0.8255319148936171,0.7797427652733119,1.1800808571401755
4910,0.9666666666666667,0.872234164983823,0.751937984496124,0.9238095238095239,0.872234164983823,0.8512070874861573,0.8290598290598291,0.7809983896940418,1.1512978771465583
4911,0.9658333333333333,0.8717673115757931,0.751937984496124,0.9150943396226415,0.8717673115757931,0.8468494953927161,0.8255319148936171,0.7797427652733119,1.1800808571401755
4912,0.9683333333333334,0.8833952185525373,0.7751937984496124,0.9174311926605505,0.8833952185525373,0.8583958288884148,0.8403361344537815,0.7999999999999999,1.093733916152899
4913,0.9683333333333334,0.8799861029683191,0.7674418604651163,0.9252336448598131,0.8799861029683191,0.8588377526624646,0.8389830508474577,0.7945425361155699,1.093733249821707
4914,0.9666666666666667,0.8756432805680412,0.7596899224806202,0.9158878504672897,0.8756432805680412,0.8507055531406216,0.8305084745762713,0.7865168539325843,1.15129854347775
4915,0.9691666666666666,0.8872711875447854,0.7829457364341085,0.9181818181818182,0.8872711875447854,0.86223044397463,0.8451882845188284,0.8067092651757188,1.0649516024904733
4916,0.9691666666666666,0.8872711875447854,0.7829457364341085,0.9181818181818182,0.8872711875447854,0.86223044397463,0.8451882845188284,0.8067092651757188,1.0649516024904733
4917,0.9675,0.8829283651445075,0.7751937984496124,0.9090909090909091,0.8829283651445075,0.8542256871035941,0.8368200836820083,0.7987220447284344,1.1225168961465164
4918,0.965,0.8713004581677632,0.751937984496124,0.9065420560747663,0.8713004581677634,0.8425733536187785,0.8220338983050847,0.7784911717495986,1.2088638371337932
4919,0.9683333333333334,0.8833952185525373,0.7751937984496124,0.9174311926605505,0.8833952185525373,0.8583958288884148,0.8403361344537815,0.7999999999999999,1.093733916152899
4920,0.9658333333333333,0.8717673115757931,0.751937984496124,0.9150943396226415,0.8717673115757931,0.8468494953927161,0.8255319148936171,0.7797427652733119,1.1800808571401757
4921,0.9675,0.8795192495602893,0.7674418604651163,0.9166666666666666,0.8795192495602894,0.8545542635658914,0.8354430379746837,0.7932692307692308,1.1225162298153244
4922,0.9675,0.8795192495602893,0.7674418604651163,0.9166666666666666,0.8795192495602894,0.8545542635658914,0.8354430379746837,0.7932692307692308,1.1225162298153244
4923,0.9675,0.8761101339760711,0.7596899224806202,0.9245283018867925,0.8761101339760711,0.855025778850373,0.8340425531914893,0.7877813504823152,1.1225155634841326
4924,0.9675,0.8795192495602893,0.7674418604651163,0.9166666666666666,0.8795192495602894,0.8545542635658914,0.8354430379746837,0.7932692307692308,1.1225162298153244
4925,0.9691666666666666,0.8872711875447854,0.7829457364341085,0.9181818181818182,0.8872711875447854,0.86223044397463,0.8451882845188284,0.8067092651757188,1.0649516024904733
4926,0.9666666666666667,0.8756432805680412,0.7596899224806202,0.9158878504672897,0.8756432805680412,0.8507055531406216,0.8305084745762713,0.7865168539325843,1.1512985434777498
4927,0.9691666666666666,0.8872711875447854,0.7829457364341085,0.9181818181818182,0.8872711875447854,0.86223044397463,0.8451882845188284,0.8067092651757188,1.0649516024904733
4928,0.97,0.8877380409528153,0.7829457364341085,0.926605504587156,0.8877380409528153,0.8664422871772988,0.8487394957983192,0.808,1.036168622496856
4929,0.9666666666666667,0.8790523961522594,0.7674418604651163,0.908256880733945,0.8790523961522594,0.8503493705995308,0.8319327731092436,0.7919999999999999,1.1512992098089418
4930,0.9716666666666667,0.8954899789373114,0.7984496124031008,0.9279279279279279,0.8954899789373114,0.8740221034988476,0.8583333333333333,0.8213716108452951,0.9786039951720049
4931,0.9641666666666666,0.8674244891755152,0.7441860465116279,0.9056603773584906,0.8674244891755152,0.8386732119350592,0.8170212765957447,0.7717041800643085,1.2376461507962186
4932,0.9675,0.8829283651445075,0.7751937984496124,0.9090909090909091,0.8829283651445075,0.8542256871035941,0.8368200836820083,0.7987220447284344,1.1225168961465164
4933,0.9683333333333334,0.8799861029683191,0.7674418604651163,0.9252336448598131,0.8799861029683191,0.8588377526624646,0.8389830508474577,0.7945425361155699,1.093733249821707
4934,0.9666666666666667,0.8756432805680412,0.7596899224806202,0.9158878504672897,0.8756432805680412,0.8507055531406216,0.8305084745762713,0.7865168539325843,1.1512985434777503
4935,0.97,0.8877380409528153,0.7829457364341085,0.926605504587156,0.8877380409528153,0.8664422871772988,0.8487394957983192,0.808,1.036168622496856
4936,0.9675,0.8829283651445075,0.7751937984496124,0.9090909090909091,0.8829283651445075,0.8542256871035941,0.8368200836820083,0.7987220447284344,1.1225168961465164
4937,0.9708333333333333,0.8950231255292815,0.7984496124031008,0.9196428571428571,0.8950231255292815,0.8698795681063124,0.8547717842323651,0.8200636942675159,1.0073869751656221
4938,0.9666666666666667,0.8756432805680412,0.7596899224806202,0.9158878504672897,0.8756432805680412,0.8507055531406216,0.8305084745762713,0.7865168539325843,1.15129854347775
4939,0.9683333333333334,0.8833952185525373,0.7751937984496124,0.9174311926605505,0.8833952185525373,0.8583958288884148,0.8403361344537815,0.7999999999999999,1.093733916152899
4940,0.9666666666666667,0.8756432805680412,0.7596899224806202,0.9158878504672897,0.8756432805680412,0.8507055531406216,0.8305084745762713,0.7865168539325843,1.1512985434777498
4941,0.9666666666666667,0.8756432805680412,0.7596899224806202,0.9158878504672897,0.8756432805680412,0.8507055531406216,0.8305084745762713,0.7865168539325843,1.15129854347775
4942,0.9683333333333334,0.8868043341367555,0.7829457364341085,0.9099099099099099,0.8868043341367555,0.8580944898386759,0.8416666666666666,0.8054226475279107,1.0937345824840907
4943,0.9675,0.8795192495602893,0.7674418604651163,0.9166666666666666,0.8795192495602894,0.8545542635658914,0.8354430379746837,0.7932692307692308,1.1225162298153244
4944,0.9683333333333334,0.8833952185525373,0.7751937984496124,0.9174311926605505,0.8833952185525373,0.8583958288884148,0.8403361344537815,0.7999999999999999,1.093733916152899
4945,0.9683333333333334,0.8833952185525373,0.7751937984496124,0.9174311926605505,0.8833952185525373,0.8583958288884148,0.8403361344537815,0.7999999999999999,1.093733916152899
4946,0.9675,0.8795192495602893,0.7674418604651163,0.9166666666666666,0.8795192495602894,0.8545542635658914,0.8354430379746837,0.7932692307692308,1.1225162298153244
4947,0.9675,0.8795192495602893,0.7674418604651163,0.9166666666666666,0.8795192495602894,0.8545542635658914,0.8354430379746837,0.7932692307692308,1.1225162298153246
4948,0.9666666666666667,0.8756432805680412,0.7596899224806202,0.9158878504672897,0.8756432805680412,0.8507055531406216,0.8305084745762713,0.7865168539325843,1.15129854347775
4949,0.9658333333333333,0.8717673115757931,0.751937984496124,0.9150943396226415,0.8717673115757931,0.8468494953927161,0.8255319148936171,0.7797427652733119,1.1800808571401757
4950,0.9683333333333334,0.8833952185525373,0.7751937984496124,0.9174311926605505,0.8833952185525373,0.8583958288884148,0.8403361344537815,0.7999999999999999,1.093733916152899
4951,0.9658333333333333,0.8751764271600113,0.7596899224806202,0.9074074074074074,0.8751764271600113,0.8464653316106805,0.8270042194092827,0.7852564102564104,1.1800815234713675
4952,0.9691666666666666,0.8872711875447854,0.7829457364341085,0.9181818181818182,0.8872711875447854,0.86223044397463,0.8451882845188284,0.8067092651757188,1.0649516024904733
4953,0.9675,0.8795192495602893,0.7674418604651163,0.9166666666666666,0.8795192495602894,0.8545542635658914,0.8354430379746837,0.7932692307692308,1.1225162298153244
4954,0.965,0.8678913425835451,0.7441860465116279,0.9142857142857143,0.8678913425835451,0.8429858803986711,0.8205128205128205,0.7729468599033816,1.2088631708026012
4955,0.9675,0.8795192495602893,0.7674418604651163,0.9166666666666666,0.8795192495602894,0.8545542635658914,0.8354430379746837,0.7932692307692308,1.1225162298153244
4956,0.97,0.8911471565370335,0.7906976744186046,0.918918918918919,0.8911471565370335,0.8660582966687618,0.85,0.8133971291866028,1.0361692888280478
4957,0.9658333333333333,0.8717673115757931,0.751937984496124,0.9150943396226415,0.8717673115757931,0.8468494953927161,0.8255319148936171,0.7797427652733119,1.1800808571401755
4958,0.9666666666666667,0.8756432805680412,0.7596899224806202,0.9158878504672897,0.8756432805680412,0.8507055531406216,0.8305084745762713,0.7865168539325843,1.15129854347775
4959,0.9691666666666666,0.8838620719605672,0.7751937984496124,0.9259259259259259,0.8838620719605672,0.8626431955211026,0.8438818565400844,0.8012820512820513,1.0649509361592815
4960,0.9666666666666667,0.8756432805680412,0.7596899224806202,0.9158878504672897,0.8756432805680412,0.8507055531406216,0.8305084745762713,0.7865168539325843,1.1512985434777498
4961,0.9658333333333333,0.8717673115757931,0.751937984496124,0.9150943396226415,0.8717673115757931,0.8468494953927161,0.8255319148936171,0.7797427652733119,1.180080857140176
4962,0.9708333333333333,0.8950231255292815,0.7984496124031008,0.9196428571428571,0.8950231255292815,0.8698795681063124,0.8547717842323651,0.8200636942675159,1.0073869751656221
4963,0.97,0.8911471565370335,0.7906976744186046,0.918918918918919,0.8911471565370335,0.8660582966687618,0.85,0.8133971291866028,1.0361692888280478
4964,0.9666666666666667,0.8756432805680412,0.7596899224806202,0.9158878504672897,0.8756432805680412,0.8507055531406216,0.8305084745762713,0.7865168539325843,1.1512985434777498
4965,0.9683333333333334,0.8833952185525373,0.7751937984496124,0.9174311926605505,0.8833952185525373,0.8583958288884148,0.8403361344537815,0.7999999999999999,1.093733916152899
4966,0.9675,0.8795192495602893,0.7674418604651163,0.9166666666666666,0.8795192495602894,0.8545542635658914,0.8354430379746837,0.7932692307692308,1.1225162298153246
4967,0.9675,0.8795192495602893,0.7674418604651163,0.9166666666666666,0.8795192495602894,0.8545542635658914,0.8354430379746837,0.7932692307692308,1.1225162298153244
4968,0.9691666666666666,0.8872711875447854,0.7829457364341085,0.9181818181818182,0.8872711875447854,0.86223044397463,0.8451882845188284,0.8067092651757188,1.0649516024904733
4969,0.9675,0.8795192495602893,0.7674418604651163,0.9166666666666666,0.8795192495602894,0.8545542635658914,0.8354430379746837,0.7932692307692308,1.1225162298153244
4970,0.9675,0.8795192495602893,0.7674418604651163,0.9166666666666666,0.8795192495602894,0.8545542635658914,0.8354430379746837,0.7932692307692308,1.1225162298153244
4971,0.965,0.8678913425835451,0.7441860465116279,0.9142857142857143,0.8678913425835451,0.8429858803986711,0.8205128205128205,0.7729468599033816,1.2088631708026014
4972,0.9683333333333334,0.8799861029683191,0.7674418604651163,0.9252336448598131,0.8799861029683191,0.8588377526624646,0.8389830508474577,0.7945425361155699,1.093733249821707
4973,0.9691666666666666,0.8872711875447854,0.7829457364341085,0.9181818181818182,0.8872711875447854,0.86223044397463,0.8451882845188284,0.8067092651757188,1.0649516024904733
4974,0.9675,0.8795192495602893,0.7674418604651163,0.9166666666666666,0.8795192495602894,0.8545542635658914,0.8354430379746837,0.7932692307692308,1.1225162298153244
4975,0.9683333333333334,0.8833952185525373,0.7751937984496124,0.9174311926605505,0.8833952185525373,0.8583958288884148,0.8403361344537815,0.7999999999999999,1.093733916152899
4976,0.9691666666666666,0.8872711875447854,0.7829457364341085,0.9181818181818182,0.8872711875447854,0.86223044397463,0.8451882845188284,0.8067092651757188,1.0649516024904733
4977,0.9658333333333333,0.8751764271600113,0.7596899224806202,0.9074074074074074,0.8751764271600113,0.8464653316106805,0.8270042194092827,0.7852564102564104,1.1800815234713675
4978,0.9641666666666666,0.864015373591297,0.7364341085271318,0.9134615384615384,0.864015373591297,0.8391144901610017,0.815450643776824,0.7661290322580645,1.2376454844650269
4979,0.965,0.8713004581677632,0.751937984496124,0.9065420560747663,0.8713004581677634,0.8425733536187785,0.8220338983050847,0.7784911717495986,1.208863837133793
4980,0.97,0.8911471565370335,0.7906976744186046,0.918918918918919,0.8911471565370335,0.8660582966687618,0.85,0.8133971291866028,1.0361692888280478
4981,0.9666666666666667,0.8790523961522594,0.7674418604651163,0.908256880733945,0.8790523961522594,0.8503493705995308,0.8319327731092436,0.7919999999999999,1.1512992098089418
4982,0.9658333333333333,0.8717673115757931,0.751937984496124,0.9150943396226415,0.8717673115757931,0.8468494953927161,0.8255319148936171,0.7797427652733119,1.1800808571401755
4983,0.9666666666666667,0.8756432805680412,0.7596899224806202,0.9158878504672897,0.8756432805680412,0.8507055531406216,0.8305084745762713,0.7865168539325843,1.1512985434777498
4984,0.9675,0.8795192495602893,0.7674418604651163,0.9166666666666666,0.8795192495602894,0.8545542635658914,0.8354430379746837,0.7932692307692308,1.1225162298153246
4985,0.9683333333333334,0.8868043341367555,0.7829457364341085,0.9099099099099099,0.8868043341367555,0.8580944898386759,0.8416666666666666,0.8054226475279107,1.093734582484091
4986,0.9675,0.8795192495602893,0.7674418604651163,0.9166666666666666,0.8795192495602894,0.8545542635658914,0.8354430379746837,0.7932692307692308,1.1225162298153246
4987,0.9666666666666667,0.8790523961522594,0.7674418604651163,0.908256880733945,0.8790523961522594,0.8503493705995308,0.8319327731092436,0.7919999999999999,1.1512992098089418
4988,0.9683333333333334,0.8833952185525373,0.7751937984496124,0.9174311926605505,0.8833952185525373,0.8583958288884148,0.8403361344537815,0.7999999999999999,1.093733916152899
4989,0.97,0.8911471565370335,0.7906976744186046,0.918918918918919,0.8911471565370335,0.8660582966687618,0.85,0.8133971291866028,1.0361692888280478
4990,0.9675,0.8795192495602893,0.7674418604651163,0.9166666666666666,0.8795192495602894,0.8545542635658914,0.8354430379746837,0.7932692307692308,1.1225162298153246
4991,0.9683333333333334,0.8833952185525373,0.7751937984496124,0.9174311926605505,0.8833952185525373,0.8583958288884148,0.8403361344537815,0.7999999999999999,1.093733916152899
4992,0.9708333333333333,0.8950231255292815,0.7984496124031008,0.9196428571428571,0.8950231255292815,0.8698795681063124,0.8547717842323651,0.8200636942675159,1.0073869751656221
4993,0.9675,0.8795192495602893,0.7674418604651163,0.9166666666666666,0.8795192495602894,0.8545542635658914,0.8354430379746837,0.7932692307692308,1.1225162298153246
4994,0.9683333333333334,0.8833952185525373,0.7751937984496124,0.9174311926605505,0.8833952185525373,0.8583958288884148,0.8403361344537815,0.7999999999999999,1.093733916152899
4995,0.9691666666666666,0.8838620719605672,0.7751937984496124,0.9259259259259259,0.8838620719605672,0.8626431955211026,0.8438818565400844,0.8012820512820513,1.0649509361592815
4996,0.9691666666666666,0.8872711875447854,0.7829457364341085,0.9181818181818182,0.8872711875447854,0.86223044397463,0.8451882845188284,0.8067092651757188,1.0649516024904733
4997,0.9675,0.8795192495602893,0.7674418604651163,0.9166666666666666,0.8795192495602894,0.8545542635658914,0.8354430379746837,0.7932692307692308,1.1225162298153244
4998,0.9658333333333333,0.8717673115757931,0.751937984496124,0.9150943396226415,0.8717673115757931,0.8468494953927161,0.8255319148936171,0.7797427652733119,1.1800808571401757
4999,0.9675,0.8795192495602893,0.7674418604651163,0.9166666666666666,0.8795192495602894,0.8545542635658914,0.8354430379746837,0.7932692307692308,1.1225162298153246
5000,0.9675,0.8795192495602893,0.7674418604651163,0.9166666666666666,0.8795192495602894,0.8545542635658914,0.8354430379746837,0.7932692307692308,1.1225162298153246
