,accuracy,balanced_accuracy,recall,precision,auc,pr_auc,f1_score,f2_score,log_loss
0,0.9566666666666667,0.8282265552460538,0.6666666666666666,0.8817204301075269,0.8282265552460538,0.7912768817204302,0.7592592592592593,0.7008547008547008,1.4966876400892404
1,0.9525,0.8259052924791086,0.6666666666666666,0.8367346938775511,0.8259052924791086,0.7687840136054422,0.7420814479638008,0.6949152542372881,1.6406025400573276
2,0.9566666666666667,0.8246257671490365,0.6585365853658537,0.8901098901098901,0.8246257671490365,0.7918232377378718,0.7570093457943925,0.6946826758147515,1.4966869737580486
3,0.955,0.8272980501392757,0.6666666666666666,0.8631578947368421,0.8272980501392757,0.7819956140350877,0.7522935779816514,0.6984667802385008,1.554253600076475
4,0.9591666666666666,0.8440224652942908,0.6991869918699187,0.8775510204081632,0.8440224652942907,0.8037856728057076,0.7782805429864255,0.728813559322034,1.4103413654331556
5,0.9558333333333333,0.8349638788866998,0.6829268292682927,0.8571428571428571,0.8349638788866998,0.786284843205575,0.7601809954751131,0.711864406779661,1.5254719527452416
6,0.9558333333333333,0.8277623026926648,0.6666666666666666,0.8723404255319149,0.8277623026926647,0.7865868794326242,0.7557603686635944,0.6996587030716723,1.5254706200828578
7,0.9641666666666666,0.8648119210997124,0.7398373983739838,0.8921568627450981,0.8648119210997123,0.8293304638928742,0.8088888888888889,0.765993265993266,1.2376468171274104
8,0.9591666666666666,0.836820889100256,0.6829268292682927,0.8936170212765957,0.8368208891002559,0.8045219252724443,0.7741935483870969,0.7167235494880547,1.410340032770772
9,0.9575,0.8322915958964603,0.6747967479674797,0.8829787234042553,0.8322915958964603,0.7955544023525342,0.7649769585253458,0.7081911262798635,1.4679053264268147
10,0.9591666666666666,0.8584256176823606,0.7317073170731707,0.8490566037735849,0.8584256176823607,0.8041319604233778,0.7860262008733625,0.7525083612040134,1.410344030757923
11,0.9583333333333334,0.8327558484498494,0.6747967479674797,0.8924731182795699,0.8327558484498494,0.8003015997901914,0.7685185185185185,0.7094017094017094,1.4391223464331977
12,0.96,0.8516882940417148,0.7154471544715447,0.8712871287128713,0.8516882940417148,0.8079504749255413,0.7857142857142857,0.7419898819561552,1.381559718101922
13,0.9608333333333333,0.8593541227891388,0.7317073170731707,0.8653846153846154,0.8593541227891387,0.8122959662288931,0.7929515418502202,0.7550335570469798,1.3527780707706882
14,0.9583333333333334,0.8507597889349368,0.7154471544715447,0.8543689320388349,0.8507597889349366,0.7994913765885232,0.7787610619469026,0.7394957983193278,1.4391256780891568
15,0.9575,0.8322915958964603,0.6747967479674797,0.8829787234042553,0.8322915958964603,0.7955544023525342,0.7649769585253458,0.7081911262798635,1.467905326426815
16,0.9591666666666666,0.8440224652942908,0.6991869918699187,0.8775510204081632,0.8440224652942907,0.8037856728057076,0.7782805429864255,0.728813559322034,1.4103413654331556
17,0.9591666666666666,0.8440224652942908,0.6991869918699187,0.8775510204081632,0.8440224652942907,0.8037856728057076,0.7782805429864255,0.728813559322034,1.4103413654331556
18,0.965,0.854473809362049,0.7154471544715447,0.9263157894736842,0.854473809362049,0.8354648053059478,0.8073394495412844,0.7495741056218057,1.2088618381402174
19,0.965,0.854473809362049,0.7154471544715447,0.9263157894736842,0.854473809362049,0.8354648053059478,0.8073394495412844,0.7495741056218057,1.2088618381402176
20,0.9583333333333334,0.8399574246438843,0.6910569105691057,0.8762886597938144,0.8399574246438842,0.7995061185147934,0.7727272727272728,0.7215619694397283,1.4391236790955813
21,0.9625,0.845879475507847,0.6991869918699187,0.9148936170212766,0.8458794755078471,0.8224569711122642,0.7926267281105991,0.733788395904437,1.2952094454586858
22,0.9608333333333333,0.8485517584980864,0.7073170731707317,0.8877551020408163,0.8485517584980863,0.812536087605774,0.7873303167420814,0.7372881355932203,1.3527760717771127
23,0.9616666666666667,0.8526167991484929,0.7154471544715447,0.8888888888888888,0.8526167991484929,0.8167513550135501,0.7927927927927928,0.7445008460236887,1.323993758114687
24,0.9616666666666667,0.8598183753425278,0.7317073170731707,0.8737864077669902,0.8598183753425278,0.8164968624200806,0.7964601769911506,0.7563025210084033,1.3239950907770708
25,0.9633333333333334,0.853545304255271,0.7154471544715447,0.9072164948453608,0.8535453042552709,0.825915157991786,0.8,0.7470288624787776,1.2664277981274525
26,0.9625,0.845879475507847,0.6991869918699187,0.9148936170212766,0.8458794755078471,0.8224569711122642,0.7926267281105991,0.733788395904437,1.2952094454586862
27,0.965,0.8688769617501189,0.7479674796747967,0.8932038834951457,0.868876961750119,0.8335023482516378,0.8141592920353982,0.7731092436974789,1.208864503464985
28,0.9583333333333334,0.8363566365468669,0.6829268292682927,0.8842105263157894,0.836356636546867,0.7998186777920411,0.7706422018348623,0.715502555366269,1.4391230127643895
29,0.96,0.8480875059446973,0.7073170731707317,0.8787878787878788,0.8480875059446973,0.8080524759793053,0.7837837837837839,0.7360406091370557,1.3815590517707301
30,0.9616666666666667,0.8490160110514754,0.7073170731707317,0.8969072164948454,0.8490160110514754,0.8171121448327885,0.7909090909090908,0.7385398981324277,1.3239930917834954
31,0.9633333333333334,0.8499445161582535,0.7073170731707317,0.9157894736842105,0.8499445161582535,0.8265532734274711,0.7981651376146789,0.7410562180579215,1.2664271317962608
32,0.9608333333333333,0.8413501823040515,0.6910569105691057,0.9042553191489362,0.8413501823040513,0.8134894481923542,0.783410138248848,0.7252559726962456,1.3527747391147291
33,0.9666666666666667,0.869805466856897,0.7479674796747967,0.9108910891089109,0.869805466856897,0.8423459510585204,0.8214285714285714,0.7757166947723441,1.1512985434777498
34,0.9616666666666667,0.8490160110514754,0.7073170731707317,0.8969072164948454,0.8490160110514754,0.8171121448327885,0.7909090909090908,0.7385398981324277,1.3239930917834954
35,0.9658333333333333,0.862139638109473,0.7317073170731707,0.9183673469387755,0.862139638109473,0.8387873320059731,0.8144796380090498,0.7627118644067797,1.180080190808984
36,0.96,0.8552890821387322,0.7235772357723578,0.8640776699029126,0.8552890821387322,0.8079941195043019,0.7876106194690266,0.7478991596638656,1.3815603844331137
37,0.965,0.8616753855560839,0.7317073170731707,0.9090909090909091,0.8616753855560839,0.83414911308204,0.8108108108108109,0.7614213197969543,1.2088631708026012
38,0.9641666666666666,0.8648119210997124,0.7398373983739838,0.8921568627450981,0.8648119210997123,0.8293304638928742,0.8088888888888889,0.765993265993266,1.2376468171274106
39,0.9658333333333333,0.8657404262064905,0.7398373983739838,0.91,0.8657404262064904,0.8382520325203253,0.8161434977578476,0.768581081081081,1.1800808571401755
40,0.9583333333333334,0.8363566365468669,0.6829268292682927,0.8842105263157894,0.836356636546867,0.7998186777920411,0.7706422018348623,0.715502555366269,1.4391230127643895
41,0.9633333333333334,0.8571460923522884,0.7235772357723578,0.898989898989899,0.8571460923522884,0.825450234047795,0.8018018018018018,0.7529610829103215,1.2664284644586443
42,0.9658333333333333,0.8657404262064905,0.7398373983739838,0.91,0.8657404262064904,0.8382520325203253,0.8161434977578476,0.768581081081081,1.1800808571401757
43,0.9616666666666667,0.8490160110514754,0.7073170731707317,0.8969072164948454,0.8490160110514754,0.8171121448327885,0.7909090909090908,0.7385398981324277,1.3239930917834954
44,0.9616666666666667,0.8598183753425278,0.7317073170731707,0.8737864077669902,0.8598183753425278,0.8164968624200806,0.7964601769911506,0.7563025210084033,1.3239950907770708
45,0.9608333333333333,0.8449509704010689,0.6991869918699187,0.8958333333333334,0.8449509704010689,0.8129268292682927,0.7853881278538812,0.7312925170068026,1.352775405445921
46,0.9575,0.8430939601875127,0.6991869918699187,0.86,0.8430939601875128,0.795010162601626,0.7713004484304934,0.7263513513513514,1.4679073254203905
47,0.9675,0.8738705075073034,0.7560975609756098,0.9117647058823529,0.8738705075073034,0.8464311334289812,0.8266666666666665,0.7828282828282828,1.1225162298153246
48,0.96,0.8336843535566275,0.6747967479674797,0.9120879120879121,0.8336843535566275,0.8101089966943625,0.7757009345794393,0.7118353344768438,1.3815563864459628
49,0.9641666666666666,0.8540095568086601,0.7154471544715447,0.9166666666666666,0.85400955680866,0.830640243902439,0.8036529680365297,0.7482993197278912,1.2376448181338349
50,0.965,0.8688769617501189,0.7479674796747967,0.8932038834951457,0.868876961750119,0.8335023482516378,0.8141592920353982,0.7731092436974789,1.208864503464985
51,0.965,0.854473809362049,0.7154471544715447,0.9263157894736842,0.854473809362049,0.8354648053059478,0.8073394495412844,0.7495741056218057,1.2088618381402176
52,0.9641666666666666,0.8576103449056776,0.7235772357723578,0.9081632653061225,0.8576103449056774,0.8300369172059068,0.8054298642533937,0.7542372881355932,1.2376454844650269
53,0.965,0.8616753855560839,0.7317073170731707,0.9090909090909091,0.8616753855560839,0.83414911308204,0.8108108108108109,0.7614213197969543,1.2088631708026012
54,0.9633333333333334,0.8571460923522884,0.7235772357723578,0.898989898989899,0.8571460923522884,0.825450234047795,0.8018018018018018,0.7529610829103215,1.266428464458644
55,0.9616666666666667,0.8562175872455103,0.7235772357723578,0.8811881188118812,0.8562175872455103,0.8165493439587861,0.7946428571428573,0.7504215851602023,1.323994424445879
56,0.9633333333333334,0.8571460923522884,0.7235772357723578,0.898989898989899,0.8571460923522884,0.825450234047795,0.8018018018018018,0.7529610829103215,1.266428464458644
57,0.965,0.854473809362049,0.7154471544715447,0.9263157894736842,0.854473809362049,0.8354648053059478,0.8073394495412844,0.7495741056218057,1.2088618381402174
58,0.9616666666666667,0.8526167991484929,0.7154471544715447,0.8888888888888888,0.8526167991484929,0.8167513550135501,0.7927927927927928,0.7445008460236887,1.3239937581146872
59,0.9616666666666667,0.8526167991484929,0.7154471544715447,0.8888888888888888,0.8526167991484929,0.8167513550135501,0.7927927927927928,0.7445008460236887,1.323993758114687
60,0.9641666666666666,0.8576103449056776,0.7235772357723578,0.9081632653061225,0.8576103449056774,0.8300369172059068,0.8054298642533937,0.7542372881355932,1.2376454844650269
61,0.9625,0.8602826278959168,0.7317073170731707,0.8823529411764706,0.8602826278959168,0.8207801291248206,0.8,0.7575757575757577,1.2952121107834536
62,0.965,0.854473809362049,0.7154471544715447,0.9263157894736842,0.854473809362049,0.8354648053059478,0.8073394495412844,0.7495741056218057,1.2088618381402174
63,0.9633333333333334,0.8607468804493059,0.7317073170731707,0.8910891089108911,0.8607468804493059,0.8251482129920309,0.8035714285714285,0.7588532883642496,1.266429130789836
64,0.965,0.8652761736531014,0.7398373983739838,0.900990099009901,0.8652761736531014,0.8337470820252757,0.8125,0.7672849915682969,1.208863837133793
65,0.96,0.8516882940417148,0.7154471544715447,0.8712871287128713,0.8516882940417148,0.8079504749255413,0.7857142857142857,0.7419898819561552,1.381559718101922
66,0.9633333333333334,0.853545304255271,0.7154471544715447,0.9072164948453608,0.8535453042552709,0.825915157991786,0.8,0.7470288624787776,1.2664277981274523
67,0.9641666666666666,0.8648119210997124,0.7398373983739838,0.8921568627450981,0.8648119210997123,0.8293304638928742,0.8088888888888889,0.765993265993266,1.2376468171274106
68,0.9633333333333334,0.8571460923522884,0.7235772357723578,0.898989898989899,0.8571460923522884,0.825450234047795,0.8018018018018018,0.7529610829103215,1.2664284644586443
69,0.9675,0.870269719410286,0.7479674796747967,0.92,0.8702697194102861,0.8469004065040651,0.8251121076233183,0.7770270270270271,1.1225155634841326
70,0.9658333333333333,0.869341214303508,0.7479674796747967,0.9019607843137255,0.869341214303508,0.8378807986609278,0.8177777777777777,0.7744107744107744,1.1800815234713675
71,0.965,0.8688769617501189,0.7479674796747967,0.8932038834951457,0.868876961750119,0.8335023482516378,0.8141592920353982,0.7731092436974789,1.208864503464985
72,0.9708333333333333,0.8973322463029645,0.8048780487804879,0.9,0.8973322463029645,0.8624390243902439,0.8497854077253219,0.8222591362126246,1.007388307828006
73,0.9675,0.8774712956043209,0.7642276422764228,0.9038461538461539,0.8774712956043209,0.8461202313946217,0.8281938325991189,0.7885906040268457,1.1225168961465162
74,0.9616666666666667,0.8562175872455103,0.7235772357723578,0.8811881188118812,0.8562175872455103,0.8165493439587861,0.7946428571428573,0.7504215851602023,1.323994424445879
75,0.9608333333333333,0.8449509704010689,0.6991869918699187,0.8958333333333334,0.8449509704010689,0.8129268292682927,0.7853881278538812,0.7312925170068026,1.3527754054459207
76,0.96,0.8480875059446973,0.7073170731707317,0.8787878787878788,0.8480875059446973,0.8080524759793053,0.7837837837837839,0.7360406091370557,1.3815590517707301
77,0.9641666666666666,0.8612111330026949,0.7317073170731707,0.9,0.8612111330026949,0.8296036585365854,0.8071748878923767,0.7601351351351351,1.2376461507962189
78,0.965,0.8724777498471363,0.7560975609756098,0.8857142857142857,0.8724777498471363,0.8334059233449477,0.8157894736842105,0.7788944723618092,1.2088651697961765
79,0.9633333333333334,0.8607468804493059,0.7317073170731707,0.8910891089108911,0.8607468804493059,0.8251482129920309,0.8035714285714285,0.7588532883642496,1.266429130789836
80,0.9683333333333334,0.87793554815771,0.7642276422764228,0.912621359223301,0.8779355481577099,0.8505078340831953,0.8318584070796461,0.7899159663865547,1.093733916152899
81,0.9658333333333333,0.869341214303508,0.7479674796747967,0.9019607843137255,0.869341214303508,0.8378807986609278,0.8177777777777777,0.7744107744107744,1.1800815234713675
82,0.9666666666666667,0.8770070430509319,0.7642276422764228,0.8952380952380953,0.8770070430509318,0.8418162020905924,0.824561403508772,0.7872696817420436,1.1512998761401338
83,0.9666666666666667,0.8770070430509319,0.7642276422764228,0.8952380952380953,0.8770070430509318,0.8418162020905924,0.824561403508772,0.7872696817420436,1.1512998761401336
84,0.9675,0.8738705075073034,0.7560975609756098,0.9117647058823529,0.8738705075073034,0.8464311334289812,0.8266666666666665,0.7828282828282828,1.1225162298153244
85,0.965,0.8616753855560839,0.7317073170731707,0.9090909090909091,0.8616753855560839,0.83414911308204,0.8108108108108109,0.7614213197969543,1.2088631708026012
86,0.9625,0.8638834159929343,0.7398373983739838,0.875,0.8638834159929344,0.8207520325203252,0.801762114537445,0.7634228187919463,1.2952127771146453
87,0.9725,0.8874583871186901,0.7804878048780488,0.9411764705882353,0.8874583871186902,0.872082137733142,0.8533333333333334,0.8080808080808082,0.9498203488471957
88,0.9641666666666666,0.8684127091967297,0.7479674796747967,0.8846153846153846,0.8684127091967299,0.8292080988117574,0.8105726872246696,0.7718120805369129,1.2376474834586024
89,0.9708333333333333,0.8829290939148946,0.7723577235772358,0.9313725490196079,0.8829290939148946,0.8635318029650885,0.8444444444444446,0.7996632996632996,1.0073856425032386
90,0.9708333333333333,0.8901306701089295,0.7886178861788617,0.9150943396226415,0.8901306701089294,0.862689446234085,0.8471615720524018,0.8110367892976588,1.0073869751656221
91,0.9691666666666666,0.8747990126140816,0.7560975609756098,0.93,0.8747990126140816,0.855548780487805,0.8340807174887893,0.7854729729729729,1.0649502698280897
92,0.9708333333333333,0.8865298820119121,0.7804878048780488,0.9230769230769231,0.8865298820119121,0.863032363977486,0.8458149779735684,0.8053691275167786,1.0073863088344304
93,0.9683333333333334,0.8887379124487623,0.7886178861788617,0.8899082568807339,0.8887379124487623,0.8500964048631312,0.8362068965517241,0.8069883527454242,1.0937359151464745
94,0.9691666666666666,0.885601376905134,0.7804878048780488,0.9056603773584906,0.885601376905134,0.8543240911182697,0.8384279475982533,0.802675585284281,1.064952268821665
95,0.9683333333333334,0.8707339719636751,0.7479674796747967,0.9292929292929293,0.870733971963675,0.8515468711505297,0.8288288288288288,0.7783417935702198,1.0937325834905152
96,0.97,0.878864053264488,0.7642276422764228,0.9306930693069307,0.8788640532644879,0.85954368912501,0.8392857142857143,0.7925801011804385,1.0361679561656643
97,0.9666666666666667,0.869805466856897,0.7479674796747967,0.9108910891089109,0.869805466856897,0.8423459510585204,0.8214285714285714,0.7757166947723441,1.1512985434777498
98,0.97,0.8932672056525579,0.7967479674796748,0.8990825688073395,0.8932672056525579,0.8583319348101738,0.8448275862068967,0.8153078202995009,1.0361706214904316
99,0.9658333333333333,0.8585388500124556,0.7235772357723578,0.9270833333333334,0.8585388500124556,0.8394969512195123,0.8127853881278538,0.7568027210884355,1.180079524477792
100,0.9716666666666667,0.8833933464682836,0.7723577235772358,0.9405940594059405,0.8833933464682836,0.8681425581582548,0.8482142857142856,0.8010118043844856,0.9786026625096212
101,0.97,0.8896664175555404,0.7886178861788617,0.9065420560747663,0.8896664175555404,0.8584133044601474,0.8434782608695651,0.8096828046744574,1.0361699551592398
102,0.965,0.8652761736531014,0.7398373983739838,0.900990099009901,0.8652761736531014,0.8337470820252757,0.8125,0.7672849915682969,1.208863837133793
103,0.9691666666666666,0.8892021650021513,0.7886178861788617,0.8981481481481481,0.8892021650021514,0.8542163504968383,0.8398268398268397,0.8083333333333333,1.0649529351528568
104,0.9633333333333334,0.8607468804493059,0.7317073170731707,0.8910891089108911,0.8607468804493059,0.8251482129920309,0.8035714285714285,0.7588532883642496,1.2664291307898359
105,0.9633333333333334,0.8643476685463234,0.7398373983739838,0.883495145631068,0.8643476685463233,0.8249996053358593,0.8053097345132745,0.7647058823529412,1.2664297971210277
106,0.9666666666666667,0.8770070430509319,0.7642276422764228,0.8952380952380953,0.8770070430509318,0.8418162020905924,0.824561403508772,0.7872696817420436,1.1512998761401336
107,0.9716666666666667,0.8977964988563535,0.8048780487804879,0.908256880733945,0.8977964988563535,0.8665674647572165,0.8534482758620691,0.8236272878535773,0.9786053278343885
108,0.9683333333333334,0.8887379124487623,0.7886178861788617,0.8899082568807339,0.8887379124487623,0.8500964048631312,0.8362068965517241,0.8069883527454242,1.0937359151464745
109,0.97,0.886065629458523,0.7804878048780488,0.9142857142857143,0.886065629458523,0.8586367595818816,0.8421052631578947,0.8040201005025125,1.0361692888280478
110,0.9675,0.8774712956043209,0.7642276422764228,0.9038461538461539,0.8774712956043209,0.8461202313946217,0.8281938325991189,0.7885906040268457,1.1225168961465164
111,0.9625,0.8602826278959168,0.7317073170731707,0.8823529411764706,0.8602826278959168,0.8207801291248206,0.8,0.7575757575757577,1.2952121107834536
112,0.9658333333333333,0.869341214303508,0.7479674796747967,0.9019607843137255,0.869341214303508,0.8378807986609278,0.8177777777777777,0.7744107744107744,1.1800815234713675
113,0.9633333333333334,0.8643476685463234,0.7398373983739838,0.883495145631068,0.8643476685463233,0.8249996053358593,0.8053097345132745,0.7647058823529412,1.2664297971210277
114,0.9683333333333334,0.8887379124487623,0.7886178861788617,0.8899082568807339,0.8887379124487623,0.8500964048631312,0.8362068965517241,0.8069883527454242,1.0937359151464745
115,0.9725,0.894659963312725,0.7967479674796748,0.9245283018867925,0.8946599633127251,0.8710548013499002,0.8558951965065502,0.8193979933110368,0.9498216815095794
116,0.9658333333333333,0.8801435785945604,0.7723577235772358,0.8796296296296297,0.8801435785945604,0.8376603432700994,0.8225108225108225,0.7916666666666666,1.180083522464943
117,0.9666666666666667,0.8770070430509319,0.7642276422764228,0.8952380952380953,0.8770070430509318,0.8418162020905924,0.824561403508772,0.7872696817420436,1.1512998761401336
118,0.9725,0.8910591752157075,0.7886178861788617,0.9326923076923077,0.8910591752157075,0.8714884302689181,0.854625550660793,0.813758389261745,0.9498210151783876
119,0.9708333333333333,0.8901306701089295,0.7886178861788617,0.9150943396226415,0.8901306701089294,0.862689446234085,0.8471615720524018,0.8110367892976588,1.0073869751656221
120,0.9683333333333334,0.87793554815771,0.7642276422764228,0.912621359223301,0.8779355481577099,0.8505078340831953,0.8318584070796461,0.7899159663865547,1.093733916152899
121,0.9683333333333334,0.8815363362547275,0.7723577235772358,0.9047619047619048,0.8815363362547275,0.850226480836237,0.8333333333333334,0.795644891122278,1.093734582484091
122,0.9691666666666666,0.885601376905134,0.7804878048780488,0.9056603773584906,0.885601376905134,0.8543240911182697,0.8384279475982533,0.802675585284281,1.0649522688216653
123,0.9691666666666666,0.8892021650021513,0.7886178861788617,0.8981481481481481,0.8892021650021514,0.8542163504968383,0.8398268398268397,0.8083333333333333,1.0649529351528568
124,0.9691666666666666,0.885601376905134,0.7804878048780488,0.9056603773584906,0.885601376905134,0.8543240911182697,0.8384279475982533,0.802675585284281,1.064952268821665
125,0.9666666666666667,0.8806078311479493,0.7723577235772358,0.8878504672897196,0.8806078311479494,0.8417707621001443,0.826086956521739,0.7929883138564274,1.1513005424713256
126,0.9708333333333333,0.8865298820119121,0.7804878048780488,0.9230769230769231,0.8865298820119121,0.863032363977486,0.8458149779735684,0.8053691275167786,1.0073863088344304
127,0.9658333333333333,0.8801435785945604,0.7723577235772358,0.8796296296296297,0.8801435785945604,0.8376603432700994,0.8225108225108225,0.7916666666666666,1.180083522464943
128,0.9675,0.8846728717983559,0.7804878048780488,0.8888888888888888,0.8846728717983557,0.8459383468834688,0.8311688311688312,0.8000000000000002,1.1225182288089
129,0.9708333333333333,0.8973322463029645,0.8048780487804879,0.9,0.8973322463029645,0.8624390243902439,0.8497854077253219,0.8222591362126246,1.0073883078280057
130,0.9658333333333333,0.8837443666915779,0.7804878048780488,0.8727272727272727,0.8837443666915777,0.8378575388026608,0.8240343347639485,0.7973421926910299,1.1800841887961349
131,0.9666666666666667,0.8806078311479493,0.7723577235772358,0.8878504672897196,0.8806078311479494,0.8417707621001443,0.826086956521739,0.7929883138564274,1.1513005424713256
132,0.9708333333333333,0.893731458205947,0.7967479674796748,0.9074074074074074,0.893731458205947,0.8624943541102078,0.8484848484848484,0.8166666666666667,1.0073876414968141
133,0.9666666666666667,0.8842086192449669,0.7804878048780488,0.8807339449541285,0.8842086192449669,0.8418608749160886,0.8275862068965517,0.7986688851913478,1.1513012088025176
134,0.9641666666666666,0.8792150734877822,0.7723577235772358,0.8636363636363636,0.8792150734877823,0.8296637102734664,0.815450643776824,0.7890365448504985,1.2376494824521778
135,0.9666666666666667,0.8842086192449669,0.7804878048780488,0.8807339449541285,0.8842086192449669,0.8418608749160886,0.8275862068965517,0.7986688851913478,1.1513012088025176
136,0.97,0.8896664175555404,0.7886178861788617,0.9065420560747663,0.8896664175555404,0.8584133044601474,0.8434782608695651,0.8096828046744574,1.0361699551592396
137,0.9691666666666666,0.8892021650021513,0.7886178861788617,0.8981481481481481,0.8892021650021514,0.8542163504968383,0.8398268398268397,0.8083333333333333,1.064952935152857
138,0.9691666666666666,0.8928029530991688,0.7967479674796748,0.8909090909090909,0.8928029530991689,0.8542451958610495,0.8412017167381975,0.8139534883720929,1.0649536014840488
139,0.9675,0.8846728717983559,0.7804878048780488,0.8888888888888888,0.8846728717983557,0.8459383468834688,0.8311688311688312,0.8000000000000002,1.1225182288089
140,0.9708333333333333,0.893731458205947,0.7967479674796748,0.9074074074074074,0.893731458205947,0.8624943541102078,0.8484848484848484,0.8166666666666667,1.007387641496814
141,0.97,0.8968679937495754,0.8048780487804879,0.8918918918918919,0.8968679937495753,0.8583849703361899,0.8461538461538461,0.8208955223880599,1.0361712878216234
142,0.9675,0.8882736598953733,0.7886178861788617,0.8818181818181818,0.8882736598953733,0.846051367331855,0.832618025751073,0.8056478405315614,1.122518895140092
143,0.9691666666666666,0.885601376905134,0.7804878048780488,0.9056603773584906,0.885601376905134,0.8543240911182697,0.8384279475982533,0.802675585284281,1.0649522688216653
144,0.9691666666666666,0.8892021650021513,0.7886178861788617,0.8981481481481481,0.8892021650021514,0.8542163504968383,0.8398268398268397,0.8083333333333333,1.064952935152857
145,0.9675,0.8846728717983559,0.7804878048780488,0.8888888888888888,0.8846728717983557,0.8459383468834688,0.8311688311688312,0.8000000000000002,1.1225182288089002
146,0.97,0.9004687818465928,0.8130081300813008,0.8849557522123894,0.9004687818465928,0.8585652744801784,0.8474576271186441,0.8264462809917357,1.0361719541528152
147,0.9691666666666666,0.8892021650021513,0.7886178861788617,0.8981481481481481,0.8892021650021514,0.8542163504968383,0.8398268398268397,0.8083333333333333,1.0649529351528568
148,0.9633333333333334,0.8715492447403583,0.7560975609756098,0.8691588785046729,0.8715492447403583,0.8251282197401413,0.808695652173913,0.7762938230383974,1.2664311297834114
149,0.9725,0.9054623276037774,0.8211382113821138,0.9017857142857143,0.9054623276037775,0.8706286295005807,0.8595744680851064,0.8360927152317881,0.9498236805031547
150,0.9666666666666667,0.8878094073419842,0.7886178861788617,0.8738738738738738,0.8878094073419842,0.8420792133597012,0.8290598290598291,0.8043117744610281,1.1513018751337094
151,0.9733333333333334,0.9131281563512014,0.8373983739837398,0.8956521739130435,0.9131281563512014,0.8748586072817252,0.8655462184873949,0.8484349258649094,0.921042033171921
152,0.9741666666666666,0.9063908327105555,0.8211382113821138,0.9181818181818182,0.9063908327105556,0.8788266814486327,0.8669527896995709,0.8388704318936877,0.89225772051592
153,0.9716666666666667,0.9049980750503883,0.8211382113821138,0.8938053097345132,0.9049980750503884,0.8666384272249802,0.8559322033898304,0.8347107438016531,0.9786066604967723
154,0.9691666666666666,0.9036053173902212,0.8211382113821138,0.8706896551724138,0.9036053173902213,0.8550805999439305,0.8451882845188285,0.8305921052631581,1.0649556004776244
155,0.9725,0.9090631157007949,0.8292682926829268,0.8947368421052632,0.9090631157007947,0.870752567394095,0.860759493670886,0.8415841584158416,0.9498243468343465
156,0.9733333333333334,0.9059265801571665,0.8211382113821138,0.9099099099099099,0.9059265801571665,0.8746907273126785,0.8632478632478633,0.8374792703150913,0.9210407005095373
157,0.9716666666666667,0.894195710759336,0.7967479674796748,0.9158878504672897,0.894195710759336,0.8667345756401489,0.8521739130434782,0.8180300500834725,0.9786046615031967
158,0.9741666666666666,0.9099916208075729,0.8292682926829268,0.9107142857142857,0.9099916208075729,0.8787412891986063,0.8680851063829788,0.8443708609271523,0.8922583868471118
159,0.9758333333333333,0.9289240663994384,0.8699186991869918,0.8916666666666667,0.9289240663994384,0.8874593495934959,0.8806584362139918,0.8741830065359478,0.8346957585158361
160,0.9708333333333333,0.9045338224969994,0.8211382113821138,0.8859649122807017,0.9045338224969994,0.8627182284980743,0.8523206751054853,0.8333333333333335,1.0073896404903897
161,0.9666666666666667,0.8878094073419842,0.7886178861788617,0.8738738738738738,0.8878094073419842,0.8420792133597012,0.8290598290598291,0.8043117744610281,1.1513018751337092
162,0.9733333333333334,0.9239305206422538,0.8617886178861789,0.8760330578512396,0.9239305206422538,0.8759941712020426,0.8688524590163934,0.8646003262642741,0.9210440321654966
163,0.9725,0.9162646918948298,0.8455284552845529,0.8813559322033898,0.9162646918948298,0.8713588604106379,0.8630705394190872,0.8524590163934427,0.9498256794967304
164,0.9716666666666667,0.9049980750503883,0.8211382113821138,0.8938053097345132,0.9049980750503884,0.8666384272249802,0.8559322033898304,0.8347107438016531,0.978606660496772
165,0.9741666666666666,0.9099916208075729,0.8292682926829268,0.9107142857142857,0.9099916208075729,0.8787412891986063,0.8680851063829788,0.8443708609271523,0.8922583868471118
166,0.9691666666666666,0.8964037411961864,0.8048780487804879,0.8839285714285714,0.8964037411961864,0.8544033101045296,0.8425531914893618,0.8195364238410596,1.0649542678152408
167,0.9725,0.9054623276037774,0.8211382113821138,0.9017857142857143,0.9054623276037775,0.8706286295005807,0.8595744680851064,0.8360927152317881,0.9498236805031547
168,0.9766666666666667,0.9221867427587924,0.8536585365853658,0.9130434782608695,0.9221867427587924,0.8908510074231177,0.8823529411764706,0.8649093904448104,0.805911445859835
169,0.9758333333333333,0.9253232783024209,0.8617886178861789,0.8983050847457628,0.9253232783024209,0.8871301846493042,0.8796680497925312,0.8688524590163935,0.8346950921846443
170,0.9716666666666667,0.9049980750503883,0.8211382113821138,0.8938053097345132,0.9049980750503884,0.8666384272249802,0.8559322033898304,0.8347107438016531,0.978606660496772
171,0.9741666666666666,0.9207939850986253,0.8536585365853658,0.8898305084745762,0.9207939850986253,0.879244522529971,0.871369294605809,0.860655737704918,0.8922603858406872
172,0.9658333333333333,0.8801435785945604,0.7723577235772358,0.8796296296296297,0.8801435785945604,0.8376603432700994,0.8225108225108225,0.7916666666666666,1.180083522464943
173,0.9716666666666667,0.9049980750503883,0.8211382113821138,0.8938053097345132,0.9049980750503884,0.8666384272249802,0.8559322033898304,0.8347107438016531,0.978606660496772
174,0.9733333333333334,0.9023257920601491,0.8130081300813008,0.9174311926605505,0.9023257920601491,0.874802994704259,0.8620689655172414,0.8319467554076537,0.9210400341783456
175,0.97,0.8896664175555404,0.7886178861788617,0.9065420560747663,0.8896664175555404,0.8584133044601474,0.8434782608695651,0.8096828046744574,1.0361699551592396
176,0.9708333333333333,0.9009330343999818,0.8130081300813008,0.8928571428571429,0.9009330343999818,0.8625159698025552,0.8510638297872342,0.8278145695364238,1.0073889741591977
177,0.9691666666666666,0.8964037411961864,0.8048780487804879,0.8839285714285714,0.8964037411961864,0.8544033101045296,0.8425531914893618,0.8195364238410596,1.0649542678152406
178,0.9766666666666667,0.9221867427587924,0.8536585365853658,0.9130434782608695,0.9221867427587924,0.8908510074231177,0.8823529411764706,0.8649093904448104,0.8059114458598351
179,0.9675,0.8846728717983559,0.7804878048780488,0.8888888888888888,0.8846728717983557,0.8459383468834688,0.8311688311688312,0.8000000000000002,1.1225182288089002
180,0.9691666666666666,0.885601376905134,0.7804878048780488,0.9056603773584906,0.885601376905134,0.8543240911182697,0.8384279475982533,0.802675585284281,1.064952268821665
181,0.9708333333333333,0.8973322463029645,0.8048780487804879,0.9,0.8973322463029645,0.8624390243902439,0.8497854077253219,0.8222591362126246,1.0073883078280057
182,0.9691666666666666,0.8820005888081165,0.7723577235772358,0.9134615384615384,0.8820005888081165,0.8545762976860537,0.8370044052863436,0.7969798657718121,1.0649516024904733
183,0.9683333333333334,0.885137124351745,0.7804878048780488,0.897196261682243,0.8851371243517449,0.8500920332801459,0.8347826086956522,0.8013355592654423,1.0937352488152825
184,0.965,0.8724777498471363,0.7560975609756098,0.8857142857142857,0.8724777498471363,0.8334059233449477,0.8157894736842105,0.7788944723618092,1.2088651697961768
185,0.9716666666666667,0.9049980750503883,0.8211382113821138,0.8938053097345132,0.9049980750503884,0.8666384272249802,0.8559322033898304,0.8347107438016531,0.978606660496772
186,0.9675,0.8846728717983559,0.7804878048780488,0.8888888888888888,0.8846728717983557,0.8459383468834688,0.8311688311688312,0.8000000000000002,1.1225182288088997
187,0.9666666666666667,0.8770070430509319,0.7642276422764228,0.8952380952380953,0.8770070430509318,0.8418162020905924,0.824561403508772,0.7872696817420436,1.1512998761401336
188,0.9691666666666666,0.9000045292932037,0.8130081300813008,0.8771929824561403,0.9000045292932038,0.854683889602054,0.8438818565400843,0.825082508250825,1.0649549341464326
189,0.9666666666666667,0.8806078311479493,0.7723577235772358,0.8878504672897196,0.8806078311479494,0.8417707621001443,0.826086956521739,0.7929883138564274,1.1513005424713256
190,0.9658333333333333,0.8729420024005254,0.7560975609756098,0.8942307692307693,0.8729420024005253,0.8376641651031895,0.8193832599118943,0.7802013422818792,1.1800821898025593
191,0.9675,0.8918744479923908,0.7967479674796748,0.875,0.8918744479923908,0.8462906504065041,0.8340425531914893,0.8112582781456954,1.1225195614712837
192,0.9675,0.8882736598953733,0.7886178861788617,0.8818181818181818,0.8882736598953733,0.846051367331855,0.832618025751073,0.8056478405315614,1.122518895140092
193,0.9675,0.8810720837013384,0.7723577235772358,0.8962264150943396,0.8810720837013384,0.8459587360024544,0.8296943231441049,0.7943143812709029,1.1225175624777082
194,0.9675,0.8810720837013384,0.7723577235772358,0.8962264150943396,0.8810720837013384,0.8459587360024544,0.8296943231441049,0.7943143812709029,1.1225175624777082
195,0.9683333333333334,0.8923387005457799,0.7967479674796748,0.8828828828828829,0.8923387005457799,0.8502320918479455,0.8376068376068375,0.8126036484245441,1.0937365814776663
196,0.9691666666666666,0.8964037411961864,0.8048780487804879,0.8839285714285714,0.8964037411961864,0.8544033101045296,0.8425531914893618,0.8195364238410596,1.0649542678152406
197,0.97,0.9004687818465928,0.8130081300813008,0.8849557522123894,0.9004687818465928,0.8585652744801784,0.8474576271186441,0.8264462809917357,1.036171954152815
198,0.965,0.8796793260411713,0.7723577235772358,0.8715596330275229,0.8796793260411714,0.8336253449690461,0.8189655172413793,0.7903494176372712,1.2088665024585603
199,0.9691666666666666,0.8892021650021513,0.7886178861788617,0.8981481481481481,0.8892021650021514,0.8542163504968383,0.8398268398268397,0.8083333333333333,1.064952935152857
200,0.9725,0.9054623276037774,0.8211382113821138,0.9017857142857143,0.9054623276037775,0.8706286295005807,0.8595744680851064,0.8360927152317881,0.9498236805031547
201,0.9708333333333333,0.9009330343999818,0.8130081300813008,0.8928571428571429,0.9009330343999818,0.8625159698025552,0.8510638297872342,0.8278145695364238,1.0073889741591977
202,0.9691666666666666,0.885601376905134,0.7804878048780488,0.9056603773584906,0.885601376905134,0.8543240911182697,0.8384279475982533,0.802675585284281,1.064952268821665
203,0.9708333333333333,0.8973322463029645,0.8048780487804879,0.9,0.8973322463029645,0.8624390243902439,0.8497854077253219,0.8222591362126246,1.007388307828006
204,0.9691666666666666,0.8964037411961864,0.8048780487804879,0.8839285714285714,0.8964037411961864,0.8544033101045296,0.8425531914893618,0.8195364238410596,1.0649542678152408
205,0.9691666666666666,0.8928029530991688,0.7967479674796748,0.8909090909090909,0.8928029530991689,0.8542451958610495,0.8412017167381975,0.8139534883720929,1.0649536014840488
206,0.97,0.9004687818465928,0.8130081300813008,0.8849557522123894,0.9004687818465928,0.8585652744801784,0.8474576271186441,0.8264462809917357,1.0361719541528152
207,0.9725,0.90186153950676,0.8130081300813008,0.9090909090909091,0.90186153950676,0.8706328529194384,0.8583690987124463,0.830564784053156,0.9498230141719629
208,0.9725,0.90186153950676,0.8130081300813008,0.9090909090909091,0.90186153950676,0.8706328529194384,0.8583690987124463,0.830564784053156,0.9498230141719629
209,0.9716666666666667,0.9121996512444233,0.8373983739837398,0.8803418803418803,0.9121996512444233,0.8672034604961434,0.8583333333333333,0.8456486042692939,0.9786079931591558
210,0.9725,0.8982607514097425,0.8048780487804879,0.9166666666666666,0.8982607514097426,0.8707723577235772,0.8571428571428571,0.825,0.9498223478407711
211,0.9683333333333334,0.8923387005457799,0.7967479674796748,0.8828828828828829,0.8923387005457799,0.8502320918479455,0.8376068376068375,0.8126036484245441,1.0937365814776663
212,0.9725,0.9126639037978124,0.8373983739837398,0.8879310344827587,0.9126639037978125,0.8709980375665826,0.8619246861924686,0.8470394736842106,0.9498250131655385
213,0.9708333333333333,0.9045338224969994,0.8211382113821138,0.8859649122807017,0.9045338224969994,0.8627182284980743,0.8523206751054853,0.8333333333333335,1.0073896404903897
214,0.9675,0.8846728717983559,0.7804878048780488,0.8888888888888888,0.8846728717983557,0.8459383468834688,0.8311688311688312,0.8000000000000002,1.1225182288089002
215,0.9708333333333333,0.8973322463029645,0.8048780487804879,0.9,0.8973322463029645,0.8624390243902439,0.8497854077253219,0.8222591362126246,1.007388307828006
216,0.9716666666666667,0.9085988631474058,0.8292682926829268,0.8869565217391304,0.9085988631474058,0.8668624072110287,0.857142857142857,0.8401976935749588,0.978607326827964
217,0.9708333333333333,0.8973322463029645,0.8048780487804879,0.9,0.8973322463029645,0.8624390243902439,0.8497854077253219,0.8222591362126246,1.007388307828006
218,0.9733333333333334,0.9059265801571665,0.8211382113821138,0.9099099099099099,0.9059265801571665,0.8746907273126785,0.8632478632478633,0.8374792703150913,0.9210407005095373
219,0.9708333333333333,0.9045338224969994,0.8211382113821138,0.8859649122807017,0.9045338224969994,0.8627182284980743,0.8523206751054853,0.8333333333333335,1.0073896404903895
220,0.9708333333333333,0.9045338224969994,0.8211382113821138,0.8859649122807017,0.9045338224969994,0.8627182284980743,0.8523206751054853,0.8333333333333335,1.0073896404903897
221,0.9725,0.9054623276037774,0.8211382113821138,0.9017857142857143,0.9054623276037775,0.8706286295005807,0.8595744680851064,0.8360927152317881,0.9498236805031547
222,0.97,0.8932672056525579,0.7967479674796748,0.8990825688073395,0.8932672056525579,0.8583319348101738,0.8448275862068967,0.8153078202995009,1.0361706214904314
223,0.97,0.8932672056525579,0.7967479674796748,0.8990825688073395,0.8932672056525579,0.8583319348101738,0.8448275862068967,0.8153078202995009,1.0361706214904316
224,0.9708333333333333,0.9009330343999818,0.8130081300813008,0.8928571428571429,0.9009330343999818,0.8625159698025552,0.8510638297872342,0.8278145695364238,1.0073889741591977
225,0.9708333333333333,0.9009330343999818,0.8130081300813008,0.8928571428571429,0.9009330343999818,0.8625159698025552,0.8510638297872342,0.8278145695364238,1.0073889741591977
226,0.9658333333333333,0.8801435785945604,0.7723577235772358,0.8796296296296297,0.8801435785945604,0.8376603432700994,0.8225108225108225,0.7916666666666666,1.180083522464943
227,0.9716666666666667,0.9085988631474058,0.8292682926829268,0.8869565217391304,0.9085988631474058,0.8668624072110287,0.857142857142857,0.8401976935749588,0.9786073268279639
228,0.9675,0.8774712956043209,0.7642276422764228,0.9038461538461539,0.8774712956043209,0.8461202313946217,0.8281938325991189,0.7885906040268457,1.1225168961465164
229,0.97,0.8896664175555404,0.7886178861788617,0.9065420560747663,0.8896664175555404,0.8584133044601474,0.8434782608695651,0.8096828046744574,1.0361699551592396
230,0.9675,0.8810720837013384,0.7723577235772358,0.8962264150943396,0.8810720837013384,0.8459587360024544,0.8296943231441049,0.7943143812709029,1.1225175624777082
231,0.9683333333333334,0.8887379124487623,0.7886178861788617,0.8899082568807339,0.8887379124487623,0.8500964048631312,0.8362068965517241,0.8069883527454242,1.0937359151464747
232,0.9691666666666666,0.8928029530991688,0.7967479674796748,0.8909090909090909,0.8928029530991689,0.8542451958610495,0.8412017167381975,0.8139534883720929,1.0649536014840486
233,0.9625,0.8638834159929343,0.7398373983739838,0.875,0.8638834159929344,0.8207520325203252,0.801762114537445,0.7634228187919463,1.2952127771146453
234,0.9725,0.8982607514097425,0.8048780487804879,0.9166666666666666,0.8982607514097426,0.8707723577235772,0.8571428571428571,0.825,0.9498223478407711
235,0.9683333333333334,0.885137124351745,0.7804878048780488,0.897196261682243,0.8851371243517449,0.8500920332801459,0.8347826086956522,0.8013355592654423,1.0937352488152827
236,0.9691666666666666,0.885601376905134,0.7804878048780488,0.9056603773584906,0.885601376905134,0.8543240911182697,0.8384279475982533,0.802675585284281,1.064952268821665
237,0.9658333333333333,0.8729420024005254,0.7560975609756098,0.8942307692307693,0.8729420024005253,0.8376641651031895,0.8193832599118943,0.7802013422818792,1.1800821898025595
238,0.9691666666666666,0.8783998007110991,0.7642276422764228,0.9215686274509803,0.878399800711099,0.8549814681970348,0.8355555555555555,0.7912457912457913,1.0649509361592817
239,0.9683333333333334,0.8815363362547275,0.7723577235772358,0.9047619047619048,0.8815363362547275,0.850226480836237,0.8333333333333334,0.795644891122278,1.093734582484091
240,0.9683333333333334,0.8815363362547275,0.7723577235772358,0.9047619047619048,0.8815363362547275,0.850226480836237,0.8333333333333334,0.795644891122278,1.093734582484091
241,0.9666666666666667,0.8806078311479493,0.7723577235772358,0.8878504672897196,0.8806078311479494,0.8417707621001443,0.826086956521739,0.7929883138564274,1.1513005424713256
242,0.97,0.8932672056525579,0.7967479674796748,0.8990825688073395,0.8932672056525579,0.8583319348101738,0.8448275862068967,0.8153078202995009,1.0361706214904316
243,0.9691666666666666,0.8964037411961864,0.8048780487804879,0.8839285714285714,0.8964037411961864,0.8544033101045296,0.8425531914893618,0.8195364238410596,1.0649542678152406
244,0.9641666666666666,0.8720134972937473,0.7560975609756098,0.8773584905660378,0.8720134972937473,0.8292280257708238,0.8122270742358079,0.7775919732441472,1.2376481497897942
245,0.97,0.8932672056525579,0.7967479674796748,0.8990825688073395,0.8932672056525579,0.8583319348101738,0.8448275862068967,0.8153078202995009,1.0361706214904314
246,0.9641666666666666,0.8720134972937473,0.7560975609756098,0.8773584905660378,0.8720134972937473,0.8292280257708238,0.8122270742358079,0.7775919732441472,1.2376481497897942
247,0.97,0.8932672056525579,0.7967479674796748,0.8990825688073395,0.8932672056525579,0.8583319348101738,0.8448275862068967,0.8153078202995009,1.0361706214904314
248,0.9658333333333333,0.869341214303508,0.7479674796747967,0.9019607843137255,0.869341214303508,0.8378807986609278,0.8177777777777777,0.7744107744107744,1.1800815234713677
249,0.9725,0.90186153950676,0.8130081300813008,0.9090909090909091,0.90186153950676,0.8706328529194384,0.8583690987124463,0.830564784053156,0.9498230141719629
250,0.9641666666666666,0.8612111330026949,0.7317073170731707,0.9,0.8612111330026949,0.8296036585365854,0.8071748878923767,0.7601351351351351,1.2376461507962186
251,0.9691666666666666,0.8820005888081165,0.7723577235772358,0.9134615384615384,0.8820005888081165,0.8545762976860537,0.8370044052863436,0.7969798657718121,1.0649516024904733
252,0.9716666666666667,0.9049980750503883,0.8211382113821138,0.8938053097345132,0.9049980750503884,0.8666384272249802,0.8559322033898304,0.8347107438016531,0.978606660496772
253,0.9683333333333334,0.8815363362547275,0.7723577235772358,0.9047619047619048,0.8815363362547275,0.850226480836237,0.8333333333333334,0.795644891122278,1.0937345824840907
254,0.9733333333333334,0.9059265801571665,0.8211382113821138,0.9099099099099099,0.9059265801571665,0.8746907273126785,0.8632478632478633,0.8374792703150913,0.9210407005095373
255,0.9666666666666667,0.869805466856897,0.7479674796747967,0.9108910891089109,0.869805466856897,0.8423459510585204,0.8214285714285714,0.7757166947723441,1.15129854347775
256,0.9733333333333334,0.9023257920601491,0.8130081300813008,0.9174311926605505,0.9023257920601491,0.874802994704259,0.8620689655172414,0.8319467554076537,0.9210400341783456
257,0.97,0.8896664175555404,0.7886178861788617,0.9065420560747663,0.8896664175555404,0.8584133044601474,0.8434782608695651,0.8096828046744574,1.0361699551592396
258,0.9683333333333334,0.8887379124487623,0.7886178861788617,0.8899082568807339,0.8887379124487623,0.8500964048631312,0.8362068965517241,0.8069883527454242,1.0937359151464745
259,0.9708333333333333,0.8901306701089295,0.7886178861788617,0.9150943396226415,0.8901306701089294,0.862689446234085,0.8471615720524018,0.8110367892976588,1.0073869751656221
260,0.9716666666666667,0.8905949226623185,0.7886178861788617,0.9238095238095239,0.8905949226623185,0.8670470383275262,0.8508771929824561,0.8123953098827472,0.9786039951720049
261,0.9675,0.8774712956043209,0.7642276422764228,0.9038461538461539,0.8774712956043209,0.8461202313946217,0.8281938325991189,0.7885906040268457,1.1225168961465162
262,0.97,0.9004687818465928,0.8130081300813008,0.8849557522123894,0.9004687818465928,0.8585652744801784,0.8474576271186441,0.8264462809917357,1.0361719541528152
263,0.9666666666666667,0.8734062549539144,0.7560975609756098,0.9029126213592233,0.8734062549539144,0.8420050911674166,0.8230088495575221,0.7815126050420168,1.1512992098089418
264,0.9675,0.8810720837013384,0.7723577235772358,0.8962264150943396,0.8810720837013384,0.8459587360024544,0.8296943231441049,0.7943143812709029,1.1225175624777082
265,0.9716666666666667,0.8977964988563535,0.8048780487804879,0.908256880733945,0.8977964988563535,0.8665674647572165,0.8534482758620691,0.8236272878535773,0.9786053278343885
266,0.9691666666666666,0.8892021650021513,0.7886178861788617,0.8981481481481481,0.8892021650021514,0.8542163504968383,0.8398268398268397,0.8083333333333333,1.0649529351528573
267,0.9683333333333334,0.8815363362547275,0.7723577235772358,0.9047619047619048,0.8815363362547275,0.850226480836237,0.8333333333333334,0.795644891122278,1.0937345824840907
268,0.9675,0.8738705075073034,0.7560975609756098,0.9117647058823529,0.8738705075073034,0.8464311334289812,0.8266666666666665,0.7828282828282828,1.1225162298153244
269,0.9708333333333333,0.8901306701089295,0.7886178861788617,0.9150943396226415,0.8901306701089294,0.862689446234085,0.8471615720524018,0.8110367892976588,1.0073869751656221
270,0.9716666666666667,0.894195710759336,0.7967479674796748,0.9158878504672897,0.894195710759336,0.8667345756401489,0.8521739130434782,0.8180300500834725,0.9786046615031967
271,0.97,0.8968679937495754,0.8048780487804879,0.8918918918918919,0.8968679937495753,0.8583849703361899,0.8461538461538461,0.8208955223880599,1.0361712878216232
272,0.9708333333333333,0.8973322463029645,0.8048780487804879,0.9,0.8973322463029645,0.8624390243902439,0.8497854077253219,0.8222591362126246,1.0073883078280057
273,0.975,0.917657449554997,0.8455284552845529,0.9043478260869565,0.917657449554997,0.8828548073524214,0.8739495798319328,0.85667215815486,0.8634767395158781
274,0.9691666666666666,0.8820005888081165,0.7723577235772358,0.9134615384615384,0.8820005888081165,0.8545762976860537,0.8370044052863436,0.7969798657718121,1.0649516024904735
275,0.9733333333333334,0.9059265801571665,0.8211382113821138,0.9099099099099099,0.9059265801571665,0.8746907273126785,0.8632478632478633,0.8374792703150913,0.9210407005095373
276,0.9675,0.8846728717983559,0.7804878048780488,0.8888888888888888,0.8846728717983557,0.8459383468834688,0.8311688311688312,0.8000000000000002,1.1225182288089
277,0.9741666666666666,0.9135924089045904,0.8373983739837398,0.9035087719298246,0.9135924089045905,0.8787869062901155,0.869198312236287,0.8498349834983498,0.8922590531783037
278,0.97,0.8968679937495754,0.8048780487804879,0.8918918918918919,0.8968679937495753,0.8583849703361899,0.8461538461538461,0.8208955223880599,1.0361712878216234
279,0.9716666666666667,0.9013972869533708,0.8130081300813008,0.9009009009009009,0.9013972869533708,0.8665378488244342,0.8547008547008547,0.8291873963515755,0.9786059941655803
280,0.9733333333333334,0.9095273682541839,0.8292682926829268,0.9026548672566371,0.9095273682541838,0.874711579969782,0.8644067796610169,0.8429752066115701,0.9210413668407291
281,0.9691666666666666,0.8964037411961864,0.8048780487804879,0.8839285714285714,0.8964037411961864,0.8544033101045296,0.8425531914893618,0.8195364238410596,1.0649542678152408
282,0.9691666666666666,0.8964037411961864,0.8048780487804879,0.8839285714285714,0.8964037411961864,0.8544033101045296,0.8425531914893618,0.8195364238410596,1.0649542678152408
283,0.9683333333333334,0.885137124351745,0.7804878048780488,0.897196261682243,0.8851371243517449,0.8500920332801459,0.8347826086956522,0.8013355592654423,1.0937352488152827
284,0.9741666666666666,0.9063908327105555,0.8211382113821138,0.9181818181818182,0.9063908327105556,0.8788266814486327,0.8669527896995709,0.8388704318936877,0.89225772051592
285,0.9658333333333333,0.8729420024005254,0.7560975609756098,0.8942307692307693,0.8729420024005253,0.8376641651031895,0.8193832599118943,0.7802013422818792,1.1800821898025595
286,0.9733333333333334,0.9059265801571665,0.8211382113821138,0.9099099099099099,0.9059265801571665,0.8746907273126785,0.8632478632478633,0.8374792703150913,0.9210407005095373
287,0.97,0.886065629458523,0.7804878048780488,0.9142857142857143,0.886065629458523,0.8586367595818816,0.8421052631578947,0.8040201005025125,1.0361692888280478
288,0.9733333333333334,0.9023257920601491,0.8130081300813008,0.9174311926605505,0.9023257920601491,0.874802994704259,0.8620689655172414,0.8319467554076537,0.9210400341783456
289,0.9683333333333334,0.885137124351745,0.7804878048780488,0.897196261682243,0.8851371243517449,0.8500920332801459,0.8347826086956522,0.8013355592654423,1.0937352488152827
290,0.9725,0.8910591752157075,0.7886178861788617,0.9326923076923077,0.8910591752157075,0.8714884302689181,0.854625550660793,0.813758389261745,0.9498210151783876
291,0.97,0.9040695699436103,0.8211382113821138,0.8782608695652174,0.9040695699436104,0.8588662071403323,0.8487394957983194,0.8319604612850082,1.0361726204840072
292,0.9708333333333333,0.9045338224969994,0.8211382113821138,0.8859649122807017,0.9045338224969994,0.8627182284980743,0.8523206751054853,0.8333333333333335,1.0073896404903897
293,0.9741666666666666,0.9063908327105555,0.8211382113821138,0.9181818181818182,0.9063908327105556,0.8788266814486327,0.8669527896995709,0.8388704318936877,0.89225772051592
294,0.9758333333333333,0.9145209140113686,0.8373983739837398,0.9196428571428571,0.9145209140113686,0.8868539488966318,0.876595744680851,0.8526490066225165,0.8346930931910689
295,0.9708333333333333,0.9009330343999818,0.8130081300813008,0.8928571428571429,0.9009330343999818,0.8625159698025552,0.8510638297872342,0.8278145695364238,1.0073889741591977
296,0.9725,0.90186153950676,0.8130081300813008,0.9090909090909091,0.90186153950676,0.8706328529194384,0.8583690987124463,0.830564784053156,0.9498230141719629
297,0.9716666666666667,0.8977964988563535,0.8048780487804879,0.908256880733945,0.8977964988563535,0.8665674647572165,0.8534482758620691,0.8236272878535773,0.9786053278343885
298,0.97,0.8932672056525579,0.7967479674796748,0.8990825688073395,0.8932672056525579,0.8583319348101738,0.8448275862068967,0.8153078202995009,1.0361706214904314
299,0.9733333333333334,0.9095273682541839,0.8292682926829268,0.9026548672566371,0.9095273682541838,0.874711579969782,0.8644067796610169,0.8429752066115701,0.9210413668407291
300,0.9733333333333334,0.9095273682541839,0.8292682926829268,0.9026548672566371,0.9095273682541838,0.874711579969782,0.8644067796610169,0.8429752066115701,0.9210413668407291
301,0.9733333333333334,0.9095273682541839,0.8292682926829268,0.9026548672566371,0.9095273682541838,0.874711579969782,0.8644067796610169,0.8429752066115701,0.9210413668407291
302,0.9675,0.8846728717983559,0.7804878048780488,0.8888888888888888,0.8846728717983557,0.8459383468834688,0.8311688311688312,0.8000000000000002,1.1225182288089
303,0.9658333333333333,0.8729420024005254,0.7560975609756098,0.8942307692307693,0.8729420024005253,0.8376641651031895,0.8193832599118943,0.7802013422818792,1.1800821898025593
304,0.975,0.917657449554997,0.8455284552845529,0.9043478260869565,0.917657449554997,0.8828548073524214,0.8739495798319328,0.85667215815486,0.8634767395158781
305,0.9725,0.9054623276037774,0.8211382113821138,0.9017857142857143,0.9054623276037775,0.8706286295005807,0.8595744680851064,0.8360927152317881,0.9498236805031547
306,0.9683333333333334,0.87793554815771,0.7642276422764228,0.912621359223301,0.8779355481577099,0.8505078340831953,0.8318584070796461,0.7899159663865547,1.093733916152899
307,0.9733333333333334,0.9059265801571665,0.8211382113821138,0.9099099099099099,0.9059265801571665,0.8746907273126785,0.8632478632478633,0.8374792703150913,0.9210407005095373
308,0.9683333333333334,0.8887379124487623,0.7886178861788617,0.8899082568807339,0.8887379124487623,0.8500964048631312,0.8362068965517241,0.8069883527454242,1.0937359151464747
309,0.9716666666666667,0.9013972869533708,0.8130081300813008,0.9009009009009009,0.9013972869533708,0.8665378488244342,0.8547008547008547,0.8291873963515755,0.9786059941655805
310,0.9725,0.894659963312725,0.7967479674796748,0.9245283018867925,0.8946599633127251,0.8710548013499002,0.8558951965065502,0.8193979933110368,0.9498216815095794
311,0.97,0.8968679937495754,0.8048780487804879,0.8918918918918919,0.8968679937495753,0.8583849703361899,0.8461538461538461,0.8208955223880599,1.0361712878216236
312,0.9733333333333334,0.9023257920601491,0.8130081300813008,0.9174311926605505,0.9023257920601491,0.874802994704259,0.8620689655172414,0.8319467554076537,0.9210400341783456
313,0.9716666666666667,0.894195710759336,0.7967479674796748,0.9158878504672897,0.894195710759336,0.8667345756401489,0.8521739130434782,0.8180300500834725,0.9786046615031967
314,0.97,0.9004687818465928,0.8130081300813008,0.8849557522123894,0.9004687818465928,0.8585652744801784,0.8474576271186441,0.8264462809917357,1.036171954152815
315,0.9708333333333333,0.8973322463029645,0.8048780487804879,0.9,0.8973322463029645,0.8624390243902439,0.8497854077253219,0.8222591362126246,1.0073883078280057
316,0.965,0.8652761736531014,0.7398373983739838,0.900990099009901,0.8652761736531014,0.8337470820252757,0.8125,0.7672849915682969,1.208863837133793
317,0.9691666666666666,0.8820005888081165,0.7723577235772358,0.9134615384615384,0.8820005888081165,0.8545762976860537,0.8370044052863436,0.7969798657718121,1.0649516024904735
318,0.975,0.9140566614579795,0.8373983739837398,0.911504424778761,0.9140566614579795,0.8827847327145837,0.8728813559322035,0.8512396694214875,0.8634760731846863
319,0.97,0.8932672056525579,0.7967479674796748,0.8990825688073395,0.8932672056525579,0.8583319348101738,0.8448275862068967,0.8153078202995009,1.0361706214904316
320,0.9708333333333333,0.8973322463029645,0.8048780487804879,0.9,0.8973322463029645,0.8624390243902439,0.8497854077253219,0.8222591362126246,1.0073883078280057
321,0.9741666666666666,0.9135924089045904,0.8373983739837398,0.9035087719298246,0.9135924089045905,0.8787869062901155,0.869198312236287,0.8498349834983498,0.8922590531783037
322,0.97,0.9004687818465928,0.8130081300813008,0.8849557522123894,0.9004687818465928,0.8585652744801784,0.8474576271186441,0.8264462809917357,1.0361719541528152
323,0.9708333333333333,0.9009330343999818,0.8130081300813008,0.8928571428571429,0.9009330343999818,0.8625159698025552,0.8510638297872342,0.8278145695364238,1.0073889741591977
324,0.9741666666666666,0.9027900446135381,0.8130081300813008,0.9259259259259259,0.9027900446135381,0.8790503613369468,0.8658008658008658,0.8333333333333333,0.8922570541847282
325,0.9691666666666666,0.885601376905134,0.7804878048780488,0.9056603773584906,0.885601376905134,0.8543240911182697,0.8384279475982533,0.802675585284281,1.064952268821665
326,0.9691666666666666,0.8892021650021513,0.7886178861788617,0.8981481481481481,0.8892021650021514,0.8542163504968383,0.8398268398268397,0.8083333333333333,1.064952935152857
327,0.9725,0.9090631157007949,0.8292682926829268,0.8947368421052632,0.9090631157007947,0.870752567394095,0.860759493670886,0.8415841584158416,0.9498243468343465
328,0.9758333333333333,0.9181217021083861,0.8455284552845529,0.9122807017543859,0.9181217021083861,0.886821245186136,0.8776371308016878,0.8580858085808581,0.8346937595222608
329,0.9683333333333334,0.885137124351745,0.7804878048780488,0.897196261682243,0.8851371243517449,0.8500920332801459,0.8347826086956522,0.8013355592654423,1.0937352488152825
330,0.9758333333333333,0.9145209140113686,0.8373983739837398,0.9196428571428571,0.9145209140113686,0.8868539488966318,0.876595744680851,0.8526490066225165,0.8346930931910689
331,0.9716666666666667,0.9049980750503883,0.8211382113821138,0.8938053097345132,0.9049980750503884,0.8666384272249802,0.8559322033898304,0.8347107438016531,0.978606660496772
332,0.975,0.9140566614579795,0.8373983739837398,0.911504424778761,0.9140566614579795,0.8827847327145837,0.8728813559322035,0.8512396694214875,0.8634760731846863
333,0.9758333333333333,0.9181217021083861,0.8455284552845529,0.9122807017543859,0.9181217021083861,0.886821245186136,0.8776371308016878,0.8580858085808581,0.8346937595222607
334,0.9741666666666666,0.9063908327105555,0.8211382113821138,0.9181818181818182,0.9063908327105556,0.8788266814486327,0.8669527896995709,0.8388704318936877,0.89225772051592
335,0.9708333333333333,0.8973322463029645,0.8048780487804879,0.9,0.8973322463029645,0.8624390243902439,0.8497854077253219,0.8222591362126246,1.0073883078280057
336,0.9733333333333334,0.9095273682541839,0.8292682926829268,0.9026548672566371,0.9095273682541838,0.874711579969782,0.8644067796610169,0.8429752066115701,0.9210413668407291
337,0.975,0.9212582376520144,0.8536585365853658,0.8974358974358975,0.9212582376520143,0.8830472170106316,0.875,0.8620689655172412,0.8634774058470699
338,0.9708333333333333,0.9009330343999818,0.8130081300813008,0.8928571428571429,0.9009330343999818,0.8625159698025552,0.8510638297872342,0.8278145695364238,1.0073889741591977
339,0.975,0.9140566614579795,0.8373983739837398,0.911504424778761,0.9140566614579795,0.8827847327145837,0.8728813559322035,0.8512396694214875,0.8634760731846863
340,0.9716666666666667,0.894195710759336,0.7967479674796748,0.9158878504672897,0.894195710759336,0.8667345756401489,0.8521739130434782,0.8180300500834725,0.9786046615031967
341,0.9741666666666666,0.9063908327105555,0.8211382113821138,0.9181818181818182,0.9063908327105556,0.8788266814486327,0.8669527896995709,0.8388704318936877,0.89225772051592
342,0.98,0.9312453291663836,0.8699186991869918,0.9304347826086956,0.9312453291663836,0.9068434075645104,0.8991596638655462,0.8813838550247116,0.6907808585477492
343,0.9741666666666666,0.9099916208075729,0.8292682926829268,0.9107142857142857,0.9099916208075729,0.8787412891986063,0.8680851063829788,0.8443708609271523,0.8922583868471118
344,0.9733333333333334,0.9059265801571665,0.8211382113821138,0.9099099099099099,0.9059265801571665,0.8746907273126785,0.8632478632478633,0.8374792703150913,0.9210407005095373
345,0.9716666666666667,0.9013972869533708,0.8130081300813008,0.9009009009009009,0.9013972869533708,0.8665378488244342,0.8547008547008547,0.8291873963515755,0.9786059941655803
346,0.9775,0.926251783409199,0.8617886178861789,0.9137931034482759,0.926251783409199,0.8948741940005607,0.887029288702929,0.8717105263157895,0.7771291321974095
347,0.9741666666666666,0.9063908327105555,0.8211382113821138,0.9181818181818182,0.9063908327105556,0.8788266814486327,0.8669527896995709,0.8388704318936877,0.89225772051592
348,0.9725,0.894659963312725,0.7967479674796748,0.9245283018867925,0.8946599633127251,0.8710548013499002,0.8558951965065502,0.8193979933110368,0.9498216815095794
349,0.9733333333333334,0.9095273682541839,0.8292682926829268,0.9026548672566371,0.9095273682541838,0.874711579969782,0.8644067796610169,0.8429752066115701,0.9210413668407293
350,0.975,0.9140566614579795,0.8373983739837398,0.911504424778761,0.9140566614579795,0.8827847327145837,0.8728813559322035,0.8512396694214875,0.8634760731846863
351,0.9725,0.8982607514097425,0.8048780487804879,0.9166666666666666,0.8982607514097426,0.8707723577235772,0.8571428571428571,0.825,0.9498223478407711
352,0.9766666666666667,0.9185859546617751,0.8455284552845529,0.9203539823008849,0.9185859546617752,0.8908578854593857,0.8813559322033898,0.8595041322314051,0.8059107795286433
353,0.9725,0.9054623276037774,0.8211382113821138,0.9017857142857143,0.9054623276037775,0.8706286295005807,0.8595744680851064,0.8360927152317881,0.9498236805031547
354,0.9775,0.926251783409199,0.8617886178861789,0.9137931034482759,0.926251783409199,0.8948741940005607,0.887029288702929,0.8717105263157895,0.7771291321974095
355,0.9691666666666666,0.885601376905134,0.7804878048780488,0.9056603773584906,0.885601376905134,0.8543240911182697,0.8384279475982533,0.802675585284281,1.064952268821665
356,0.9783333333333334,0.9231152478655706,0.8536585365853658,0.9292035398230089,0.9231152478655705,0.8989310382041873,0.8898305084745762,0.8677685950413223,0.7483454858726003
357,0.9741666666666666,0.9027900446135381,0.8130081300813008,0.9259259259259259,0.9027900446135381,0.8790503613369468,0.8658008658008658,0.8333333333333333,0.8922570541847282
358,0.9708333333333333,0.8901306701089295,0.7886178861788617,0.9150943396226415,0.8901306701089294,0.862689446234085,0.8471615720524018,0.8110367892976588,1.0073869751656221
359,0.9758333333333333,0.9145209140113686,0.8373983739837398,0.9196428571428571,0.9145209140113686,0.8868539488966318,0.876595744680851,0.8526490066225165,0.8346930931910688
360,0.9733333333333334,0.9023257920601491,0.8130081300813008,0.9174311926605505,0.9023257920601491,0.874802994704259,0.8620689655172414,0.8319467554076537,0.9210400341783456
361,0.9758333333333333,0.9181217021083861,0.8455284552845529,0.9122807017543859,0.9181217021083861,0.886821245186136,0.8776371308016878,0.8580858085808581,0.8346937595222607
362,0.9733333333333334,0.9059265801571665,0.8211382113821138,0.9099099099099099,0.9059265801571665,0.8746907273126785,0.8632478632478633,0.8374792703150913,0.9210407005095373
363,0.9741666666666666,0.9099916208075729,0.8292682926829268,0.9107142857142857,0.9099916208075729,0.8787412891986063,0.8680851063829788,0.8443708609271523,0.8922583868471118
364,0.97,0.8932672056525579,0.7967479674796748,0.8990825688073395,0.8932672056525579,0.8583319348101738,0.8448275862068967,0.8153078202995009,1.0361706214904316
365,0.975,0.9140566614579795,0.8373983739837398,0.911504424778761,0.9140566614579795,0.8827847327145837,0.8728813559322035,0.8512396694214875,0.8634760731846863
366,0.9708333333333333,0.8901306701089295,0.7886178861788617,0.9150943396226415,0.8901306701089294,0.862689446234085,0.8471615720524018,0.8110367892976588,1.0073869751656221
367,0.9733333333333334,0.9095273682541839,0.8292682926829268,0.9026548672566371,0.9095273682541838,0.874711579969782,0.8644067796610169,0.8429752066115701,0.9210413668407291
368,0.9758333333333333,0.9181217021083861,0.8455284552845529,0.9122807017543859,0.9181217021083861,0.886821245186136,0.8776371308016878,0.8580858085808581,0.8346937595222607
369,0.975,0.9068550852639445,0.8211382113821138,0.926605504587156,0.9068550852639446,0.8830385246513016,0.8706896551724138,0.8402662229617305,0.8634747405223027
370,0.9758333333333333,0.9145209140113686,0.8373983739837398,0.9196428571428571,0.9145209140113686,0.8868539488966318,0.876595744680851,0.8526490066225165,0.8346930931910689
371,0.9708333333333333,0.8973322463029645,0.8048780487804879,0.9,0.8973322463029645,0.8624390243902439,0.8497854077253219,0.8222591362126246,1.007388307828006
372,0.9725,0.90186153950676,0.8130081300813008,0.9090909090909091,0.90186153950676,0.8706328529194384,0.8583690987124463,0.830564784053156,0.9498230141719629
373,0.9725,0.9054623276037774,0.8211382113821138,0.9017857142857143,0.9054623276037775,0.8706286295005807,0.8595744680851064,0.8360927152317881,0.9498236805031547
374,0.9741666666666666,0.9099916208075729,0.8292682926829268,0.9107142857142857,0.9099916208075729,0.8787412891986063,0.8680851063829788,0.8443708609271523,0.8922583868471118
375,0.9775,0.926251783409199,0.8617886178861789,0.9137931034482759,0.926251783409199,0.8948741940005607,0.887029288702929,0.8717105263157895,0.7771291321974095
376,0.9683333333333334,0.885137124351745,0.7804878048780488,0.897196261682243,0.8851371243517449,0.8500920332801459,0.8347826086956522,0.8013355592654423,1.0937352488152827
377,0.9766666666666667,0.9185859546617751,0.8455284552845529,0.9203539823008849,0.9185859546617752,0.8908578854593857,0.8813559322033898,0.8595041322314051,0.8059107795286434
378,0.975,0.910455873360962,0.8292682926829268,0.918918918918919,0.910455873360962,0.8828436058009229,0.8717948717948718,0.8457711442786069,0.8634754068534944
379,0.9741666666666666,0.9135924089045904,0.8373983739837398,0.9035087719298246,0.9135924089045905,0.8787869062901155,0.869198312236287,0.8498349834983498,0.8922590531783037
380,0.9708333333333333,0.893731458205947,0.7967479674796748,0.9074074074074074,0.893731458205947,0.8624943541102078,0.8484848484848484,0.8166666666666667,1.007387641496814
381,0.9733333333333334,0.9095273682541839,0.8292682926829268,0.9026548672566371,0.9095273682541838,0.874711579969782,0.8644067796610169,0.8429752066115701,0.9210413668407291
382,0.9758333333333333,0.9109201259143511,0.8292682926829268,0.9272727272727272,0.910920125914351,0.887020509977827,0.8755364806866953,0.8471760797342193,0.834692426859877
383,0.975,0.910455873360962,0.8292682926829268,0.918918918918919,0.910455873360962,0.8828436058009229,0.8717948717948718,0.8457711442786069,0.8634754068534944
384,0.9741666666666666,0.9099916208075729,0.8292682926829268,0.9107142857142857,0.9099916208075729,0.8787412891986063,0.8680851063829788,0.8443708609271523,0.8922583868471118
385,0.975,0.9068550852639445,0.8211382113821138,0.926605504587156,0.9068550852639446,0.8830385246513016,0.8706896551724138,0.8402662229617305,0.8634747405223027
386,0.9741666666666666,0.9099916208075729,0.8292682926829268,0.9107142857142857,0.9099916208075729,0.8787412891986063,0.8680851063829788,0.8443708609271523,0.8922583868471118
387,0.9733333333333334,0.9023257920601491,0.8130081300813008,0.9174311926605505,0.9023257920601491,0.874802994704259,0.8620689655172414,0.8319467554076537,0.9210400341783456
388,0.9725,0.8982607514097425,0.8048780487804879,0.9166666666666666,0.8982607514097426,0.8707723577235772,0.8571428571428571,0.825,0.9498223478407711
389,0.975,0.9140566614579795,0.8373983739837398,0.911504424778761,0.9140566614579795,0.8827847327145837,0.8728813559322035,0.8512396694214875,0.8634760731846863
390,0.975,0.9068550852639445,0.8211382113821138,0.926605504587156,0.9068550852639446,0.8830385246513016,0.8706896551724138,0.8402662229617305,0.8634747405223024
391,0.9783333333333334,0.9195144597685532,0.8455284552845529,0.9369369369369369,0.9195144597685532,0.8991493627774115,0.888888888888889,0.8623548922056385,0.7483448195414085
392,0.9741666666666666,0.9063908327105555,0.8211382113821138,0.9181818181818182,0.9063908327105556,0.8788266814486327,0.8669527896995709,0.8388704318936877,0.89225772051592
393,0.9725,0.8982607514097425,0.8048780487804879,0.9166666666666666,0.8982607514097426,0.8707723577235772,0.8571428571428571,0.825,0.9498223478407711
394,0.9741666666666666,0.9063908327105555,0.8211382113821138,0.9181818181818182,0.9063908327105556,0.8788266814486327,0.8669527896995709,0.8388704318936877,0.89225772051592
395,0.975,0.9212582376520144,0.8536585365853658,0.8974358974358975,0.9212582376520143,0.8830472170106316,0.875,0.8620689655172412,0.8634774058470699
396,0.9791666666666666,0.9271802885159771,0.8617886178861789,0.9298245614035088,0.9271802885159771,0.9028899229781772,0.8945147679324894,0.8745874587458744,0.7195631722101747
397,0.9741666666666666,0.9063908327105555,0.8211382113821138,0.9181818181818182,0.9063908327105556,0.8788266814486327,0.8669527896995709,0.8388704318936877,0.89225772051592
398,0.9758333333333333,0.9145209140113686,0.8373983739837398,0.9196428571428571,0.9145209140113686,0.8868539488966318,0.876595744680851,0.8526490066225165,0.8346930931910689
399,0.9783333333333334,0.9267160359625881,0.8617886178861789,0.9217391304347826,0.9267160359625881,0.8988472074938141,0.8907563025210083,0.8731466227347612,0.7483461522037921
400,0.975,0.9068550852639445,0.8211382113821138,0.926605504587156,0.9068550852639446,0.8830385246513016,0.8706896551724138,0.8402662229617305,0.8634747405223024
401,0.9758333333333333,0.9181217021083861,0.8455284552845529,0.9122807017543859,0.9181217021083861,0.886821245186136,0.8776371308016878,0.8580858085808581,0.8346937595222608
402,0.9758333333333333,0.9145209140113686,0.8373983739837398,0.9196428571428571,0.9145209140113686,0.8868539488966318,0.876595744680851,0.8526490066225165,0.8346930931910689
403,0.9775,0.9118486310211291,0.8292682926829268,0.9444444444444444,0.9118486310211291,0.8956063685636857,0.883116883116883,0.85,0.7771264668726423
404,0.9775,0.9190502072151641,0.8455284552845529,0.9285714285714286,0.9190502072151642,0.8949666085946575,0.8851063829787236,0.8609271523178809,0.7771277995350259
405,0.9725,0.8982607514097425,0.8048780487804879,0.9166666666666666,0.8982607514097426,0.8707723577235772,0.8571428571428571,0.825,0.9498223478407711
406,0.9741666666666666,0.9099916208075729,0.8292682926829268,0.9107142857142857,0.9099916208075729,0.8787412891986063,0.8680851063829788,0.8443708609271523,0.8922583868471118
407,0.9758333333333333,0.9109201259143511,0.8292682926829268,0.9272727272727272,0.910920125914351,0.887020509977827,0.8755364806866953,0.8471760797342193,0.834692426859877
408,0.9758333333333333,0.9073193378173336,0.8211382113821138,0.9351851851851852,0.9073193378173335,0.8873283649503162,0.8744588744588745,0.8416666666666668,0.8346917605286851
409,0.9733333333333334,0.9023257920601491,0.8130081300813008,0.9174311926605505,0.9023257920601491,0.874802994704259,0.8620689655172414,0.8319467554076537,0.9210400341783456
410,0.9741666666666666,0.9135924089045904,0.8373983739837398,0.9035087719298246,0.9135924089045905,0.8787869062901155,0.869198312236287,0.8498349834983498,0.8922590531783037
411,0.975,0.910455873360962,0.8292682926829268,0.918918918918919,0.910455873360962,0.8828436058009229,0.8717948717948718,0.8457711442786069,0.8634754068534944
412,0.9766666666666667,0.9149851665647576,0.8373983739837398,0.9279279279279279,0.9149851665647576,0.8909964842891671,0.8803418803418804,0.8540630182421227,0.8059101131974515
413,0.9783333333333334,0.9195144597685532,0.8455284552845529,0.9369369369369369,0.9195144597685532,0.8991493627774115,0.888888888888889,0.8623548922056385,0.7483448195414085
414,0.9716666666666667,0.9013972869533708,0.8130081300813008,0.9009009009009009,0.9013972869533708,0.8665378488244342,0.8547008547008547,0.8291873963515755,0.9786059941655803
415,0.9758333333333333,0.9073193378173336,0.8211382113821138,0.9351851851851852,0.9073193378173335,0.8873283649503162,0.8744588744588745,0.8416666666666668,0.8346917605286852
416,0.9775,0.9154494191181466,0.8373983739837398,0.9363636363636364,0.9154494191181466,0.8952143385070215,0.8841201716738197,0.8554817275747508,0.7771271332038341
417,0.9725,0.90186153950676,0.8130081300813008,0.9090909090909091,0.90186153950676,0.8706328529194384,0.8583690987124463,0.830564784053156,0.9498230141719629
418,0.9766666666666667,0.9077835903707226,0.8211382113821138,0.9439252336448598,0.9077835903707226,0.8916983891801535,0.8782608695652174,0.8430717863105176,0.8059087805350678
419,0.975,0.910455873360962,0.8292682926829268,0.918918918918919,0.910455873360962,0.8828436058009229,0.8717948717948718,0.8457711442786069,0.8634754068534944
420,0.975,0.910455873360962,0.8292682926829268,0.918918918918919,0.910455873360962,0.8828436058009229,0.8717948717948718,0.8457711442786069,0.8634754068534944
421,0.9733333333333334,0.8951242158661141,0.7967479674796748,0.9333333333333333,0.8951242158661141,0.8754573170731708,0.8596491228070176,0.8207705192629816,0.921038701515962
422,0.9758333333333333,0.9109201259143511,0.8292682926829268,0.9272727272727272,0.910920125914351,0.887020509977827,0.8755364806866953,0.8471760797342193,0.834692426859877
423,0.9775,0.9154494191181466,0.8373983739837398,0.9363636363636364,0.9154494191181466,0.8952143385070215,0.8841201716738197,0.8554817275747508,0.7771271332038341
424,0.9758333333333333,0.9073193378173336,0.8211382113821138,0.9351851851851852,0.9073193378173335,0.8873283649503162,0.8744588744588745,0.8416666666666668,0.8346917605286851
425,0.9766666666666667,0.9149851665647576,0.8373983739837398,0.9279279279279279,0.9149851665647576,0.8909964842891671,0.8803418803418804,0.8540630182421227,0.8059101131974514
426,0.9775,0.9154494191181466,0.8373983739837398,0.9363636363636364,0.9154494191181466,0.8952143385070215,0.8841201716738197,0.8554817275747508,0.7771271332038342
427,0.9758333333333333,0.9109201259143511,0.8292682926829268,0.9272727272727272,0.910920125914351,0.887020509977827,0.8755364806866953,0.8471760797342193,0.834692426859877
428,0.975,0.9068550852639445,0.8211382113821138,0.926605504587156,0.9068550852639446,0.8830385246513016,0.8706896551724138,0.8402662229617305,0.8634747405223024
429,0.9825,0.9362388749235682,0.8780487804878049,0.9473684210526315,0.9362388749235682,0.9189586007702182,0.9113924050632912,0.8910891089108909,0.6044325848980888
430,0.9791666666666666,0.9271802885159771,0.8617886178861789,0.9298245614035088,0.9271802885159771,0.9028899229781772,0.8945147679324894,0.8745874587458744,0.7195631722101747
431,0.9758333333333333,0.9109201259143511,0.8292682926829268,0.9272727272727272,0.910920125914351,0.887020509977827,0.8755364806866953,0.8471760797342193,0.834692426859877
432,0.98,0.9276445410693661,0.8617886178861789,0.9380530973451328,0.927644541069366,0.9070041909489892,0.8983050847457628,0.8760330578512395,0.6907801922165574
433,0.9775,0.9118486310211291,0.8292682926829268,0.9444444444444444,0.9118486310211291,0.8956063685636857,0.883116883116883,0.85,0.7771264668726423
434,0.9791666666666666,0.9235795004189595,0.8536585365853658,0.9375,0.9235795004189595,0.9030792682926829,0.8936170212765958,0.869205298013245,0.719562505878983
435,0.9791666666666666,0.9235795004189595,0.8536585365853658,0.9375,0.9235795004189595,0.9030792682926829,0.8936170212765958,0.869205298013245,0.719562505878983
436,0.975,0.8996535090699096,0.8048780487804879,0.9428571428571428,0.8996535090699097,0.8838675958188154,0.868421052631579,0.8291457286432161,0.8634734078599191
437,0.9791666666666666,0.9199787123219422,0.8455284552845529,0.9454545454545454,0.9199787123219422,0.9034081670362158,0.8927038626609443,0.8637873754152826,0.7195618395477911
438,0.9783333333333334,0.9231152478655706,0.8536585365853658,0.9292035398230089,0.9231152478655705,0.8989310382041873,0.8898305084745762,0.8677685950413223,0.7483454858726003
439,0.9758333333333333,0.9073193378173336,0.8211382113821138,0.9351851851851852,0.9073193378173335,0.8873283649503162,0.8744588744588745,0.8416666666666668,0.8346917605286851
440,0.9758333333333333,0.9073193378173336,0.8211382113821138,0.9351851851851852,0.9073193378173335,0.8873283649503162,0.8744588744588745,0.8416666666666668,0.8346917605286852
441,0.9783333333333334,0.9231152478655706,0.8536585365853658,0.9292035398230089,0.9231152478655705,0.8989310382041873,0.8898305084745762,0.8677685950413223,0.7483454858726003
442,0.98,0.9276445410693661,0.8617886178861789,0.9380530973451328,0.927644541069366,0.9070041909489892,0.8983050847457628,0.8760330578512395,0.6907801922165573
443,0.9758333333333333,0.9145209140113686,0.8373983739837398,0.9196428571428571,0.9145209140113686,0.8868539488966318,0.876595744680851,0.8526490066225165,0.8346930931910689
444,0.9791666666666666,0.9235795004189595,0.8536585365853658,0.9375,0.9235795004189595,0.9030792682926829,0.8936170212765958,0.869205298013245,0.719562505878983
445,0.9775,0.9190502072151641,0.8455284552845529,0.9285714285714286,0.9190502072151642,0.8949666085946575,0.8851063829787236,0.8609271523178809,0.7771277995350259
446,0.9766666666666667,0.9149851665647576,0.8373983739837398,0.9279279279279279,0.9149851665647576,0.8909964842891671,0.8803418803418804,0.8540630182421227,0.8059101131974515
447,0.9791666666666666,0.9163779242249247,0.8373983739837398,0.9537037037037037,0.9163779242249247,0.9038843721770551,0.8917748917748918,0.8583333333333333,0.7195611732165993
448,0.9766666666666667,0.9149851665647576,0.8373983739837398,0.9279279279279279,0.9149851665647576,0.8909964842891671,0.8803418803418804,0.8540630182421227,0.8059101131974514
449,0.9733333333333334,0.9023257920601491,0.8130081300813008,0.9174311926605505,0.9023257920601491,0.874802994704259,0.8620689655172414,0.8319467554076537,0.9210400341783456
450,0.9741666666666666,0.8991892565165206,0.8048780487804879,0.9339622641509434,0.8991892565165205,0.8794201564657157,0.8646288209606988,0.8277591973244148,0.8922563878535364
451,0.9783333333333334,0.9195144597685532,0.8455284552845529,0.9369369369369369,0.9195144597685532,0.8991493627774115,0.888888888888889,0.8623548922056385,0.7483448195414085
452,0.9758333333333333,0.9073193378173336,0.8211382113821138,0.9351851851851852,0.9073193378173335,0.8873283649503162,0.8744588744588745,0.8416666666666668,0.8346917605286851
453,0.98,0.9240437529723486,0.8536585365853658,0.9459459459459459,0.9240437529723486,0.907302241265656,0.8974358974358975,0.8706467661691542,0.6907795258853656
454,0.98,0.9240437529723486,0.8536585365853658,0.9459459459459459,0.9240437529723486,0.907302241265656,0.8974358974358975,0.8706467661691542,0.6907795258853655
455,0.9758333333333333,0.9181217021083861,0.8455284552845529,0.9122807017543859,0.9181217021083861,0.886821245186136,0.8776371308016878,0.8580858085808581,0.8346937595222607
456,0.9791666666666666,0.9271802885159771,0.8617886178861789,0.9298245614035088,0.9271802885159771,0.9028899229781772,0.8945147679324894,0.8745874587458744,0.7195631722101747
457,0.9775,0.9190502072151641,0.8455284552845529,0.9285714285714286,0.9190502072151642,0.8949666085946575,0.8851063829787236,0.8609271523178809,0.7771277995350259
458,0.9783333333333334,0.9159136716715357,0.8373983739837398,0.944954128440367,0.9159136716715356,0.8995095845453867,0.8879310344827587,0.8569051580698835,0.7483441532102166
459,0.9808333333333333,0.9353103698167902,0.8780487804878049,0.9310344827586207,0.93531036981679,0.9107916316232127,0.903765690376569,0.8881578947368419,0.6619985448853236
460,0.975,0.9032542971669271,0.8130081300813008,0.9345794392523364,0.9032542971669271,0.883377118000152,0.8695652173913043,0.8347245409015025,0.8634740741911107
461,0.9733333333333334,0.9095273682541839,0.8292682926829268,0.9026548672566371,0.9095273682541838,0.874711579969782,0.8644067796610169,0.8429752066115701,0.9210413668407291
462,0.9741666666666666,0.9063908327105555,0.8211382113821138,0.9181818181818182,0.9063908327105556,0.8788266814486327,0.8669527896995709,0.8388704318936877,0.89225772051592
463,0.9783333333333334,0.9195144597685532,0.8455284552845529,0.9369369369369369,0.9195144597685532,0.8991493627774115,0.888888888888889,0.8623548922056385,0.7483448195414085
464,0.9741666666666666,0.8955884684195031,0.7967479674796748,0.9423076923076923,0.8955884684195031,0.8799444965603502,0.8634361233480178,0.8221476510067115,0.8922557215223447
465,0.9758333333333333,0.9037185497203162,0.8130081300813008,0.9433962264150944,0.9037185497203161,0.887785511581531,0.8733624454148471,0.8361204013377925,0.8346910941974934
466,0.9758333333333333,0.9073193378173336,0.8211382113821138,0.9351851851851852,0.9073193378173335,0.8873283649503162,0.8744588744588745,0.8416666666666668,0.8346917605286852
467,0.9766666666666667,0.91138437846774,0.8292682926829268,0.9357798165137615,0.91138437846774,0.8912740545983442,0.8793103448275862,0.8485856905158069,0.8059094468662596
468,0.9783333333333334,0.9231152478655706,0.8536585365853658,0.9292035398230089,0.9231152478655705,0.8989310382041873,0.8898305084745762,0.8677685950413223,0.7483454858726003
469,0.9758333333333333,0.9001177616232987,0.8048780487804879,0.9519230769230769,0.9001177616232987,0.8884005628517824,0.8722466960352423,0.8305369127516778,0.8346904278663015
470,0.9766666666666667,0.9149851665647576,0.8373983739837398,0.9279279279279279,0.9149851665647576,0.8909964842891671,0.8803418803418804,0.8540630182421227,0.8059101131974514
471,0.9766666666666667,0.9185859546617751,0.8455284552845529,0.9203539823008849,0.9185859546617752,0.8908578854593857,0.8813559322033898,0.8595041322314051,0.8059107795286433
472,0.9783333333333334,0.9231152478655706,0.8536585365853658,0.9292035398230089,0.9231152478655705,0.8989310382041873,0.8898305084745762,0.8677685950413223,0.7483454858726003
473,0.98,0.9204429648753312,0.8455284552845529,0.9541284403669725,0.9204429648753313,0.9077451144924293,0.896551724137931,0.86522462562396,0.6907788595541737
474,0.9775,0.9190502072151641,0.8455284552845529,0.9285714285714286,0.9190502072151642,0.8949666085946575,0.8851063829787236,0.8609271523178809,0.7771277995350259
475,0.9766666666666667,0.9185859546617751,0.8455284552845529,0.9203539823008849,0.9185859546617752,0.8908578854593857,0.8813559322033898,0.8595041322314051,0.8059107795286433
476,0.9791666666666666,0.9235795004189595,0.8536585365853658,0.9375,0.9235795004189595,0.9030792682926829,0.8936170212765958,0.869205298013245,0.7195625058789828
477,0.9808333333333333,0.9245080055257378,0.8536585365853658,0.9545454545454546,0.9245080055257376,0.9116019955654102,0.9012875536480687,0.8720930232558142,0.6619965458917481
478,0.9775,0.9154494191181466,0.8373983739837398,0.9363636363636364,0.9154494191181466,0.8952143385070215,0.8841201716738197,0.8554817275747508,0.7771271332038341
479,0.9775,0.9118486310211291,0.8292682926829268,0.9444444444444444,0.9118486310211291,0.8956063685636857,0.883116883116883,0.85,0.7771264668726423
480,0.9783333333333334,0.9159136716715357,0.8373983739837398,0.944954128440367,0.9159136716715356,0.8995095845453867,0.8879310344827587,0.8569051580698835,0.7483441532102167
481,0.9766666666666667,0.9221867427587924,0.8536585365853658,0.9130434782608695,0.9221867427587924,0.8908510074231177,0.8823529411764706,0.8649093904448104,0.805911445859835
482,0.9766666666666667,0.9149851665647576,0.8373983739837398,0.9279279279279279,0.9149851665647576,0.8909964842891671,0.8803418803418804,0.8540630182421227,0.8059101131974514
483,0.9775,0.926251783409199,0.8617886178861789,0.9137931034482759,0.926251783409199,0.8948741940005607,0.887029288702929,0.8717105263157895,0.7771291321974095
484,0.9775,0.9154494191181466,0.8373983739837398,0.9363636363636364,0.9154494191181466,0.8952143385070215,0.8841201716738197,0.8554817275747508,0.7771271332038341
485,0.9733333333333334,0.8987250039631316,0.8048780487804879,0.9252336448598131,0.8987250039631316,0.8750558468201505,0.8608695652173913,0.8263772954924875,0.9210393678471538
486,0.9758333333333333,0.9073193378173336,0.8211382113821138,0.9351851851851852,0.9073193378173335,0.8873283649503162,0.8744588744588745,0.8416666666666668,0.8346917605286852
487,0.98,0.9276445410693661,0.8617886178861789,0.9380530973451328,0.927644541069366,0.9070041909489892,0.8983050847457628,0.8760330578512395,0.6907801922165574
488,0.9791666666666666,0.9199787123219422,0.8455284552845529,0.9454545454545454,0.9199787123219422,0.9034081670362158,0.8927038626609443,0.8637873754152826,0.7195618395477911
489,0.9791666666666666,0.9235795004189595,0.8536585365853658,0.9375,0.9235795004189595,0.9030792682926829,0.8936170212765958,0.869205298013245,0.7195625058789828
490,0.9758333333333333,0.9109201259143511,0.8292682926829268,0.9272727272727272,0.910920125914351,0.887020509977827,0.8755364806866953,0.8471760797342193,0.834692426859877
491,0.9766666666666667,0.9185859546617751,0.8455284552845529,0.9203539823008849,0.9185859546617752,0.8908578854593857,0.8813559322033898,0.8595041322314051,0.8059107795286433
492,0.9766666666666667,0.9149851665647576,0.8373983739837398,0.9279279279279279,0.9149851665647576,0.8909964842891671,0.8803418803418804,0.8540630182421227,0.8059101131974515
493,0.9741666666666666,0.9063908327105555,0.8211382113821138,0.9181818181818182,0.9063908327105556,0.8788266814486327,0.8669527896995709,0.8388704318936877,0.89225772051592
494,0.975,0.9032542971669271,0.8130081300813008,0.9345794392523364,0.9032542971669271,0.883377118000152,0.8695652173913043,0.8347245409015025,0.8634740741911107
495,0.98,0.9276445410693661,0.8617886178861789,0.9380530973451328,0.927644541069366,0.9070041909489892,0.8983050847457628,0.8760330578512395,0.6907801922165574
496,0.9783333333333334,0.9195144597685532,0.8455284552845529,0.9369369369369369,0.9195144597685532,0.8991493627774115,0.888888888888889,0.8623548922056385,0.7483448195414085
497,0.9758333333333333,0.9145209140113686,0.8373983739837398,0.9196428571428571,0.9145209140113686,0.8868539488966318,0.876595744680851,0.8526490066225165,0.8346930931910689
498,0.975,0.8996535090699096,0.8048780487804879,0.9428571428571428,0.8996535090699097,0.8838675958188154,0.868421052631579,0.8291457286432161,0.8634734078599189
499,0.9775,0.9190502072151641,0.8455284552845529,0.9285714285714286,0.9190502072151642,0.8949666085946575,0.8851063829787236,0.8609271523178809,0.7771277995350259
500,0.9791666666666666,0.9235795004189595,0.8536585365853658,0.9375,0.9235795004189595,0.9030792682926829,0.8936170212765958,0.869205298013245,0.719562505878983
501,0.98,0.9240437529723486,0.8536585365853658,0.9459459459459459,0.9240437529723486,0.907302241265656,0.8974358974358975,0.8706467661691542,0.6907795258853656
502,0.9775,0.9190502072151641,0.8455284552845529,0.9285714285714286,0.9190502072151642,0.8949666085946575,0.8851063829787236,0.8609271523178809,0.7771277995350259
503,0.9791666666666666,0.9271802885159771,0.8617886178861789,0.9298245614035088,0.9271802885159771,0.9028899229781772,0.8945147679324894,0.8745874587458744,0.7195631722101747
504,0.9816666666666667,0.9321738342731616,0.8699186991869918,0.9469026548672567,0.9321738342731616,0.9150773436937908,0.9067796610169492,0.884297520661157,0.6332148985605144
505,0.9783333333333334,0.9195144597685532,0.8455284552845529,0.9369369369369369,0.9195144597685532,0.8991493627774115,0.888888888888889,0.8623548922056385,0.7483448195414085
506,0.9766666666666667,0.9149851665647576,0.8373983739837398,0.9279279279279279,0.9149851665647576,0.8909964842891671,0.8803418803418804,0.8540630182421227,0.8059101131974514
507,0.9758333333333333,0.9109201259143511,0.8292682926829268,0.9272727272727272,0.910920125914351,0.887020509977827,0.8755364806866953,0.8471760797342193,0.834692426859877
508,0.9775,0.9190502072151641,0.8455284552845529,0.9285714285714286,0.9190502072151642,0.8949666085946575,0.8851063829787236,0.8609271523178809,0.7771277995350259
509,0.9808333333333333,0.9317095817197726,0.8699186991869918,0.9385964912280702,0.9317095817197726,0.9109242618741977,0.9029535864978903,0.8828382838283828,0.6619978785541317
510,0.9741666666666666,0.9063908327105555,0.8211382113821138,0.9181818181818182,0.9063908327105556,0.8788266814486327,0.8669527896995709,0.8388704318936877,0.89225772051592
511,0.9775,0.9190502072151641,0.8455284552845529,0.9285714285714286,0.9190502072151642,0.8949666085946575,0.8851063829787236,0.8609271523178809,0.7771277995350259
512,0.9783333333333334,0.9231152478655706,0.8536585365853658,0.9292035398230089,0.9231152478655705,0.8989310382041873,0.8898305084745762,0.8677685950413223,0.7483454858726003
513,0.975,0.910455873360962,0.8292682926829268,0.918918918918919,0.910455873360962,0.8828436058009229,0.8717948717948718,0.8457711442786069,0.8634754068534944
514,0.9791666666666666,0.9271802885159771,0.8617886178861789,0.9298245614035088,0.9271802885159771,0.9028899229781772,0.8945147679324894,0.8745874587458744,0.7195631722101747
515,0.98,0.934846117263401,0.8780487804878049,0.9230769230769231,0.934846117263401,0.906812851782364,0.9,0.8866995073891627,0.6907815248789411
516,0.98,0.9312453291663836,0.8699186991869918,0.9304347826086956,0.9312453291663836,0.9068434075645104,0.8991596638655462,0.8813838550247116,0.6907808585477492
517,0.9758333333333333,0.9181217021083861,0.8455284552845529,0.9122807017543859,0.9181217021083861,0.886821245186136,0.8776371308016878,0.8580858085808581,0.8346937595222608
518,0.9775,0.9190502072151641,0.8455284552845529,0.9285714285714286,0.9190502072151642,0.8949666085946575,0.8851063829787236,0.8609271523178809,0.7771277995350259
519,0.9783333333333334,0.9159136716715357,0.8373983739837398,0.944954128440367,0.9159136716715356,0.8995095845453867,0.8879310344827587,0.8569051580698835,0.7483441532102166
520,0.9775,0.9226509953121815,0.8536585365853658,0.9210526315789473,0.9226509953121815,0.8948555840821566,0.8860759493670887,0.8663366336633662,0.7771284658662178
521,0.9791666666666666,0.9271802885159771,0.8617886178861789,0.9298245614035088,0.9271802885159771,0.9028899229781772,0.8945147679324894,0.8745874587458744,0.7195631722101747
522,0.98,0.9168421767783137,0.8373983739837398,0.9626168224299065,0.9168421767783138,0.9083409315401565,0.8956521739130435,0.8597662771285475,0.6907781932229818
523,0.9791666666666666,0.9235795004189595,0.8536585365853658,0.9375,0.9235795004189595,0.9030792682926829,0.8936170212765958,0.869205298013245,0.719562505878983
524,0.9783333333333334,0.9303168240596055,0.8699186991869918,0.9145299145299145,0.9303168240596055,0.8988909735251197,0.8916666666666666,0.8784893267651888,0.7483468185349841
525,0.9808333333333333,0.9317095817197726,0.8699186991869918,0.9385964912280702,0.9317095817197726,0.9109242618741977,0.9029535864978903,0.8828382838283828,0.6619978785541318
526,0.9841666666666666,0.9443689562243811,0.8943089430894309,0.9482758620689655,0.9443689562243812,0.9267090692458648,0.9205020920502092,0.9046052631578947,0.5468679575732377
527,0.9775,0.9190502072151641,0.8455284552845529,0.9285714285714286,0.9190502072151642,0.8949666085946575,0.8851063829787236,0.8609271523178809,0.777127799535026
528,0.9833333333333333,0.9403039155739747,0.8861788617886179,0.9478260869565217,0.9403039155739746,0.9228358077059031,0.9159663865546218,0.8978583196046129,0.5756502712356633
529,0.9791666666666666,0.9235795004189595,0.8536585365853658,0.9375,0.9235795004189595,0.9030792682926829,0.8936170212765958,0.869205298013245,0.719562505878983
530,0.9783333333333334,0.9195144597685532,0.8455284552845529,0.9369369369369369,0.9195144597685532,0.8991493627774115,0.888888888888889,0.8623548922056385,0.7483448195414085
531,0.9766666666666667,0.9257875308558099,0.8617886178861789,0.905982905982906,0.9257875308558099,0.8909690952678757,0.8833333333333334,0.8702791461412152,0.805912112191027
532,0.9783333333333334,0.9303168240596055,0.8699186991869918,0.9145299145299145,0.9303168240596055,0.8988909735251197,0.8916666666666666,0.8784893267651888,0.748346818534984
533,0.9791666666666666,0.9199787123219422,0.8455284552845529,0.9454545454545454,0.9199787123219422,0.9034081670362158,0.8927038626609443,0.8637873754152826,0.7195618395477912
534,0.9816666666666667,0.9393754104671966,0.8861788617886179,0.9316239316239316,0.9393754104671966,0.9147347300396081,0.9083333333333333,0.8949096880131364,0.633216231222898
535,0.9808333333333333,0.9353103698167902,0.8780487804878049,0.9310344827586207,0.93531036981679,0.9107916316232127,0.903765690376569,0.8881578947368419,0.6619985448853236
536,0.9791666666666666,0.9235795004189595,0.8536585365853658,0.9375,0.9235795004189595,0.9030792682926829,0.8936170212765958,0.869205298013245,0.719562505878983
537,0.9816666666666667,0.9393754104671966,0.8861788617886179,0.9316239316239316,0.9393754104671966,0.9147347300396081,0.9083333333333333,0.8949096880131364,0.633216231222898
538,0.98,0.9276445410693661,0.8617886178861789,0.9380530973451328,0.927644541069366,0.9070041909489892,0.8983050847457628,0.8760330578512395,0.6907801922165574
539,0.9816666666666667,0.935774622370179,0.8780487804878049,0.9391304347826087,0.9357746223701789,0.9148396076352068,0.907563025210084,0.8896210873146623,0.6332155648917063
540,0.9808333333333333,0.9317095817197726,0.8699186991869918,0.9385964912280702,0.9317095817197726,0.9109242618741977,0.9029535864978903,0.8828382838283828,0.6619978785541318
541,0.98,0.9240437529723486,0.8536585365853658,0.9459459459459459,0.9240437529723486,0.907302241265656,0.8974358974358975,0.8706467661691542,0.6907795258853655
542,0.9766666666666667,0.9185859546617751,0.8455284552845529,0.9203539823008849,0.9185859546617752,0.8908578854593857,0.8813559322033898,0.8595041322314051,0.8059107795286432
543,0.9775,0.926251783409199,0.8617886178861789,0.9137931034482759,0.926251783409199,0.8948741940005607,0.887029288702929,0.8717105263157895,0.7771291321974095
544,0.98,0.9312453291663836,0.8699186991869918,0.9304347826086956,0.9312453291663836,0.9068434075645104,0.8991596638655462,0.8813838550247116,0.6907808585477492
545,0.9775,0.9190502072151641,0.8455284552845529,0.9285714285714286,0.9190502072151642,0.8949666085946575,0.8851063829787236,0.8609271523178809,0.7771277995350259
546,0.98,0.9240437529723486,0.8536585365853658,0.9459459459459459,0.9240437529723486,0.907302241265656,0.8974358974358975,0.8706467661691542,0.6907795258853655
547,0.9816666666666667,0.9393754104671966,0.8861788617886179,0.9316239316239316,0.9393754104671966,0.9147347300396081,0.9083333333333333,0.8949096880131364,0.633216231222898
548,0.9816666666666667,0.9321738342731616,0.8699186991869918,0.9469026548672567,0.9321738342731616,0.9150773436937908,0.9067796610169492,0.884297520661157,0.6332148985605144
549,0.9758333333333333,0.9181217021083861,0.8455284552845529,0.9122807017543859,0.9181217021083861,0.886821245186136,0.8776371308016878,0.8580858085808581,0.8346937595222607
550,0.9783333333333334,0.933917612156623,0.8780487804878049,0.907563025210084,0.9339176121566228,0.8990559028489444,0.8925619834710744,0.8837970540098199,0.7483474848661759
551,0.9808333333333333,0.9317095817197726,0.8699186991869918,0.9385964912280702,0.9317095817197726,0.9109242618741977,0.9029535864978903,0.8828382838283828,0.6619978785541318
552,0.9808333333333333,0.9317095817197726,0.8699186991869918,0.9385964912280702,0.9317095817197726,0.9109242618741977,0.9029535864978903,0.8828382838283828,0.6619978785541318
553,0.9825,0.9434404511176031,0.8943089430894309,0.9322033898305084,0.9434404511176032,0.9186728331266363,0.9128630705394191,0.9016393442622951,0.6044339175604725
554,0.9775,0.9190502072151641,0.8455284552845529,0.9285714285714286,0.9190502072151642,0.8949666085946575,0.8851063829787236,0.8609271523178809,0.777127799535026
555,0.9833333333333333,0.9439047036709921,0.8943089430894309,0.9401709401709402,0.9439047036709921,0.9226566082968523,0.9166666666666666,0.9031198686371099,0.575650937566855
556,0.9783333333333334,0.9303168240596055,0.8699186991869918,0.9145299145299145,0.9303168240596055,0.8988909735251197,0.8916666666666666,0.8784893267651888,0.748346818534984
557,0.9791666666666666,0.9307810766129945,0.8699186991869918,0.9224137931034483,0.9307810766129946,0.9028329128118868,0.8953974895397491,0.8799342105263158,0.7195638385413665
558,0.9808333333333333,0.9353103698167902,0.8780487804878049,0.9310344827586207,0.93531036981679,0.9107916316232127,0.903765690376569,0.8881578947368419,0.6619985448853236
559,0.9791666666666666,0.9271802885159771,0.8617886178861789,0.9298245614035088,0.9271802885159771,0.9028899229781772,0.8945147679324894,0.8745874587458744,0.7195631722101747
560,0.9791666666666666,0.9235795004189595,0.8536585365853658,0.9375,0.9235795004189595,0.9030792682926829,0.8936170212765958,0.869205298013245,0.719562505878983
561,0.975,0.9140566614579795,0.8373983739837398,0.911504424778761,0.9140566614579795,0.8827847327145837,0.8728813559322035,0.8512396694214875,0.8634760731846863
562,0.9825,0.9398396630205856,0.8861788617886179,0.9396551724137931,0.9398396630205856,0.9187503504345389,0.9121338912133892,0.8963815789473685,0.6044332512292807
563,0.9825,0.9434404511176031,0.8943089430894309,0.9322033898305084,0.9434404511176032,0.9186728331266363,0.9128630705394191,0.9016393442622951,0.6044339175604725
564,0.9791666666666666,0.9271802885159771,0.8617886178861789,0.9298245614035088,0.9271802885159771,0.9028899229781772,0.8945147679324894,0.8745874587458744,0.7195631722101747
565,0.98,0.9312453291663836,0.8699186991869918,0.9304347826086956,0.9312453291663836,0.9068434075645104,0.8991596638655462,0.8813838550247116,0.6907808585477492
566,0.9783333333333334,0.9303168240596055,0.8699186991869918,0.9145299145299145,0.9303168240596055,0.8988909735251197,0.8916666666666666,0.8784893267651888,0.748346818534984
567,0.9791666666666666,0.9307810766129945,0.8699186991869918,0.9224137931034483,0.9307810766129946,0.9028329128118868,0.8953974895397491,0.8799342105263158,0.7195638385413666
568,0.9808333333333333,0.9353103698167902,0.8780487804878049,0.9310344827586207,0.93531036981679,0.9107916316232127,0.903765690376569,0.8881578947368419,0.6619985448853236
569,0.98,0.934846117263401,0.8780487804878049,0.9230769230769231,0.934846117263401,0.906812851782364,0.9,0.8866995073891627,0.6907815248789411
570,0.9791666666666666,0.9307810766129945,0.8699186991869918,0.9224137931034483,0.9307810766129946,0.9028329128118868,0.8953974895397491,0.8799342105263158,0.7195638385413665
571,0.9825,0.9362388749235682,0.8780487804878049,0.9473684210526315,0.9362388749235682,0.9189586007702182,0.9113924050632912,0.8910891089108909,0.6044325848980889
572,0.9841666666666666,0.9479697443213986,0.9024390243902439,0.940677966101695,0.9479697443213986,0.9265584952459696,0.9211618257261411,0.9098360655737704,0.5468686239044295
573,0.9816666666666667,0.942976198564214,0.8943089430894309,0.9243697478991597,0.9429761985642141,0.9147560121609619,0.9090909090909092,0.9001636661211129,0.6332168975540899
574,0.9808333333333333,0.9353103698167902,0.8780487804878049,0.9310344827586207,0.93531036981679,0.9107916316232127,0.903765690376569,0.8881578947368419,0.6619985448853236
575,0.9808333333333333,0.9317095817197726,0.8699186991869918,0.9385964912280702,0.9317095817197726,0.9109242618741977,0.9029535864978903,0.8828382838283828,0.6619978785541318
576,0.9791666666666666,0.9307810766129945,0.8699186991869918,0.9224137931034483,0.9307810766129946,0.9028329128118868,0.8953974895397491,0.8799342105263158,0.7195638385413665
577,0.9791666666666666,0.934381864710012,0.8780487804878049,0.9152542372881356,0.934381864710012,0.9029015088879703,0.896265560165975,0.8852459016393444,0.7195645048725584
578,0.9841666666666666,0.951570532418416,0.9105691056910569,0.9333333333333333,0.9515705324184162,0.9265345528455284,0.9218106995884775,0.9150326797385622,0.5468692902356214
579,0.9808333333333333,0.9389111579138076,0.8861788617886179,0.923728813559322,0.9389111579138076,0.9107871710073033,0.9045643153526971,0.8934426229508198,0.6619992112165155
580,0.9825,0.950642027311638,0.9105691056910569,0.9180327868852459,0.950642027311638,0.9188842796214848,0.9142857142857143,0.9120521172638435,0.6044352502228562
581,0.9816666666666667,0.9393754104671966,0.8861788617886179,0.9316239316239316,0.9393754104671966,0.9147347300396081,0.9083333333333333,0.8949096880131364,0.6332162312228982
582,0.9825,0.9470412392146206,0.9024390243902439,0.925,0.9470412392146206,0.9187195121951219,0.9135802469135802,0.9068627450980392,0.6044345838916644
583,0.98,0.9384469053604185,0.8861788617886179,0.9159663865546218,0.9384469053604185,0.9069059575049532,0.9008264462809917,0.8919803600654663,0.6907821912101328
584,0.9816666666666667,0.9393754104671966,0.8861788617886179,0.9316239316239316,0.9393754104671966,0.9147347300396081,0.9083333333333333,0.8949096880131364,0.6332162312228982
585,0.9775,0.9298525715062165,0.8699186991869918,0.9067796610169492,0.9298525715062165,0.8950158467686372,0.8879668049792531,0.8770491803278687,0.7771297985286014
586,0.98,0.9240437529723486,0.8536585365853658,0.9459459459459459,0.9240437529723486,0.907302241265656,0.8974358974358975,0.8706467661691542,0.6907795258853655
587,0.9816666666666667,0.942976198564214,0.8943089430894309,0.9243697478991597,0.9429761985642141,0.9147560121609619,0.9090909090909092,0.9001636661211129,0.6332168975540899
588,0.98,0.9312453291663836,0.8699186991869918,0.9304347826086956,0.9312453291663836,0.9068434075645104,0.8991596638655462,0.8813838550247116,0.6907808585477492
589,0.9808333333333333,0.942511946010825,0.8943089430894309,0.9166666666666666,0.942511946010825,0.9109044715447153,0.9053497942386831,0.8986928104575165,0.6619998775477073
590,0.98,0.942047693457436,0.8943089430894309,0.9090909090909091,0.9420476934574359,0.9071165927568366,0.9016393442622952,0.897226753670473,0.6907828575413246
591,0.9816666666666667,0.9393754104671966,0.8861788617886179,0.9316239316239316,0.9393754104671966,0.9147347300396081,0.9083333333333333,0.8949096880131364,0.6332162312228982
592,0.9791666666666666,0.9307810766129945,0.8699186991869918,0.9224137931034483,0.9307810766129946,0.9028329128118868,0.8953974895397491,0.8799342105263158,0.7195638385413665
593,0.98,0.934846117263401,0.8780487804878049,0.9230769230769231,0.934846117263401,0.906812851782364,0.9,0.8866995073891627,0.6907815248789411
594,0.9791666666666666,0.934381864710012,0.8780487804878049,0.9152542372881356,0.934381864710012,0.9029015088879703,0.896265560165975,0.8852459016393444,0.7195645048725584
595,0.9833333333333333,0.951106279865027,0.9105691056910569,0.9256198347107438,0.9511062798650272,0.9226778035342337,0.9180327868852458,0.9135399673735728,0.5756522702292388
596,0.98,0.934846117263401,0.8780487804878049,0.9230769230769231,0.934846117263401,0.906812851782364,0.9,0.8866995073891627,0.6907815248789411
597,0.9783333333333334,0.9267160359625881,0.8617886178861789,0.9217391304347826,0.9267160359625881,0.8988472074938141,0.8907563025210083,0.8731466227347612,0.7483461522037922
598,0.9758333333333333,0.9181217021083861,0.8455284552845529,0.9122807017543859,0.9181217021083861,0.886821245186136,0.8776371308016878,0.8580858085808581,0.8346937595222608
599,0.9825,0.9434404511176031,0.8943089430894309,0.9322033898305084,0.9434404511176032,0.9186728331266363,0.9128630705394191,0.9016393442622951,0.6044339175604726
600,0.98,0.934846117263401,0.8780487804878049,0.9230769230769231,0.934846117263401,0.906812851782364,0.9,0.8866995073891627,0.6907815248789411
601,0.98,0.934846117263401,0.8780487804878049,0.9230769230769231,0.934846117263401,0.906812851782364,0.9,0.8866995073891627,0.6907815248789411
602,0.9808333333333333,0.9317095817197726,0.8699186991869918,0.9385964912280702,0.9317095817197726,0.9109242618741977,0.9029535864978903,0.8828382838283828,0.6619978785541318
603,0.9791666666666666,0.9271802885159771,0.8617886178861789,0.9298245614035088,0.9271802885159771,0.9028899229781772,0.8945147679324894,0.8745874587458744,0.7195631722101747
604,0.9791666666666666,0.9307810766129945,0.8699186991869918,0.9224137931034483,0.9307810766129946,0.9028329128118868,0.8953974895397491,0.8799342105263158,0.7195638385413665
605,0.9775,0.926251783409199,0.8617886178861789,0.9137931034482759,0.926251783409199,0.8948741940005607,0.887029288702929,0.8717105263157895,0.7771291321974095
606,0.9833333333333333,0.9475054917680097,0.9024390243902439,0.9327731092436975,0.9475054917680096,0.9226060668169707,0.9173553719008264,0.9083469721767595,0.5756516038980469
607,0.9791666666666666,0.934381864710012,0.8780487804878049,0.9152542372881356,0.934381864710012,0.9029015088879703,0.896265560165975,0.8852459016393444,0.7195645048725584
608,0.9833333333333333,0.9403039155739747,0.8861788617886179,0.9478260869565217,0.9403039155739746,0.9228358077059031,0.9159663865546218,0.8978583196046129,0.5756502712356633
609,0.9816666666666667,0.9393754104671966,0.8861788617886179,0.9316239316239316,0.9393754104671966,0.9147347300396081,0.9083333333333333,0.8949096880131364,0.6332162312228982
610,0.9808333333333333,0.9353103698167902,0.8780487804878049,0.9310344827586207,0.93531036981679,0.9107916316232127,0.903765690376569,0.8881578947368419,0.6619985448853236
611,0.9816666666666667,0.9393754104671966,0.8861788617886179,0.9316239316239316,0.9393754104671966,0.9147347300396081,0.9083333333333333,0.8949096880131364,0.6332162312228982
612,0.9825,0.9362388749235682,0.8780487804878049,0.9473684210526315,0.9362388749235682,0.9189586007702182,0.9113924050632912,0.8910891089108909,0.6044325848980888
613,0.98,0.9312453291663836,0.8699186991869918,0.9304347826086956,0.9312453291663836,0.9068434075645104,0.8991596638655462,0.8813838550247116,0.6907808585477492
614,0.9791666666666666,0.9271802885159771,0.8617886178861789,0.9298245614035088,0.9271802885159771,0.9028899229781772,0.8945147679324894,0.8745874587458744,0.7195631722101747
615,0.9816666666666667,0.9393754104671966,0.8861788617886179,0.9316239316239316,0.9393754104671966,0.9147347300396081,0.9083333333333333,0.8949096880131364,0.633216231222898
616,0.9841666666666666,0.9443689562243811,0.8943089430894309,0.9482758620689655,0.9443689562243812,0.9267090692458648,0.9205020920502092,0.9046052631578947,0.5468679575732377
617,0.9791666666666666,0.9271802885159771,0.8617886178861789,0.9298245614035088,0.9271802885159771,0.9028899229781772,0.8945147679324894,0.8745874587458744,0.7195631722101747
618,0.9816666666666667,0.9393754104671966,0.8861788617886179,0.9316239316239316,0.9393754104671966,0.9147347300396081,0.9083333333333333,0.8949096880131364,0.6332162312228982
619,0.9833333333333333,0.9439047036709921,0.8943089430894309,0.9401709401709402,0.9439047036709921,0.9226566082968523,0.9166666666666666,0.9031198686371099,0.575650937566855
620,0.9741666666666666,0.9063908327105555,0.8211382113821138,0.9181818181818182,0.9063908327105556,0.8788266814486327,0.8669527896995709,0.8388704318936877,0.89225772051592
621,0.9816666666666667,0.942976198564214,0.8943089430894309,0.9243697478991597,0.9429761985642141,0.9147560121609619,0.9090909090909092,0.9001636661211129,0.6332168975540899
622,0.9775,0.9298525715062165,0.8699186991869918,0.9067796610169492,0.9298525715062165,0.8950158467686372,0.8879668049792531,0.8770491803278687,0.7771297985286014
623,0.9816666666666667,0.935774622370179,0.8780487804878049,0.9391304347826087,0.9357746223701789,0.9148396076352068,0.907563025210084,0.8896210873146623,0.6332155648917063
624,0.9833333333333333,0.9403039155739747,0.8861788617886179,0.9478260869565217,0.9403039155739746,0.9228358077059031,0.9159663865546218,0.8978583196046129,0.5756502712356633
625,0.9816666666666667,0.9393754104671966,0.8861788617886179,0.9316239316239316,0.9393754104671966,0.9147347300396081,0.9083333333333333,0.8949096880131364,0.6332162312228982
626,0.985,0.9520347849718052,0.9105691056910569,0.9411764705882353,0.9520347849718052,0.9304561214729794,0.9256198347107438,0.916530278232406,0.5180863102420039
627,0.9833333333333333,0.951106279865027,0.9105691056910569,0.9256198347107438,0.9511062798650272,0.9226778035342337,0.9180327868852458,0.9135399673735728,0.5756522702292387
628,0.9775,0.9226509953121815,0.8536585365853658,0.9210526315789473,0.9226509953121815,0.8948555840821566,0.8860759493670887,0.8663366336633662,0.7771284658662176
629,0.9808333333333333,0.942511946010825,0.8943089430894309,0.9166666666666666,0.942511946010825,0.9109044715447153,0.9053497942386831,0.8986928104575165,0.6619998775477073
630,0.9833333333333333,0.9475054917680097,0.9024390243902439,0.9327731092436975,0.9475054917680096,0.9226060668169707,0.9173553719008264,0.9083469721767595,0.5756516038980469
631,0.9791666666666666,0.934381864710012,0.8780487804878049,0.9152542372881356,0.934381864710012,0.9029015088879703,0.896265560165975,0.8852459016393444,0.7195645048725584
632,0.9841666666666666,0.9443689562243811,0.8943089430894309,0.9482758620689655,0.9443689562243812,0.9267090692458648,0.9205020920502092,0.9046052631578947,0.5468679575732377
633,0.9816666666666667,0.9393754104671966,0.8861788617886179,0.9316239316239316,0.9393754104671966,0.9147347300396081,0.9083333333333333,0.8949096880131364,0.6332162312228982
634,0.9833333333333333,0.9439047036709921,0.8943089430894309,0.9401709401709402,0.9439047036709921,0.9226566082968523,0.9166666666666666,0.9031198686371099,0.575650937566855
635,0.9825,0.9362388749235682,0.8780487804878049,0.9473684210526315,0.9362388749235682,0.9189586007702182,0.9113924050632912,0.8910891089108909,0.6044325848980889
636,0.9791666666666666,0.9271802885159771,0.8617886178861789,0.9298245614035088,0.9271802885159771,0.9028899229781772,0.8945147679324894,0.8745874587458744,0.7195631722101747
637,0.98,0.934846117263401,0.8780487804878049,0.9230769230769231,0.934846117263401,0.906812851782364,0.9,0.8866995073891627,0.6907815248789411
638,0.9808333333333333,0.9353103698167902,0.8780487804878049,0.9310344827586207,0.93531036981679,0.9107916316232127,0.903765690376569,0.8881578947368419,0.6619985448853236
639,0.9816666666666667,0.9393754104671966,0.8861788617886179,0.9316239316239316,0.9393754104671966,0.9147347300396081,0.9083333333333333,0.8949096880131364,0.6332162312228982
640,0.9808333333333333,0.9353103698167902,0.8780487804878049,0.9310344827586207,0.93531036981679,0.9107916316232127,0.903765690376569,0.8881578947368419,0.6619985448853236
641,0.9816666666666667,0.935774622370179,0.8780487804878049,0.9391304347826087,0.9357746223701789,0.9148396076352068,0.907563025210084,0.8896210873146623,0.6332155648917063
642,0.9825,0.9434404511176031,0.8943089430894309,0.9322033898305084,0.9434404511176032,0.9186728331266363,0.9128630705394191,0.9016393442622951,0.6044339175604725
643,0.9816666666666667,0.9321738342731616,0.8699186991869918,0.9469026548672567,0.9321738342731616,0.9150773436937908,0.9067796610169492,0.884297520661157,0.6332148985605144
644,0.9783333333333334,0.9267160359625881,0.8617886178861789,0.9217391304347826,0.9267160359625881,0.8988472074938141,0.8907563025210083,0.8731466227347612,0.7483461522037921
645,0.9816666666666667,0.942976198564214,0.8943089430894309,0.9243697478991597,0.9429761985642141,0.9147560121609619,0.9090909090909092,0.9001636661211129,0.6332168975540899
646,0.9816666666666667,0.935774622370179,0.8780487804878049,0.9391304347826087,0.9357746223701789,0.9148396076352068,0.907563025210084,0.8896210873146623,0.6332155648917062
647,0.9791666666666666,0.9271802885159771,0.8617886178861789,0.9298245614035088,0.9271802885159771,0.9028899229781772,0.8945147679324894,0.8745874587458744,0.7195631722101747
648,0.9808333333333333,0.9317095817197726,0.8699186991869918,0.9385964912280702,0.9317095817197726,0.9109242618741977,0.9029535864978903,0.8828382838283828,0.6619978785541318
649,0.9841666666666666,0.9479697443213986,0.9024390243902439,0.940677966101695,0.9479697443213986,0.9265584952459696,0.9211618257261411,0.9098360655737704,0.5468686239044295
650,0.9808333333333333,0.9317095817197726,0.8699186991869918,0.9385964912280702,0.9317095817197726,0.9109242618741977,0.9029535864978903,0.8828382838283828,0.6619978785541318
651,0.9808333333333333,0.9389111579138076,0.8861788617886179,0.923728813559322,0.9389111579138076,0.9107871710073033,0.9045643153526971,0.8934426229508198,0.6619992112165155
652,0.9816666666666667,0.9465769866612315,0.9024390243902439,0.9173553719008265,0.9465769866612315,0.9148971981455352,0.9098360655737705,0.9053833605220227,0.6332175638852817
653,0.9808333333333333,0.9353103698167902,0.8780487804878049,0.9310344827586207,0.93531036981679,0.9107916316232127,0.903765690376569,0.8881578947368419,0.6619985448853236
654,0.9791666666666666,0.9235795004189595,0.8536585365853658,0.9375,0.9235795004189595,0.9030792682926829,0.8936170212765958,0.869205298013245,0.719562505878983
655,0.9816666666666667,0.942976198564214,0.8943089430894309,0.9243697478991597,0.9429761985642141,0.9147560121609619,0.9090909090909092,0.9001636661211129,0.6332168975540899
656,0.9775,0.926251783409199,0.8617886178861789,0.9137931034482759,0.926251783409199,0.8948741940005607,0.887029288702929,0.8717105263157895,0.7771291321974096
657,0.98,0.934846117263401,0.8780487804878049,0.9230769230769231,0.934846117263401,0.906812851782364,0.9,0.8866995073891627,0.6907815248789411
658,0.98,0.934846117263401,0.8780487804878049,0.9230769230769231,0.934846117263401,0.906812851782364,0.9,0.8866995073891627,0.6907815248789411
659,0.9816666666666667,0.9321738342731616,0.8699186991869918,0.9469026548672567,0.9321738342731616,0.9150773436937908,0.9067796610169492,0.884297520661157,0.6332148985605144
660,0.9808333333333333,0.9317095817197726,0.8699186991869918,0.9385964912280702,0.9317095817197726,0.9109242618741977,0.9029535864978903,0.8828382838283828,0.6619978785541318
661,0.9808333333333333,0.9317095817197726,0.8699186991869918,0.9385964912280702,0.9317095817197726,0.9109242618741977,0.9029535864978903,0.8828382838283828,0.6619978785541317
662,0.98,0.9240437529723486,0.8536585365853658,0.9459459459459459,0.9240437529723486,0.907302241265656,0.8974358974358975,0.8706467661691542,0.6907795258853655
663,0.98,0.9312453291663836,0.8699186991869918,0.9304347826086956,0.9312453291663836,0.9068434075645104,0.8991596638655462,0.8813838550247116,0.6907808585477492
664,0.9825,0.9398396630205856,0.8861788617886179,0.9396551724137931,0.9398396630205856,0.9187503504345389,0.9121338912133892,0.8963815789473685,0.6044332512292807
665,0.9816666666666667,0.9393754104671966,0.8861788617886179,0.9316239316239316,0.9393754104671966,0.9147347300396081,0.9083333333333333,0.8949096880131364,0.6332162312228982
666,0.9825,0.9362388749235682,0.8780487804878049,0.9473684210526315,0.9362388749235682,0.9189586007702182,0.9113924050632912,0.8910891089108909,0.6044325848980888
667,0.9791666666666666,0.9271802885159771,0.8617886178861789,0.9298245614035088,0.9271802885159771,0.9028899229781772,0.8945147679324894,0.8745874587458744,0.7195631722101747
668,0.9808333333333333,0.9389111579138076,0.8861788617886179,0.923728813559322,0.9389111579138076,0.9107871710073033,0.9045643153526971,0.8934426229508198,0.6619992112165155
669,0.9816666666666667,0.942976198564214,0.8943089430894309,0.9243697478991597,0.9429761985642141,0.9147560121609619,0.9090909090909092,0.9001636661211129,0.6332168975540899
670,0.9816666666666667,0.9393754104671966,0.8861788617886179,0.9316239316239316,0.9393754104671966,0.9147347300396081,0.9083333333333333,0.8949096880131364,0.633216231222898
671,0.98,0.934846117263401,0.8780487804878049,0.9230769230769231,0.934846117263401,0.906812851782364,0.9,0.8866995073891627,0.6907815248789411
672,0.9825,0.9398396630205856,0.8861788617886179,0.9396551724137931,0.9398396630205856,0.9187503504345389,0.9121338912133892,0.8963815789473685,0.6044332512292807
673,0.9791666666666666,0.934381864710012,0.8780487804878049,0.9152542372881356,0.934381864710012,0.9029015088879703,0.896265560165975,0.8852459016393444,0.7195645048725584
674,0.9825,0.9398396630205856,0.8861788617886179,0.9396551724137931,0.9398396630205856,0.9187503504345389,0.9121338912133892,0.8963815789473685,0.6044332512292808
675,0.9808333333333333,0.9281087936227552,0.8617886178861789,0.9464285714285714,0.9281087936227551,0.9111919279907085,0.902127659574468,0.8774834437086091,0.66199721222294
676,0.9833333333333333,0.9403039155739747,0.8861788617886179,0.9478260869565217,0.9403039155739746,0.9228358077059031,0.9159663865546218,0.8978583196046129,0.5756502712356633
677,0.9808333333333333,0.9317095817197726,0.8699186991869918,0.9385964912280702,0.9317095817197726,0.9109242618741977,0.9029535864978903,0.8828382838283828,0.6619978785541317
678,0.9816666666666667,0.942976198564214,0.8943089430894309,0.9243697478991597,0.9429761985642141,0.9147560121609619,0.9090909090909092,0.9001636661211129,0.6332168975540899
679,0.9783333333333334,0.9267160359625881,0.8617886178861789,0.9217391304347826,0.9267160359625881,0.8988472074938141,0.8907563025210083,0.8731466227347612,0.7483461522037921
680,0.9783333333333334,0.9231152478655706,0.8536585365853658,0.9292035398230089,0.9231152478655705,0.8989310382041873,0.8898305084745762,0.8677685950413223,0.7483454858726003
681,0.98,0.9312453291663836,0.8699186991869918,0.9304347826086956,0.9312453291663836,0.9068434075645104,0.8991596638655462,0.8813838550247116,0.6907808585477492
682,0.9825,0.9398396630205856,0.8861788617886179,0.9396551724137931,0.9398396630205856,0.9187503504345389,0.9121338912133892,0.8963815789473685,0.6044332512292807
683,0.9808333333333333,0.9281087936227552,0.8617886178861789,0.9464285714285714,0.9281087936227551,0.9111919279907085,0.902127659574468,0.8774834437086091,0.66199721222294
684,0.9816666666666667,0.9393754104671966,0.8861788617886179,0.9316239316239316,0.9393754104671966,0.9147347300396081,0.9083333333333333,0.8949096880131364,0.6332162312228982
685,0.9808333333333333,0.9389111579138076,0.8861788617886179,0.923728813559322,0.9389111579138076,0.9107871710073033,0.9045643153526971,0.8934426229508198,0.6619992112165155
686,0.98,0.9384469053604185,0.8861788617886179,0.9159663865546218,0.9384469053604185,0.9069059575049532,0.9008264462809917,0.8919803600654663,0.690782191210133
687,0.9808333333333333,0.9353103698167902,0.8780487804878049,0.9310344827586207,0.93531036981679,0.9107916316232127,0.903765690376569,0.8881578947368419,0.6619985448853236
688,0.9791666666666666,0.9271802885159771,0.8617886178861789,0.9298245614035088,0.9271802885159771,0.9028899229781772,0.8945147679324894,0.8745874587458744,0.7195631722101747
689,0.9808333333333333,0.9389111579138076,0.8861788617886179,0.923728813559322,0.9389111579138076,0.9107871710073033,0.9045643153526971,0.8934426229508198,0.6619992112165155
690,0.9825,0.9362388749235682,0.8780487804878049,0.9473684210526315,0.9362388749235682,0.9189586007702182,0.9113924050632912,0.8910891089108909,0.6044325848980889
691,0.9791666666666666,0.9379826528070294,0.8861788617886179,0.9083333333333333,0.9379826528070294,0.9030894308943089,0.897119341563786,0.8905228758169936,0.7195651712037503
692,0.98,0.934846117263401,0.8780487804878049,0.9230769230769231,0.934846117263401,0.906812851782364,0.9,0.8866995073891627,0.6907815248789411
693,0.98,0.934846117263401,0.8780487804878049,0.9230769230769231,0.934846117263401,0.906812851782364,0.9,0.8866995073891627,0.6907815248789411
694,0.9808333333333333,0.942511946010825,0.8943089430894309,0.9166666666666666,0.942511946010825,0.9109044715447153,0.9053497942386831,0.8986928104575165,0.6619998775477073
695,0.9791666666666666,0.934381864710012,0.8780487804878049,0.9152542372881356,0.934381864710012,0.9029015088879703,0.896265560165975,0.8852459016393444,0.7195645048725584
696,0.9833333333333333,0.9475054917680097,0.9024390243902439,0.9327731092436975,0.9475054917680096,0.9226060668169707,0.9173553719008264,0.9083469721767595,0.5756516038980469
697,0.98,0.9312453291663836,0.8699186991869918,0.9304347826086956,0.9312453291663836,0.9068434075645104,0.8991596638655462,0.8813838550247116,0.6907808585477491
698,0.9766666666666667,0.9149851665647576,0.8373983739837398,0.9279279279279279,0.9149851665647576,0.8909964842891671,0.8803418803418804,0.8540630182421227,0.8059101131974514
699,0.9791666666666666,0.934381864710012,0.8780487804878049,0.9152542372881356,0.934381864710012,0.9029015088879703,0.896265560165975,0.8852459016393444,0.7195645048725584
700,0.9808333333333333,0.9389111579138076,0.8861788617886179,0.923728813559322,0.9389111579138076,0.9107871710073033,0.9045643153526971,0.8934426229508198,0.6619992112165155
701,0.9825,0.9362388749235682,0.8780487804878049,0.9473684210526315,0.9362388749235682,0.9189586007702182,0.9113924050632912,0.8910891089108909,0.6044325848980889
702,0.98,0.934846117263401,0.8780487804878049,0.9230769230769231,0.934846117263401,0.906812851782364,0.9,0.8866995073891627,0.6907815248789411
703,0.9825,0.9398396630205856,0.8861788617886179,0.9396551724137931,0.9398396630205856,0.9187503504345389,0.9121338912133892,0.8963815789473685,0.6044332512292806
704,0.9816666666666667,0.9393754104671966,0.8861788617886179,0.9316239316239316,0.9393754104671966,0.9147347300396081,0.9083333333333333,0.8949096880131364,0.6332162312228982
705,0.9808333333333333,0.9389111579138076,0.8861788617886179,0.923728813559322,0.9389111579138076,0.9107871710073033,0.9045643153526971,0.8934426229508198,0.6619992112165155
706,0.9825,0.9362388749235682,0.8780487804878049,0.9473684210526315,0.9362388749235682,0.9189586007702182,0.9113924050632912,0.8910891089108909,0.6044325848980888
707,0.985,0.9556355730688226,0.9186991869918699,0.9338842975206612,0.9556355730688226,0.9304584089229322,0.9262295081967213,0.9216965742251224,0.5180869765731958
708,0.9841666666666666,0.958772108612451,0.926829268292683,0.9193548387096774,0.958772108612451,0.9268420535011802,0.923076923076923,0.9253246753246753,0.546870622898005
709,0.9825,0.9362388749235682,0.8780487804878049,0.9473684210526315,0.9362388749235682,0.9189586007702182,0.9113924050632912,0.8910891089108909,0.6044325848980888
710,0.9825,0.9434404511176031,0.8943089430894309,0.9322033898305084,0.9434404511176032,0.9186728331266363,0.9128630705394191,0.9016393442622951,0.6044339175604725
711,0.9825,0.9398396630205856,0.8861788617886179,0.9396551724137931,0.9398396630205856,0.9187503504345389,0.9121338912133892,0.8963815789473685,0.6044332512292807
712,0.9841666666666666,0.951570532418416,0.9105691056910569,0.9333333333333333,0.9515705324184162,0.9265345528455284,0.9218106995884775,0.9150326797385622,0.5468692902356214
713,0.9833333333333333,0.951106279865027,0.9105691056910569,0.9256198347107438,0.9511062798650272,0.9226778035342337,0.9180327868852458,0.9135399673735728,0.5756522702292387
714,0.9791666666666666,0.9307810766129945,0.8699186991869918,0.9224137931034483,0.9307810766129946,0.9028329128118868,0.8953974895397491,0.8799342105263158,0.7195638385413665
715,0.9808333333333333,0.9497135222048598,0.9105691056910569,0.9032258064516129,0.9497135222048598,0.9114807894046683,0.9068825910931174,0.909090909090909,0.6620012102100911
716,0.9825,0.950642027311638,0.9105691056910569,0.9180327868852459,0.950642027311638,0.9188842796214848,0.9142857142857143,0.9120521172638435,0.6044352502228562
717,0.985,0.9520347849718052,0.9105691056910569,0.9411764705882353,0.9520347849718052,0.9304561214729794,0.9256198347107438,0.916530278232406,0.5180863102420039
718,0.9816666666666667,0.9465769866612315,0.9024390243902439,0.9173553719008265,0.9465769866612315,0.9148971981455352,0.9098360655737705,0.9053833605220227,0.6332175638852816
719,0.9833333333333333,0.9439047036709921,0.8943089430894309,0.9401709401709402,0.9439047036709921,0.9226566082968523,0.9166666666666666,0.9031198686371099,0.575650937566855
720,0.9783333333333334,0.9303168240596055,0.8699186991869918,0.9145299145299145,0.9303168240596055,0.8988909735251197,0.8916666666666666,0.8784893267651888,0.748346818534984
721,0.985,0.9520347849718052,0.9105691056910569,0.9411764705882353,0.9520347849718052,0.9304561214729794,0.9256198347107438,0.916530278232406,0.518086310242004
722,0.9758333333333333,0.9217224902054034,0.8536585365853658,0.9051724137931034,0.9217224902054034,0.8869154751892346,0.8786610878661086,0.8634868421052632,0.8346944258534527
723,0.9816666666666667,0.9393754104671966,0.8861788617886179,0.9316239316239316,0.9393754104671966,0.9147347300396081,0.9083333333333333,0.8949096880131364,0.633216231222898
724,0.98,0.942047693457436,0.8943089430894309,0.9090909090909091,0.9420476934574359,0.9071165927568366,0.9016393442622952,0.897226753670473,0.6907828575413248
725,0.9808333333333333,0.942511946010825,0.8943089430894309,0.9166666666666666,0.942511946010825,0.9109044715447153,0.9053497942386831,0.8986928104575165,0.6619998775477073
726,0.9816666666666667,0.9393754104671966,0.8861788617886179,0.9316239316239316,0.9393754104671966,0.9147347300396081,0.9083333333333333,0.8949096880131364,0.6332162312228982
727,0.9841666666666666,0.958772108612451,0.926829268292683,0.9193548387096774,0.958772108612451,0.9268420535011802,0.923076923076923,0.9253246753246753,0.546870622898005
728,0.9858333333333333,0.9560998256222116,0.9186991869918699,0.9416666666666667,0.9560998256222115,0.9343495934959349,0.9300411522633746,0.9232026143790849,0.4893039965795784
729,0.9791666666666666,0.9307810766129945,0.8699186991869918,0.9224137931034483,0.9307810766129946,0.9028329128118868,0.8953974895397491,0.8799342105263158,0.7195638385413665
730,0.9816666666666667,0.9393754104671966,0.8861788617886179,0.9316239316239316,0.9393754104671966,0.9147347300396081,0.9083333333333333,0.8949096880131364,0.6332162312228982
731,0.98,0.9384469053604185,0.8861788617886179,0.9159663865546218,0.9384469053604185,0.9069059575049532,0.9008264462809917,0.8919803600654663,0.690782191210133
732,0.9791666666666666,0.9379826528070294,0.8861788617886179,0.9083333333333333,0.9379826528070294,0.9030894308943089,0.897119341563786,0.8905228758169936,0.7195651712037503
733,0.9841666666666666,0.958772108612451,0.926829268292683,0.9193548387096774,0.958772108612451,0.9268420535011802,0.923076923076923,0.9253246753246753,0.546870622898005
734,0.985,0.9556355730688226,0.9186991869918699,0.9338842975206612,0.9556355730688226,0.9304584089229322,0.9262295081967213,0.9216965742251224,0.5180869765731958
735,0.9808333333333333,0.942511946010825,0.8943089430894309,0.9166666666666666,0.942511946010825,0.9109044715447153,0.9053497942386831,0.8986928104575165,0.6619998775477073
736,0.9833333333333333,0.951106279865027,0.9105691056910569,0.9256198347107438,0.9511062798650272,0.9226778035342337,0.9180327868852458,0.9135399673735728,0.5756522702292387
737,0.98,0.934846117263401,0.8780487804878049,0.9230769230769231,0.934846117263401,0.906812851782364,0.9,0.8866995073891627,0.6907815248789411
738,0.9833333333333333,0.958307856059062,0.926829268292683,0.912,0.958307856059062,0.9231646341463414,0.9193548387096775,0.9238249594813616,0.5756536028916224
739,0.9816666666666667,0.942976198564214,0.8943089430894309,0.9243697478991597,0.9429761985642141,0.9147560121609619,0.9090909090909092,0.9001636661211129,0.6332168975540899
740,0.9858333333333333,0.9597006137192292,0.926829268292683,0.9344262295081968,0.9597006137192291,0.9343777489004398,0.9306122448979592,0.9283387622149838,0.4893046629107702
741,0.9816666666666667,0.942976198564214,0.8943089430894309,0.9243697478991597,0.9429761985642141,0.9147560121609619,0.9090909090909092,0.9001636661211129,0.6332168975540899
742,0.9841666666666666,0.958772108612451,0.926829268292683,0.9193548387096774,0.958772108612451,0.9268420535011802,0.923076923076923,0.9253246753246753,0.546870622898005
743,0.9791666666666666,0.9451842290010644,0.9024390243902439,0.8951612903225806,0.9451842290010644,0.9038001573564123,0.8987854251012146,0.9009740259740259,0.719566503866134
744,0.9833333333333333,0.951106279865027,0.9105691056910569,0.9256198347107438,0.9511062798650272,0.9226778035342337,0.9180327868852458,0.9135399673735728,0.5756522702292387
745,0.985,0.9556355730688226,0.9186991869918699,0.9338842975206612,0.9556355730688226,0.9304584089229322,0.9262295081967213,0.9216965742251224,0.5180869765731958
746,0.9841666666666666,0.9659736848064859,0.943089430894309,0.90625,0.9659736848064859,0.9275863821138212,0.9243027888446216,0.9354838709677419,0.5468719555603887
747,0.9833333333333333,0.9475054917680097,0.9024390243902439,0.9327731092436975,0.9475054917680096,0.9226060668169707,0.9173553719008264,0.9083469721767595,0.575651603898047
748,0.9825,0.9542428154086555,0.9186991869918699,0.9112903225806451,0.9542428154086554,0.9191614214529242,0.9149797570850201,0.9172077922077924,0.6044359165540479
749,0.9858333333333333,0.9597006137192292,0.926829268292683,0.9344262295081968,0.9597006137192291,0.9343777489004398,0.9306122448979592,0.9283387622149838,0.4893046629107703
750,0.9841666666666666,0.9551713205154335,0.9186991869918699,0.9262295081967213,0.9551713205154336,0.9266310142609623,0.9224489795918367,0.9201954397394136,0.5468699565668131
751,0.985,0.9556355730688226,0.9186991869918699,0.9338842975206612,0.9556355730688226,0.9304584089229322,0.9262295081967213,0.9216965742251224,0.5180869765731958
752,0.9816666666666667,0.9393754104671966,0.8861788617886179,0.9316239316239316,0.9393754104671966,0.9147347300396081,0.9083333333333333,0.8949096880131364,0.6332162312228982
753,0.985,0.9556355730688226,0.9186991869918699,0.9338842975206612,0.9556355730688226,0.9304584089229322,0.9262295081967213,0.9216965742251224,0.5180869765731958
754,0.98,0.934846117263401,0.8780487804878049,0.9230769230769231,0.934846117263401,0.906812851782364,0.9,0.8866995073891627,0.6907815248789411
755,0.9833333333333333,0.9619086441560794,0.9349593495934959,0.905511811023622,0.9619086441560794,0.9235689136418923,0.9199999999999999,0.9289176090468498,0.5756542692228143
756,0.985,0.9520347849718052,0.9105691056910569,0.9411764705882353,0.9520347849718052,0.9304561214729794,0.9256198347107438,0.916530278232406,0.5180863102420039
757,0.985,0.9592363611658401,0.926829268292683,0.926829268292683,0.9592363611658401,0.930579268292683,0.926829268292683,0.926829268292683,0.5180876429043877
758,0.9816666666666667,0.9465769866612315,0.9024390243902439,0.9173553719008265,0.9465769866612315,0.9148971981455352,0.9098360655737705,0.9053833605220227,0.6332175638852817
759,0.9841666666666666,0.958772108612451,0.926829268292683,0.9193548387096774,0.958772108612451,0.9268420535011802,0.923076923076923,0.9253246753246753,0.546870622898005
760,0.9825,0.9542428154086555,0.9186991869918699,0.9112903225806451,0.9542428154086554,0.9191614214529242,0.9149797570850201,0.9172077922077924,0.6044359165540479
761,0.9825,0.9542428154086555,0.9186991869918699,0.9112903225806451,0.9542428154086554,0.9191614214529242,0.9149797570850201,0.9172077922077924,0.6044359165540479
762,0.9816666666666667,0.9501777747582489,0.9105691056910569,0.9105691056910569,0.950177774758249,0.9151524390243903,0.9105691056910569,0.910569105691057,0.6332182302164736
763,0.9833333333333333,0.9547070679620445,0.9186991869918699,0.9186991869918699,0.9547070679620445,0.9228658536585366,0.91869918699187,0.9186991869918698,0.5756529365604306
764,0.9791666666666666,0.9451842290010644,0.9024390243902439,0.8951612903225806,0.9451842290010644,0.9038001573564123,0.8987854251012146,0.9009740259740259,0.719566503866134
765,0.985,0.9592363611658401,0.926829268292683,0.926829268292683,0.9592363611658401,0.930579268292683,0.926829268292683,0.926829268292683,0.5180876429043877
766,0.9825,0.950642027311638,0.9105691056910569,0.9180327868852459,0.950642027311638,0.9188842796214848,0.9142857142857143,0.9120521172638435,0.6044352502228562
767,0.9825,0.9614443916026905,0.9349593495934959,0.8984375,0.9614443916026905,0.9200317581300813,0.9163346613545816,0.9274193548387097,0.6044372492164317
768,0.9833333333333333,0.958307856059062,0.926829268292683,0.912,0.958307856059062,0.9231646341463414,0.9193548387096775,0.9238249594813616,0.5756536028916224
769,0.9775,0.933453359603234,0.8780487804878049,0.9,0.9334533596032338,0.8952743902439024,0.888888888888889,0.8823529411764705,0.7771304648597932
770,0.9816666666666667,0.9537785628552664,0.9186991869918699,0.904,0.9537785628552664,0.9155162601626016,0.9112903225806451,0.9157212317666128,0.6332188965476655
771,0.9825,0.957843603505673,0.926829268292683,0.9047619047619048,0.9578436035056729,0.9195455865272938,0.9156626506024096,0.9223300970873785,0.6044365828852398
772,0.985,0.9628371492628576,0.9349593495934959,0.92,0.9628371492628576,0.9308130081300812,0.9274193548387097,0.9319286871961101,0.5180883092355795
773,0.9841666666666666,0.958772108612451,0.926829268292683,0.9193548387096774,0.958772108612451,0.9268420535011802,0.923076923076923,0.9253246753246753,0.546870622898005
774,0.9816666666666667,0.9537785628552664,0.9186991869918699,0.904,0.9537785628552664,0.9155162601626016,0.9112903225806451,0.9157212317666128,0.6332188965476655
775,0.98,0.9456484815544535,0.9024390243902439,0.9024390243902439,0.9456484815544534,0.9074390243902438,0.9024390243902439,0.9024390243902438,0.6907835238725166
776,0.9816666666666667,0.9465769866612315,0.9024390243902439,0.9173553719008265,0.9465769866612315,0.9148971981455352,0.9098360655737705,0.9053833605220227,0.6332175638852817
777,0.9833333333333333,0.9547070679620445,0.9186991869918699,0.9186991869918699,0.9547070679620445,0.9228658536585366,0.91869918699187,0.9186991869918698,0.5756529365604306
778,0.9783333333333334,0.9303168240596055,0.8699186991869918,0.9145299145299145,0.9303168240596055,0.8988909735251197,0.8916666666666666,0.8784893267651888,0.7483468185349839
779,0.9808333333333333,0.942511946010825,0.8943089430894309,0.9166666666666666,0.942511946010825,0.9109044715447153,0.9053497942386831,0.8986928104575165,0.6619998775477073
780,0.9791666666666666,0.9415834409040469,0.8943089430894309,0.9016393442622951,0.9415834409040469,0.9033908103425297,0.8979591836734693,0.8957654723127036,0.7195658375349422
781,0.9791666666666666,0.9451842290010644,0.9024390243902439,0.8951612903225806,0.9451842290010644,0.9038001573564123,0.8987854251012146,0.9009740259740259,0.719566503866134
782,0.9808333333333333,0.942511946010825,0.8943089430894309,0.9166666666666666,0.942511946010825,0.9109044715447153,0.9053497942386831,0.8986928104575165,0.6619998775477073
783,0.985,0.9628371492628576,0.9349593495934959,0.92,0.9628371492628576,0.9308130081300812,0.9274193548387097,0.9319286871961101,0.5180883092355796
784,0.9791666666666666,0.9487850170980818,0.9105691056910569,0.8888888888888888,0.9487850170980818,0.9043123306233062,0.899598393574297,0.9061488673139161,0.7195671701973259
785,0.9808333333333333,0.9497135222048598,0.9105691056910569,0.9032258064516129,0.9497135222048598,0.9114807894046683,0.9068825910931174,0.909090909090909,0.6620012102100911
786,0.9825,0.950642027311638,0.9105691056910569,0.9180327868852459,0.950642027311638,0.9188842796214848,0.9142857142857143,0.9120521172638435,0.6044352502228562
787,0.9825,0.9542428154086555,0.9186991869918699,0.9112903225806451,0.9542428154086554,0.9191614214529242,0.9149797570850201,0.9172077922077924,0.604435916554048
788,0.9833333333333333,0.9547070679620445,0.9186991869918699,0.9186991869918699,0.9547070679620445,0.9228658536585366,0.91869918699187,0.9186991869918698,0.5756529365604306
789,0.9825,0.9542428154086555,0.9186991869918699,0.9112903225806451,0.9542428154086554,0.9191614214529242,0.9149797570850201,0.9172077922077924,0.6044359165540479
790,0.9833333333333333,0.9547070679620445,0.9186991869918699,0.9186991869918699,0.9547070679620445,0.9228658536585366,0.91869918699187,0.9186991869918698,0.5756529365604306
791,0.9791666666666666,0.9451842290010644,0.9024390243902439,0.8951612903225806,0.9451842290010644,0.9038001573564123,0.8987854251012146,0.9009740259740259,0.719566503866134
792,0.9783333333333334,0.9375184002536404,0.8861788617886179,0.9008264462809917,0.9375184002536403,0.8993359873681381,0.8934426229508197,0.8890701468189234,0.7483481511973676
793,0.9825,0.9542428154086555,0.9186991869918699,0.9112903225806451,0.9542428154086554,0.9191614214529242,0.9149797570850201,0.9172077922077924,0.604435916554048
794,0.9841666666666666,0.9551713205154335,0.9186991869918699,0.9262295081967213,0.9551713205154336,0.9266310142609623,0.9224489795918367,0.9201954397394136,0.5468699565668131
795,0.98,0.942047693457436,0.8943089430894309,0.9090909090909091,0.9420476934574359,0.9071165927568366,0.9016393442622952,0.897226753670473,0.6907828575413247
796,0.9791666666666666,0.9379826528070294,0.8861788617886179,0.9083333333333333,0.9379826528070294,0.9030894308943089,0.897119341563786,0.8905228758169936,0.7195651712037503
797,0.9833333333333333,0.951106279865027,0.9105691056910569,0.9256198347107438,0.9511062798650272,0.9226778035342337,0.9180327868852458,0.9135399673735728,0.5756522702292387
798,0.9825,0.9470412392146206,0.9024390243902439,0.925,0.9470412392146206,0.9187195121951219,0.9135802469135802,0.9068627450980392,0.6044345838916644
799,0.9808333333333333,0.9389111579138076,0.8861788617886179,0.923728813559322,0.9389111579138076,0.9107871710073033,0.9045643153526971,0.8934426229508198,0.6619992112165155
800,0.9825,0.950642027311638,0.9105691056910569,0.9180327868852459,0.950642027311638,0.9188842796214848,0.9142857142857143,0.9120521172638435,0.6044352502228562
801,0.9816666666666667,0.942976198564214,0.8943089430894309,0.9243697478991597,0.9429761985642141,0.9147560121609619,0.9090909090909092,0.9001636661211129,0.6332168975540899
802,0.9841666666666666,0.958772108612451,0.926829268292683,0.9193548387096774,0.958772108612451,0.9268420535011802,0.923076923076923,0.9253246753246753,0.546870622898005
803,0.9825,0.9542428154086555,0.9186991869918699,0.9112903225806451,0.9542428154086554,0.9191614214529242,0.9149797570850201,0.9172077922077924,0.6044359165540479
804,0.9808333333333333,0.9461127341078425,0.9024390243902439,0.9098360655737705,0.9461127341078424,0.9111375449820073,0.9061224489795918,0.9039087947882738,0.6620005438788991
805,0.9783333333333334,0.9375184002536404,0.8861788617886179,0.9008264462809917,0.9375184002536403,0.8993359873681381,0.8934426229508197,0.8890701468189234,0.7483481511973676
806,0.9791666666666666,0.9379826528070294,0.8861788617886179,0.9083333333333333,0.9379826528070294,0.9030894308943089,0.897119341563786,0.8905228758169936,0.7195651712037503
807,0.9808333333333333,0.9497135222048598,0.9105691056910569,0.9032258064516129,0.9497135222048598,0.9114807894046683,0.9068825910931174,0.909090909090909,0.6620012102100911
808,0.9791666666666666,0.9415834409040469,0.8943089430894309,0.9016393442622951,0.9415834409040469,0.9033908103425297,0.8979591836734693,0.8957654723127036,0.7195658375349422
809,0.9816666666666667,0.9501777747582489,0.9105691056910569,0.9105691056910569,0.950177774758249,0.9151524390243903,0.9105691056910569,0.910569105691057,0.6332182302164735
810,0.9816666666666667,0.9393754104671966,0.8861788617886179,0.9316239316239316,0.9393754104671966,0.9147347300396081,0.9083333333333333,0.8949096880131364,0.6332162312228982
811,0.9833333333333333,0.9547070679620445,0.9186991869918699,0.9186991869918699,0.9547070679620445,0.9228658536585366,0.91869918699187,0.9186991869918698,0.5756529365604306
812,0.9825,0.9542428154086555,0.9186991869918699,0.9112903225806451,0.9542428154086554,0.9191614214529242,0.9149797570850201,0.9172077922077924,0.6044359165540479
813,0.9808333333333333,0.9533143103018774,0.9186991869918699,0.8968253968253969,0.9533143103018774,0.9119289585753001,0.9076305220883534,0.9142394822006473,0.6620018765412828
814,0.9816666666666667,0.9501777747582489,0.9105691056910569,0.9105691056910569,0.950177774758249,0.9151524390243903,0.9105691056910569,0.910569105691057,0.6332182302164736
815,0.9841666666666666,0.958772108612451,0.926829268292683,0.9193548387096774,0.958772108612451,0.9268420535011802,0.923076923076923,0.9253246753246753,0.546870622898005
816,0.9783333333333334,0.9375184002536404,0.8861788617886179,0.9008264462809917,0.9375184002536403,0.8993359873681381,0.8934426229508197,0.8890701468189234,0.7483481511973676
817,0.9791666666666666,0.9307810766129945,0.8699186991869918,0.9224137931034483,0.9307810766129946,0.9028329128118868,0.8953974895397491,0.8799342105263158,0.7195638385413665
818,0.9833333333333333,0.951106279865027,0.9105691056910569,0.9256198347107438,0.9511062798650272,0.9226778035342337,0.9180327868852458,0.9135399673735728,0.5756522702292388
819,0.9841666666666666,0.958772108612451,0.926829268292683,0.9193548387096774,0.958772108612451,0.9268420535011802,0.923076923076923,0.9253246753246753,0.546870622898005
820,0.9808333333333333,0.9533143103018774,0.9186991869918699,0.8968253968253969,0.9533143103018774,0.9119289585753001,0.9076305220883534,0.9142394822006473,0.6620018765412828
821,0.985,0.9556355730688226,0.9186991869918699,0.9338842975206612,0.9556355730688226,0.9304584089229322,0.9262295081967213,0.9216965742251224,0.5180869765731958
822,0.985,0.9520347849718052,0.9105691056910569,0.9411764705882353,0.9520347849718052,0.9304561214729794,0.9256198347107438,0.916530278232406,0.5180863102420039
823,0.9833333333333333,0.951106279865027,0.9105691056910569,0.9256198347107438,0.9511062798650272,0.9226778035342337,0.9180327868852458,0.9135399673735728,0.5756522702292388
824,0.9825,0.9542428154086555,0.9186991869918699,0.9112903225806451,0.9542428154086554,0.9191614214529242,0.9149797570850201,0.9172077922077924,0.6044359165540479
825,0.9808333333333333,0.9461127341078425,0.9024390243902439,0.9098360655737705,0.9461127341078424,0.9111375449820073,0.9061224489795918,0.9039087947882738,0.6620005438788993
826,0.9816666666666667,0.9537785628552664,0.9186991869918699,0.904,0.9537785628552664,0.9155162601626016,0.9112903225806451,0.9157212317666128,0.6332188965476655
827,0.9825,0.9470412392146206,0.9024390243902439,0.925,0.9470412392146206,0.9187195121951219,0.9135802469135802,0.9068627450980392,0.6044345838916644
828,0.985,0.9628371492628576,0.9349593495934959,0.92,0.9628371492628576,0.9308130081300812,0.9274193548387097,0.9319286871961101,0.5180883092355796
829,0.9816666666666667,0.9501777747582489,0.9105691056910569,0.9105691056910569,0.950177774758249,0.9151524390243903,0.9105691056910569,0.910569105691057,0.6332182302164735
830,0.9816666666666667,0.9465769866612315,0.9024390243902439,0.9173553719008265,0.9465769866612315,0.9148971981455352,0.9098360655737705,0.9053833605220227,0.6332175638852817
831,0.9833333333333333,0.9547070679620445,0.9186991869918699,0.9186991869918699,0.9547070679620445,0.9228658536585366,0.91869918699187,0.9186991869918698,0.5756529365604305
832,0.9833333333333333,0.9475054917680097,0.9024390243902439,0.9327731092436975,0.9475054917680096,0.9226060668169707,0.9173553719008264,0.9083469721767595,0.5756516038980468
833,0.9816666666666667,0.9465769866612315,0.9024390243902439,0.9173553719008265,0.9465769866612315,0.9148971981455352,0.9098360655737705,0.9053833605220227,0.6332175638852817
834,0.98,0.942047693457436,0.8943089430894309,0.9090909090909091,0.9420476934574359,0.9071165927568366,0.9016393442622952,0.897226753670473,0.6907828575413248
835,0.9783333333333334,0.9375184002536404,0.8861788617886179,0.9008264462809917,0.9375184002536403,0.8993359873681381,0.8934426229508197,0.8890701468189234,0.7483481511973678
836,0.98,0.9456484815544535,0.9024390243902439,0.9024390243902439,0.9456484815544534,0.9074390243902438,0.9024390243902439,0.9024390243902438,0.6907835238725166
837,0.9791666666666666,0.9451842290010644,0.9024390243902439,0.8951612903225806,0.9451842290010644,0.9038001573564123,0.8987854251012146,0.9009740259740259,0.719566503866134
838,0.9825,0.950642027311638,0.9105691056910569,0.9180327868852459,0.950642027311638,0.9188842796214848,0.9142857142857143,0.9120521172638435,0.6044352502228562
839,0.9791666666666666,0.9451842290010644,0.9024390243902439,0.8951612903225806,0.9451842290010644,0.9038001573564123,0.8987854251012146,0.9009740259740259,0.719566503866134
840,0.98,0.9456484815544535,0.9024390243902439,0.9024390243902439,0.9456484815544534,0.9074390243902438,0.9024390243902439,0.9024390243902438,0.6907835238725166
841,0.9841666666666666,0.9623728967094685,0.9349593495934959,0.9126984126984127,0.9623728967094685,0.9271622144792876,0.9236947791164658,0.9304207119741099,0.5468712892291969
842,0.98,0.9384469053604185,0.8861788617886179,0.9159663865546218,0.9384469053604185,0.9069059575049532,0.9008264462809917,0.8919803600654663,0.6907821912101328
843,0.9858333333333333,0.9705029780102814,0.9512195121951219,0.9140625,0.9705029780102814,0.9351410060975609,0.9322709163346613,0.943548387096774,0.4893066619043457
844,0.9808333333333333,0.9533143103018774,0.9186991869918699,0.8968253968253969,0.9533143103018774,0.9119289585753001,0.9076305220883534,0.9142394822006473,0.6620018765412827
845,0.9766666666666667,0.9365898951468623,0.8861788617886179,0.8861788617886179,0.9365898951468624,0.8920121951219513,0.8861788617886179,0.8861788617886179,0.8059141111846024
846,0.9825,0.9470412392146206,0.9024390243902439,0.925,0.9470412392146206,0.9187195121951219,0.9135802469135802,0.9068627450980392,0.6044345838916644
847,0.9833333333333333,0.958307856059062,0.926829268292683,0.912,0.958307856059062,0.9231646341463414,0.9193548387096775,0.9238249594813616,0.5756536028916224
848,0.9825,0.9434404511176031,0.8943089430894309,0.9322033898305084,0.9434404511176032,0.9186728331266363,0.9128630705394191,0.9016393442622951,0.6044339175604725
849,0.9816666666666667,0.942976198564214,0.8943089430894309,0.9243697478991597,0.9429761985642141,0.9147560121609619,0.9090909090909092,0.9001636661211129,0.6332168975540899
850,0.9833333333333333,0.951106279865027,0.9105691056910569,0.9256198347107438,0.9511062798650272,0.9226778035342337,0.9180327868852458,0.9135399673735728,0.5756522702292388
851,0.9816666666666667,0.9465769866612315,0.9024390243902439,0.9173553719008265,0.9465769866612315,0.9148971981455352,0.9098360655737705,0.9053833605220227,0.6332175638852817
852,0.9833333333333333,0.951106279865027,0.9105691056910569,0.9256198347107438,0.9511062798650272,0.9226778035342337,0.9180327868852458,0.9135399673735728,0.5756522702292388
853,0.9808333333333333,0.9497135222048598,0.9105691056910569,0.9032258064516129,0.9497135222048598,0.9114807894046683,0.9068825910931174,0.909090909090909,0.6620012102100908
854,0.9833333333333333,0.951106279865027,0.9105691056910569,0.9256198347107438,0.9511062798650272,0.9226778035342337,0.9180327868852458,0.9135399673735728,0.5756522702292388
855,0.9825,0.9542428154086555,0.9186991869918699,0.9112903225806451,0.9542428154086554,0.9191614214529242,0.9149797570850201,0.9172077922077924,0.6044359165540479
856,0.9825,0.950642027311638,0.9105691056910569,0.9180327868852459,0.950642027311638,0.9188842796214848,0.9142857142857143,0.9120521172638435,0.6044352502228562
857,0.9841666666666666,0.9551713205154335,0.9186991869918699,0.9262295081967213,0.9551713205154336,0.9266310142609623,0.9224489795918367,0.9201954397394136,0.5468699565668133
858,0.9833333333333333,0.9547070679620445,0.9186991869918699,0.9186991869918699,0.9547070679620445,0.9228658536585366,0.91869918699187,0.9186991869918698,0.5756529365604306
859,0.9791666666666666,0.9415834409040469,0.8943089430894309,0.9016393442622951,0.9415834409040469,0.9033908103425297,0.8979591836734693,0.8957654723127036,0.7195658375349422
860,0.9825,0.9470412392146206,0.9024390243902439,0.925,0.9470412392146206,0.9187195121951219,0.9135802469135802,0.9068627450980392,0.6044345838916644
861,0.9816666666666667,0.9501777747582489,0.9105691056910569,0.9105691056910569,0.950177774758249,0.9151524390243903,0.9105691056910569,0.910569105691057,0.6332182302164736
862,0.9858333333333333,0.9597006137192292,0.926829268292683,0.9344262295081968,0.9597006137192291,0.9343777489004398,0.9306122448979592,0.9283387622149838,0.4893046629107703
863,0.9816666666666667,0.9537785628552664,0.9186991869918699,0.904,0.9537785628552664,0.9155162601626016,0.9112903225806451,0.9157212317666128,0.6332188965476654
864,0.9825,0.9542428154086555,0.9186991869918699,0.9112903225806451,0.9542428154086554,0.9191614214529242,0.9149797570850201,0.9172077922077924,0.6044359165540479
865,0.985,0.9628371492628576,0.9349593495934959,0.92,0.9628371492628576,0.9308130081300812,0.9274193548387097,0.9319286871961101,0.5180883092355796
866,0.98,0.942047693457436,0.8943089430894309,0.9090909090909091,0.9420476934574359,0.9071165927568366,0.9016393442622952,0.897226753670473,0.6907828575413248
867,0.9808333333333333,0.942511946010825,0.8943089430894309,0.9166666666666666,0.942511946010825,0.9109044715447153,0.9053497942386831,0.8986928104575165,0.6619998775477073
868,0.98,0.9456484815544535,0.9024390243902439,0.9024390243902439,0.9456484815544534,0.9074390243902438,0.9024390243902439,0.9024390243902438,0.6907835238725166
869,0.985,0.9628371492628576,0.9349593495934959,0.92,0.9628371492628576,0.9308130081300812,0.9274193548387097,0.9319286871961101,0.5180883092355796
870,0.9825,0.950642027311638,0.9105691056910569,0.9180327868852459,0.950642027311638,0.9188842796214848,0.9142857142857143,0.9120521172638435,0.6044352502228562
871,0.9825,0.9542428154086555,0.9186991869918699,0.9112903225806451,0.9542428154086554,0.9191614214529242,0.9149797570850201,0.9172077922077924,0.6044359165540479
872,0.9841666666666666,0.9551713205154335,0.9186991869918699,0.9262295081967213,0.9551713205154336,0.9266310142609623,0.9224489795918367,0.9201954397394136,0.5468699565668133
873,0.98,0.9456484815544535,0.9024390243902439,0.9024390243902439,0.9456484815544534,0.9074390243902438,0.9024390243902439,0.9024390243902438,0.6907835238725165
874,0.9841666666666666,0.9551713205154335,0.9186991869918699,0.9262295081967213,0.9551713205154336,0.9266310142609623,0.9224489795918367,0.9201954397394136,0.5468699565668131
875,0.9808333333333333,0.9497135222048598,0.9105691056910569,0.9032258064516129,0.9497135222048598,0.9114807894046683,0.9068825910931174,0.909090909090909,0.6620012102100911
876,0.98,0.9456484815544535,0.9024390243902439,0.9024390243902439,0.9456484815544534,0.9074390243902438,0.9024390243902439,0.9024390243902438,0.6907835238725166
877,0.9758333333333333,0.9289240663994384,0.8699186991869918,0.8916666666666667,0.9289240663994384,0.8874593495934959,0.8806584362139918,0.8741830065359478,0.8346957585158361
878,0.9816666666666667,0.9537785628552664,0.9186991869918699,0.904,0.9537785628552664,0.9155162601626016,0.9112903225806451,0.9157212317666128,0.6332188965476654
879,0.9816666666666667,0.9501777747582489,0.9105691056910569,0.9105691056910569,0.950177774758249,0.9151524390243903,0.9105691056910569,0.910569105691057,0.6332182302164737
880,0.985,0.9556355730688226,0.9186991869918699,0.9338842975206612,0.9556355730688226,0.9304584089229322,0.9262295081967213,0.9216965742251224,0.5180869765731959
881,0.9825,0.9470412392146206,0.9024390243902439,0.925,0.9470412392146206,0.9187195121951219,0.9135802469135802,0.9068627450980392,0.6044345838916644
882,0.9841666666666666,0.958772108612451,0.926829268292683,0.9193548387096774,0.958772108612451,0.9268420535011802,0.923076923076923,0.9253246753246753,0.546870622898005
883,0.9825,0.9470412392146206,0.9024390243902439,0.925,0.9470412392146206,0.9187195121951219,0.9135802469135802,0.9068627450980392,0.6044345838916644
884,0.98,0.9456484815544535,0.9024390243902439,0.9024390243902439,0.9456484815544534,0.9074390243902438,0.9024390243902439,0.9024390243902438,0.6907835238725166
885,0.9791666666666666,0.9451842290010644,0.9024390243902439,0.8951612903225806,0.9451842290010644,0.9038001573564123,0.8987854251012146,0.9009740259740259,0.719566503866134
886,0.9816666666666667,0.942976198564214,0.8943089430894309,0.9243697478991597,0.9429761985642141,0.9147560121609619,0.9090909090909092,0.9001636661211129,0.6332168975540899
887,0.9833333333333333,0.9619086441560794,0.9349593495934959,0.905511811023622,0.9619086441560794,0.9235689136418923,0.9199999999999999,0.9289176090468498,0.5756542692228144
888,0.9833333333333333,0.951106279865027,0.9105691056910569,0.9256198347107438,0.9511062798650272,0.9226778035342337,0.9180327868852458,0.9135399673735728,0.5756522702292388
889,0.9841666666666666,0.958772108612451,0.926829268292683,0.9193548387096774,0.958772108612451,0.9268420535011802,0.923076923076923,0.9253246753246753,0.546870622898005
890,0.9816666666666667,0.9501777747582489,0.9105691056910569,0.9105691056910569,0.950177774758249,0.9151524390243903,0.9105691056910569,0.910569105691057,0.6332182302164735
891,0.9825,0.9542428154086555,0.9186991869918699,0.9112903225806451,0.9542428154086554,0.9191614214529242,0.9149797570850201,0.9172077922077924,0.604435916554048
892,0.9833333333333333,0.951106279865027,0.9105691056910569,0.9256198347107438,0.9511062798650272,0.9226778035342337,0.9180327868852458,0.9135399673735728,0.5756522702292388
893,0.9783333333333334,0.9447199764476754,0.9024390243902439,0.888,0.9447199764476752,0.900219512195122,0.8951612903225806,0.8995137763371152,0.7483494838597514
894,0.9775,0.9370541477002514,0.8861788617886179,0.8934426229508197,0.9370541477002514,0.8956440757030522,0.8897959183673471,0.8876221498371336,0.7771311311909851
895,0.98,0.942047693457436,0.8943089430894309,0.9090909090909091,0.9420476934574359,0.9071165927568366,0.9016393442622952,0.897226753670473,0.6907828575413247
896,0.9808333333333333,0.9461127341078425,0.9024390243902439,0.9098360655737705,0.9461127341078424,0.9111375449820073,0.9061224489795918,0.9039087947882738,0.6620005438788992
897,0.9791666666666666,0.9415834409040469,0.8943089430894309,0.9016393442622951,0.9415834409040469,0.9033908103425297,0.8979591836734693,0.8957654723127036,0.7195658375349422
898,0.9825,0.9470412392146206,0.9024390243902439,0.925,0.9470412392146206,0.9187195121951219,0.9135802469135802,0.9068627450980392,0.6044345838916644
899,0.9791666666666666,0.934381864710012,0.8780487804878049,0.9152542372881356,0.934381864710012,0.9029015088879703,0.896265560165975,0.8852459016393444,0.7195645048725584
900,0.9816666666666667,0.9501777747582489,0.9105691056910569,0.9105691056910569,0.950177774758249,0.9151524390243903,0.9105691056910569,0.910569105691057,0.6332182302164735
901,0.9833333333333333,0.9547070679620445,0.9186991869918699,0.9186991869918699,0.9547070679620445,0.9228658536585366,0.91869918699187,0.9186991869918698,0.5756529365604306
902,0.985,0.9628371492628576,0.9349593495934959,0.92,0.9628371492628576,0.9308130081300812,0.9274193548387097,0.9319286871961101,0.5180883092355796
903,0.9808333333333333,0.9533143103018774,0.9186991869918699,0.8968253968253969,0.9533143103018774,0.9119289585753001,0.9076305220883534,0.9142394822006473,0.6620018765412828
904,0.9816666666666667,0.9537785628552664,0.9186991869918699,0.904,0.9537785628552664,0.9155162601626016,0.9112903225806451,0.9157212317666128,0.6332188965476654
905,0.9825,0.957843603505673,0.926829268292683,0.9047619047619048,0.9578436035056729,0.9195455865272938,0.9156626506024096,0.9223300970873785,0.6044365828852398
906,0.9808333333333333,0.9533143103018774,0.9186991869918699,0.8968253968253969,0.9533143103018774,0.9119289585753001,0.9076305220883534,0.9142394822006473,0.6620018765412828
907,0.9775,0.9406549357972689,0.8943089430894309,0.8870967741935484,0.9406549357972688,0.8961195253081564,0.8906882591093118,0.8928571428571429,0.777131797522177
908,0.9816666666666667,0.9465769866612315,0.9024390243902439,0.9173553719008265,0.9465769866612315,0.9148971981455352,0.9098360655737705,0.9053833605220227,0.6332175638852817
909,0.98,0.942047693457436,0.8943089430894309,0.9090909090909091,0.9420476934574359,0.9071165927568366,0.9016393442622952,0.897226753670473,0.6907828575413248
910,0.9816666666666667,0.9537785628552664,0.9186991869918699,0.904,0.9537785628552664,0.9155162601626016,0.9112903225806451,0.9157212317666128,0.6332188965476654
911,0.9808333333333333,0.9461127341078425,0.9024390243902439,0.9098360655737705,0.9461127341078424,0.9111375449820073,0.9061224489795918,0.9039087947882738,0.6620005438788993
912,0.9875,0.9714314831170596,0.9512195121951219,0.9285714285714286,0.9714314831170596,0.9423954703832752,0.9397590361445782,0.9466019417475727,0.4317407019171109
913,0.9808333333333333,0.9533143103018774,0.9186991869918699,0.8968253968253969,0.9533143103018774,0.9119289585753001,0.9076305220883534,0.9142394822006473,0.6620018765412828
914,0.9816666666666667,0.9501777747582489,0.9105691056910569,0.9105691056910569,0.950177774758249,0.9151524390243903,0.9105691056910569,0.910569105691057,0.6332182302164736
915,0.9816666666666667,0.9501777747582489,0.9105691056910569,0.9105691056910569,0.950177774758249,0.9151524390243903,0.9105691056910569,0.910569105691057,0.6332182302164736
916,0.9816666666666667,0.9465769866612315,0.9024390243902439,0.9173553719008265,0.9465769866612315,0.9148971981455352,0.9098360655737705,0.9053833605220227,0.6332175638852817
917,0.98,0.942047693457436,0.8943089430894309,0.9090909090909091,0.9420476934574359,0.9071165927568366,0.9016393442622952,0.897226753670473,0.6907828575413248
918,0.9791666666666666,0.9415834409040469,0.8943089430894309,0.9016393442622951,0.9415834409040469,0.9033908103425297,0.8979591836734693,0.8957654723127036,0.7195658375349422
919,0.9775,0.933453359603234,0.8780487804878049,0.9,0.9334533596032338,0.8952743902439024,0.888888888888889,0.8823529411764705,0.7771304648597932
920,0.98,0.9492492696514709,0.9105691056910569,0.896,0.9492492696514709,0.9078678861788617,0.903225806451613,0.9076175040518638,0.6907841902037084
921,0.9808333333333333,0.9497135222048598,0.9105691056910569,0.9032258064516129,0.9497135222048598,0.9114807894046683,0.9068825910931174,0.909090909090909,0.6620012102100911
922,0.98,0.934846117263401,0.8780487804878049,0.9230769230769231,0.934846117263401,0.906812851782364,0.9,0.8866995073891627,0.6907815248789411
923,0.9808333333333333,0.9533143103018774,0.9186991869918699,0.8968253968253969,0.9533143103018774,0.9119289585753001,0.9076305220883534,0.9142394822006473,0.6620018765412828
924,0.9825,0.950642027311638,0.9105691056910569,0.9180327868852459,0.950642027311638,0.9188842796214848,0.9142857142857143,0.9120521172638435,0.6044352502228562
925,0.9833333333333333,0.951106279865027,0.9105691056910569,0.9256198347107438,0.9511062798650272,0.9226778035342337,0.9180327868852458,0.9135399673735728,0.5756522702292388
926,0.9783333333333334,0.9375184002536404,0.8861788617886179,0.9008264462809917,0.9375184002536403,0.8993359873681381,0.8934426229508197,0.8890701468189234,0.7483481511973676
927,0.9775,0.933453359603234,0.8780487804878049,0.9,0.9334533596032338,0.8952743902439024,0.888888888888889,0.8823529411764705,0.7771304648597932
928,0.9841666666666666,0.951570532418416,0.9105691056910569,0.9333333333333333,0.9515705324184162,0.9265345528455284,0.9218106995884775,0.9150326797385622,0.5468692902356214
929,0.9825,0.950642027311638,0.9105691056910569,0.9180327868852459,0.950642027311638,0.9188842796214848,0.9142857142857143,0.9120521172638435,0.6044352502228562
930,0.9841666666666666,0.951570532418416,0.9105691056910569,0.9333333333333333,0.9515705324184162,0.9265345528455284,0.9218106995884775,0.9150326797385622,0.5468692902356213
931,0.9825,0.9470412392146206,0.9024390243902439,0.925,0.9470412392146206,0.9187195121951219,0.9135802469135802,0.9068627450980392,0.6044345838916644
932,0.9833333333333333,0.958307856059062,0.926829268292683,0.912,0.958307856059062,0.9231646341463414,0.9193548387096775,0.9238249594813616,0.5756536028916224
933,0.98,0.9456484815544535,0.9024390243902439,0.9024390243902439,0.9456484815544534,0.9074390243902438,0.9024390243902439,0.9024390243902438,0.6907835238725166
934,0.9833333333333333,0.9547070679620445,0.9186991869918699,0.9186991869918699,0.9547070679620445,0.9228658536585366,0.91869918699187,0.9186991869918698,0.5756529365604306
935,0.9841666666666666,0.9623728967094685,0.9349593495934959,0.9126984126984127,0.9623728967094685,0.9271622144792876,0.9236947791164658,0.9304207119741099,0.5468712892291969
936,0.9825,0.9542428154086555,0.9186991869918699,0.9112903225806451,0.9542428154086554,0.9191614214529242,0.9149797570850201,0.9172077922077924,0.604435916554048
937,0.985,0.9592363611658401,0.926829268292683,0.926829268292683,0.9592363611658401,0.930579268292683,0.926829268292683,0.926829268292683,0.5180876429043877
938,0.9841666666666666,0.958772108612451,0.926829268292683,0.9193548387096774,0.958772108612451,0.9268420535011802,0.923076923076923,0.9253246753246753,0.546870622898005
939,0.9808333333333333,0.9569150983988949,0.926829268292683,0.890625,0.9569150983988949,0.9124771341463415,0.9083665338645419,0.9193548387096776,0.6620025428724746
940,0.9816666666666667,0.9537785628552664,0.9186991869918699,0.904,0.9537785628552664,0.9155162601626016,0.9112903225806451,0.9157212317666128,0.6332188965476653
941,0.9808333333333333,0.9533143103018774,0.9186991869918699,0.8968253968253969,0.9533143103018774,0.9119289585753001,0.9076305220883534,0.9142394822006473,0.6620018765412828
942,0.9808333333333333,0.9497135222048598,0.9105691056910569,0.9032258064516129,0.9497135222048598,0.9114807894046683,0.9068825910931174,0.909090909090909,0.6620012102100911
943,0.9808333333333333,0.9533143103018774,0.9186991869918699,0.8968253968253969,0.9533143103018774,0.9119289585753001,0.9076305220883534,0.9142394822006473,0.6620018765412828
944,0.9808333333333333,0.9461127341078425,0.9024390243902439,0.9098360655737705,0.9461127341078424,0.9111375449820073,0.9061224489795918,0.9039087947882738,0.6620005438788992
945,0.9808333333333333,0.9533143103018774,0.9186991869918699,0.8968253968253969,0.9533143103018774,0.9119289585753001,0.9076305220883534,0.9142394822006473,0.6620018765412828
946,0.9808333333333333,0.942511946010825,0.8943089430894309,0.9166666666666666,0.942511946010825,0.9109044715447153,0.9053497942386831,0.8986928104575165,0.6619998775477074
947,0.9816666666666667,0.9501777747582489,0.9105691056910569,0.9105691056910569,0.950177774758249,0.9151524390243903,0.9105691056910569,0.910569105691057,0.6332182302164735
948,0.9808333333333333,0.942511946010825,0.8943089430894309,0.9166666666666666,0.942511946010825,0.9109044715447153,0.9053497942386831,0.8986928104575165,0.6619998775477073
949,0.9825,0.9542428154086555,0.9186991869918699,0.9112903225806451,0.9542428154086554,0.9191614214529242,0.9149797570850201,0.9172077922077924,0.6044359165540479
950,0.9808333333333333,0.9461127341078425,0.9024390243902439,0.9098360655737705,0.9461127341078424,0.9111375449820073,0.9061224489795918,0.9039087947882738,0.6620005438788992
951,0.9808333333333333,0.9497135222048598,0.9105691056910569,0.9032258064516129,0.9497135222048598,0.9114807894046683,0.9068825910931174,0.909090909090909,0.6620012102100911
952,0.9808333333333333,0.9497135222048598,0.9105691056910569,0.9032258064516129,0.9497135222048598,0.9114807894046683,0.9068825910931174,0.909090909090909,0.6620012102100911
953,0.9833333333333333,0.958307856059062,0.926829268292683,0.912,0.958307856059062,0.9231646341463414,0.9193548387096775,0.9238249594813616,0.5756536028916225
954,0.9816666666666667,0.9501777747582489,0.9105691056910569,0.9105691056910569,0.950177774758249,0.9151524390243903,0.9105691056910569,0.910569105691057,0.6332182302164735
955,0.9825,0.950642027311638,0.9105691056910569,0.9180327868852459,0.950642027311638,0.9188842796214848,0.9142857142857143,0.9120521172638435,0.6044352502228562
956,0.98,0.9456484815544535,0.9024390243902439,0.9024390243902439,0.9456484815544534,0.9074390243902438,0.9024390243902439,0.9024390243902438,0.6907835238725166
957,0.9833333333333333,0.9475054917680097,0.9024390243902439,0.9327731092436975,0.9475054917680096,0.9226060668169707,0.9173553719008264,0.9083469721767595,0.5756516038980469
958,0.9825,0.950642027311638,0.9105691056910569,0.9180327868852459,0.950642027311638,0.9188842796214848,0.9142857142857143,0.9120521172638435,0.6044352502228562
959,0.9833333333333333,0.9475054917680097,0.9024390243902439,0.9327731092436975,0.9475054917680096,0.9226060668169707,0.9173553719008264,0.9083469721767595,0.5756516038980469
960,0.9816666666666667,0.9501777747582489,0.9105691056910569,0.9105691056910569,0.950177774758249,0.9151524390243903,0.9105691056910569,0.910569105691057,0.6332182302164737
961,0.9808333333333333,0.9461127341078425,0.9024390243902439,0.9098360655737705,0.9461127341078424,0.9111375449820073,0.9061224489795918,0.9039087947882738,0.6620005438788992
962,0.9833333333333333,0.9547070679620445,0.9186991869918699,0.9186991869918699,0.9547070679620445,0.9228658536585366,0.91869918699187,0.9186991869918698,0.5756529365604306
963,0.98,0.9456484815544535,0.9024390243902439,0.9024390243902439,0.9456484815544534,0.9074390243902438,0.9024390243902439,0.9024390243902438,0.6907835238725166
964,0.9841666666666666,0.9551713205154335,0.9186991869918699,0.9262295081967213,0.9551713205154336,0.9266310142609623,0.9224489795918367,0.9201954397394136,0.5468699565668131
965,0.9816666666666667,0.9501777747582489,0.9105691056910569,0.9105691056910569,0.950177774758249,0.9151524390243903,0.9105691056910569,0.910569105691057,0.6332182302164736
966,0.98,0.942047693457436,0.8943089430894309,0.9090909090909091,0.9420476934574359,0.9071165927568366,0.9016393442622952,0.897226753670473,0.6907828575413248
967,0.9825,0.9542428154086555,0.9186991869918699,0.9112903225806451,0.9542428154086554,0.9191614214529242,0.9149797570850201,0.9172077922077924,0.604435916554048
968,0.9808333333333333,0.9389111579138076,0.8861788617886179,0.923728813559322,0.9389111579138076,0.9107871710073033,0.9045643153526971,0.8934426229508198,0.6619992112165155
969,0.9841666666666666,0.9659736848064859,0.943089430894309,0.90625,0.9659736848064859,0.9275863821138212,0.9243027888446216,0.9354838709677419,0.5468719555603887
970,0.9775,0.9406549357972689,0.8943089430894309,0.8870967741935484,0.9406549357972688,0.8961195253081564,0.8906882591093118,0.8928571428571429,0.777131797522177
971,0.9808333333333333,0.9497135222048598,0.9105691056910569,0.9032258064516129,0.9497135222048598,0.9114807894046683,0.9068825910931174,0.909090909090909,0.662001210210091
972,0.9816666666666667,0.9501777747582489,0.9105691056910569,0.9105691056910569,0.950177774758249,0.9151524390243903,0.9105691056910569,0.910569105691057,0.6332182302164736
973,0.9825,0.9542428154086555,0.9186991869918699,0.9112903225806451,0.9542428154086554,0.9191614214529242,0.9149797570850201,0.9172077922077924,0.6044359165540479
974,0.9791666666666666,0.9415834409040469,0.8943089430894309,0.9016393442622951,0.9415834409040469,0.9033908103425297,0.8979591836734693,0.8957654723127036,0.7195658375349422
975,0.985,0.9592363611658401,0.926829268292683,0.926829268292683,0.9592363611658401,0.930579268292683,0.926829268292683,0.926829268292683,0.5180876429043877
976,0.98,0.9456484815544535,0.9024390243902439,0.9024390243902439,0.9456484815544534,0.9074390243902438,0.9024390243902439,0.9024390243902438,0.6907835238725165
977,0.9816666666666667,0.9501777747582489,0.9105691056910569,0.9105691056910569,0.950177774758249,0.9151524390243903,0.9105691056910569,0.910569105691057,0.6332182302164737
978,0.9808333333333333,0.9461127341078425,0.9024390243902439,0.9098360655737705,0.9461127341078424,0.9111375449820073,0.9061224489795918,0.9039087947882738,0.6620005438788992
979,0.9791666666666666,0.9307810766129945,0.8699186991869918,0.9224137931034483,0.9307810766129946,0.9028329128118868,0.8953974895397491,0.8799342105263158,0.7195638385413666
980,0.9791666666666666,0.9415834409040469,0.8943089430894309,0.9016393442622951,0.9415834409040469,0.9033908103425297,0.8979591836734693,0.8957654723127036,0.7195658375349421
981,0.9808333333333333,0.9389111579138076,0.8861788617886179,0.923728813559322,0.9389111579138076,0.9107871710073033,0.9045643153526971,0.8934426229508198,0.6619992112165155
982,0.9816666666666667,0.9465769866612315,0.9024390243902439,0.9173553719008265,0.9465769866612315,0.9148971981455352,0.9098360655737705,0.9053833605220227,0.6332175638852818
983,0.9791666666666666,0.9379826528070294,0.8861788617886179,0.9083333333333333,0.9379826528070294,0.9030894308943089,0.897119341563786,0.8905228758169936,0.7195651712037503
984,0.9825,0.9542428154086555,0.9186991869918699,0.9112903225806451,0.9542428154086554,0.9191614214529242,0.9149797570850201,0.9172077922077924,0.604435916554048
985,0.9808333333333333,0.942511946010825,0.8943089430894309,0.9166666666666666,0.942511946010825,0.9109044715447153,0.9053497942386831,0.8986928104575165,0.6619998775477074
986,0.9816666666666667,0.9465769866612315,0.9024390243902439,0.9173553719008265,0.9465769866612315,0.9148971981455352,0.9098360655737705,0.9053833605220227,0.6332175638852817
987,0.985,0.9592363611658401,0.926829268292683,0.926829268292683,0.9592363611658401,0.930579268292683,0.926829268292683,0.926829268292683,0.5180876429043877
988,0.9816666666666667,0.9465769866612315,0.9024390243902439,0.9173553719008265,0.9465769866612315,0.9148971981455352,0.9098360655737705,0.9053833605220227,0.6332175638852817
989,0.985,0.966437937359875,0.943089430894309,0.9133858267716536,0.966437937359875,0.931154295499648,0.9280000000000002,0.9369951534733441,0.5180889755667714
990,0.9791666666666666,0.9415834409040469,0.8943089430894309,0.9016393442622951,0.9415834409040469,0.9033908103425297,0.8979591836734693,0.8957654723127036,0.7195658375349422
991,0.9816666666666667,0.9573793509522839,0.926829268292683,0.8976377952755905,0.9573793509522839,0.9159835317841367,0.9119999999999999,0.9208400646203554,0.6332195628788573
992,0.9825,0.9542428154086555,0.9186991869918699,0.9112903225806451,0.9542428154086554,0.9191614214529242,0.9149797570850201,0.9172077922077924,0.6044359165540479
993,0.9816666666666667,0.9501777747582489,0.9105691056910569,0.9105691056910569,0.950177774758249,0.9151524390243903,0.9105691056910569,0.910569105691057,0.6332182302164736
994,0.9833333333333333,0.958307856059062,0.926829268292683,0.912,0.958307856059062,0.9231646341463414,0.9193548387096775,0.9238249594813616,0.5756536028916224
995,0.98,0.942047693457436,0.8943089430894309,0.9090909090909091,0.9420476934574359,0.9071165927568366,0.9016393442622952,0.897226753670473,0.6907828575413248
996,0.9791666666666666,0.9415834409040469,0.8943089430894309,0.9016393442622951,0.9415834409040469,0.9033908103425297,0.8979591836734693,0.8957654723127036,0.7195658375349422
997,0.9833333333333333,0.9619086441560794,0.9349593495934959,0.905511811023622,0.9619086441560794,0.9235689136418923,0.9199999999999999,0.9289176090468498,0.5756542692228143
998,0.9833333333333333,0.9547070679620445,0.9186991869918699,0.9186991869918699,0.9547070679620445,0.9228658536585366,0.91869918699187,0.9186991869918698,0.5756529365604306
999,0.9816666666666667,0.9537785628552664,0.9186991869918699,0.904,0.9537785628552664,0.9155162601626016,0.9112903225806451,0.9157212317666128,0.6332188965476655
1000,0.9841666666666666,0.9623728967094685,0.9349593495934959,0.9126984126984127,0.9623728967094685,0.9271622144792876,0.9236947791164658,0.9304207119741099,0.5468712892291969
1001,0.98,0.942047693457436,0.8943089430894309,0.9090909090909091,0.9420476934574359,0.9071165927568366,0.9016393442622952,0.897226753670473,0.6907828575413247
1002,0.98,0.942047693457436,0.8943089430894309,0.9090909090909091,0.9420476934574359,0.9071165927568366,0.9016393442622952,0.897226753670473,0.6907828575413248
1003,0.9841666666666666,0.9623728967094685,0.9349593495934959,0.9126984126984127,0.9623728967094685,0.9271622144792876,0.9236947791164658,0.9304207119741099,0.5468712892291969
1004,0.9808333333333333,0.9389111579138076,0.8861788617886179,0.923728813559322,0.9389111579138076,0.9107871710073033,0.9045643153526971,0.8934426229508198,0.6619992112165155
1005,0.9841666666666666,0.9551713205154335,0.9186991869918699,0.9262295081967213,0.9551713205154336,0.9266310142609623,0.9224489795918367,0.9201954397394136,0.5468699565668133
1006,0.9825,0.9542428154086555,0.9186991869918699,0.9112903225806451,0.9542428154086554,0.9191614214529242,0.9149797570850201,0.9172077922077924,0.604435916554048
1007,0.9841666666666666,0.958772108612451,0.926829268292683,0.9193548387096774,0.958772108612451,0.9268420535011802,0.923076923076923,0.9253246753246753,0.546870622898005
1008,0.9791666666666666,0.9415834409040469,0.8943089430894309,0.9016393442622951,0.9415834409040469,0.9033908103425297,0.8979591836734693,0.8957654723127036,0.7195658375349422
1009,0.9816666666666667,0.9609801390493014,0.9349593495934959,0.8914728682170543,0.9609801390493015,0.9165494422386085,0.9126984126984128,0.9259259259259259,0.6332202292100491
1010,0.9783333333333334,0.9375184002536404,0.8861788617886179,0.9008264462809917,0.9375184002536403,0.8993359873681381,0.8934426229508197,0.8890701468189234,0.7483481511973676
1011,0.9791666666666666,0.934381864710012,0.8780487804878049,0.9152542372881356,0.934381864710012,0.9029015088879703,0.896265560165975,0.8852459016393444,0.7195645048725584
1012,0.9808333333333333,0.9497135222048598,0.9105691056910569,0.9032258064516129,0.9497135222048598,0.9114807894046683,0.9068825910931174,0.909090909090909,0.662001210210091
1013,0.9808333333333333,0.9497135222048598,0.9105691056910569,0.9032258064516129,0.9497135222048598,0.9114807894046683,0.9068825910931174,0.909090909090909,0.6620012102100911
1014,0.9858333333333333,0.9633014018162466,0.9349593495934959,0.9274193548387096,0.9633014018162467,0.934522685549436,0.9311740890688259,0.9334415584415584,0.4893053292419621
1015,0.9808333333333333,0.942511946010825,0.8943089430894309,0.9166666666666666,0.942511946010825,0.9109044715447153,0.9053497942386831,0.8986928104575165,0.6619998775477073
1016,0.9775,0.9370541477002514,0.8861788617886179,0.8934426229508197,0.9370541477002514,0.8956440757030522,0.8897959183673471,0.8876221498371336,0.7771311311909851
1017,0.9841666666666666,0.9623728967094685,0.9349593495934959,0.9126984126984127,0.9623728967094685,0.9271622144792876,0.9236947791164658,0.9304207119741099,0.5468712892291969
1018,0.9841666666666666,0.9623728967094685,0.9349593495934959,0.9126984126984127,0.9623728967094685,0.9271622144792876,0.9236947791164658,0.9304207119741099,0.5468712892291969
1019,0.9841666666666666,0.9623728967094685,0.9349593495934959,0.9126984126984127,0.9623728967094685,0.9271622144792876,0.9236947791164658,0.9304207119741099,0.5468712892291969
1020,0.9825,0.9542428154086555,0.9186991869918699,0.9112903225806451,0.9542428154086554,0.9191614214529242,0.9149797570850201,0.9172077922077924,0.6044359165540482
1021,0.98,0.9492492696514709,0.9105691056910569,0.896,0.9492492696514709,0.9078678861788617,0.903225806451613,0.9076175040518638,0.6907841902037084
1022,0.9833333333333333,0.951106279865027,0.9105691056910569,0.9256198347107438,0.9511062798650272,0.9226778035342337,0.9180327868852458,0.9135399673735728,0.5756522702292388
1023,0.9841666666666666,0.9623728967094685,0.9349593495934959,0.9126984126984127,0.9623728967094685,0.9271622144792876,0.9236947791164658,0.9304207119741099,0.5468712892291969
1024,0.9841666666666666,0.951570532418416,0.9105691056910569,0.9333333333333333,0.9515705324184162,0.9265345528455284,0.9218106995884775,0.9150326797385622,0.5468692902356214
1025,0.9808333333333333,0.9353103698167902,0.8780487804878049,0.9310344827586207,0.93531036981679,0.9107916316232127,0.903765690376569,0.8881578947368419,0.6619985448853236
1026,0.9833333333333333,0.958307856059062,0.926829268292683,0.912,0.958307856059062,0.9231646341463414,0.9193548387096775,0.9238249594813616,0.5756536028916224
1027,0.9816666666666667,0.9465769866612315,0.9024390243902439,0.9173553719008265,0.9465769866612315,0.9148971981455352,0.9098360655737705,0.9053833605220227,0.6332175638852817
1028,0.9816666666666667,0.9465769866612315,0.9024390243902439,0.9173553719008265,0.9465769866612315,0.9148971981455352,0.9098360655737705,0.9053833605220227,0.6332175638852817
1029,0.9825,0.950642027311638,0.9105691056910569,0.9180327868852459,0.950642027311638,0.9188842796214848,0.9142857142857143,0.9120521172638435,0.6044352502228562
1030,0.9808333333333333,0.9497135222048598,0.9105691056910569,0.9032258064516129,0.9497135222048598,0.9114807894046683,0.9068825910931174,0.909090909090909,0.662001210210091
1031,0.9841666666666666,0.951570532418416,0.9105691056910569,0.9333333333333333,0.9515705324184162,0.9265345528455284,0.9218106995884775,0.9150326797385622,0.5468692902356214
1032,0.9833333333333333,0.9547070679620445,0.9186991869918699,0.9186991869918699,0.9547070679620445,0.9228658536585366,0.91869918699187,0.9186991869918698,0.5756529365604306
1033,0.9816666666666667,0.9573793509522839,0.926829268292683,0.8976377952755905,0.9573793509522839,0.9159835317841367,0.9119999999999999,0.9208400646203554,0.6332195628788573
1034,0.9841666666666666,0.9551713205154335,0.9186991869918699,0.9262295081967213,0.9551713205154336,0.9266310142609623,0.9224489795918367,0.9201954397394136,0.5468699565668131
1035,0.9816666666666667,0.9465769866612315,0.9024390243902439,0.9173553719008265,0.9465769866612315,0.9148971981455352,0.9098360655737705,0.9053833605220227,0.6332175638852817
1036,0.9816666666666667,0.9501777747582489,0.9105691056910569,0.9105691056910569,0.950177774758249,0.9151524390243903,0.9105691056910569,0.910569105691057,0.6332182302164735
1037,0.9808333333333333,0.942511946010825,0.8943089430894309,0.9166666666666666,0.942511946010825,0.9109044715447153,0.9053497942386831,0.8986928104575165,0.6619998775477074
1038,0.98,0.942047693457436,0.8943089430894309,0.9090909090909091,0.9420476934574359,0.9071165927568366,0.9016393442622952,0.897226753670473,0.6907828575413248
1039,0.98,0.942047693457436,0.8943089430894309,0.9090909090909091,0.9420476934574359,0.9071165927568366,0.9016393442622952,0.897226753670473,0.6907828575413248
1040,0.9825,0.950642027311638,0.9105691056910569,0.9180327868852459,0.950642027311638,0.9188842796214848,0.9142857142857143,0.9120521172638435,0.6044352502228562
1041,0.985,0.9556355730688226,0.9186991869918699,0.9338842975206612,0.9556355730688226,0.9304584089229322,0.9262295081967213,0.9216965742251224,0.5180869765731958
1042,0.9825,0.9434404511176031,0.8943089430894309,0.9322033898305084,0.9434404511176032,0.9186728331266363,0.9128630705394191,0.9016393442622951,0.6044339175604726
1043,0.9841666666666666,0.9659736848064859,0.943089430894309,0.90625,0.9659736848064859,0.9275863821138212,0.9243027888446216,0.9354838709677419,0.5468719555603888
1044,0.9833333333333333,0.951106279865027,0.9105691056910569,0.9256198347107438,0.9511062798650272,0.9226778035342337,0.9180327868852458,0.9135399673735728,0.5756522702292388
1045,0.9833333333333333,0.9547070679620445,0.9186991869918699,0.9186991869918699,0.9547070679620445,0.9228658536585366,0.91869918699187,0.9186991869918698,0.5756529365604306
1046,0.9833333333333333,0.958307856059062,0.926829268292683,0.912,0.958307856059062,0.9231646341463414,0.9193548387096775,0.9238249594813616,0.5756536028916224
1047,0.9808333333333333,0.9533143103018774,0.9186991869918699,0.8968253968253969,0.9533143103018774,0.9119289585753001,0.9076305220883534,0.9142394822006473,0.6620018765412828
1048,0.985,0.9628371492628576,0.9349593495934959,0.92,0.9628371492628576,0.9308130081300812,0.9274193548387097,0.9319286871961101,0.5180883092355796
1049,0.9841666666666666,0.958772108612451,0.926829268292683,0.9193548387096774,0.958772108612451,0.9268420535011802,0.923076923076923,0.9253246753246753,0.546870622898005
1050,0.9825,0.9542428154086555,0.9186991869918699,0.9112903225806451,0.9542428154086554,0.9191614214529242,0.9149797570850201,0.9172077922077924,0.6044359165540479
1051,0.98,0.934846117263401,0.8780487804878049,0.9230769230769231,0.934846117263401,0.906812851782364,0.9,0.8866995073891627,0.6907815248789411
1052,0.9866666666666667,0.9637656543696356,0.9349593495934959,0.9349593495934959,0.9637656543696358,0.9382926829268292,0.9349593495934959,0.9349593495934958,0.4605223492483447
1053,0.9841666666666666,0.958772108612451,0.926829268292683,0.9193548387096774,0.958772108612451,0.9268420535011802,0.923076923076923,0.9253246753246753,0.546870622898005
1054,0.9858333333333333,0.9633014018162466,0.9349593495934959,0.9274193548387096,0.9633014018162467,0.934522685549436,0.9311740890688259,0.9334415584415584,0.4893053292419621
1055,0.9808333333333333,0.9497135222048598,0.9105691056910569,0.9032258064516129,0.9497135222048598,0.9114807894046683,0.9068825910931174,0.909090909090909,0.6620012102100911
1056,0.9791666666666666,0.9379826528070294,0.8861788617886179,0.9083333333333333,0.9379826528070294,0.9030894308943089,0.897119341563786,0.8905228758169936,0.7195651712037502
1057,0.9775,0.9298525715062165,0.8699186991869918,0.9067796610169492,0.9298525715062165,0.8950158467686372,0.8879668049792531,0.8770491803278687,0.7771297985286013
1058,0.9825,0.950642027311638,0.9105691056910569,0.9180327868852459,0.950642027311638,0.9188842796214848,0.9142857142857143,0.9120521172638435,0.6044352502228562
1059,0.9816666666666667,0.9501777747582489,0.9105691056910569,0.9105691056910569,0.950177774758249,0.9151524390243903,0.9105691056910569,0.910569105691057,0.6332182302164736
1060,0.9833333333333333,0.9547070679620445,0.9186991869918699,0.9186991869918699,0.9547070679620445,0.9228658536585366,0.91869918699187,0.9186991869918698,0.5756529365604306
1061,0.9841666666666666,0.958772108612451,0.926829268292683,0.9193548387096774,0.958772108612451,0.9268420535011802,0.923076923076923,0.9253246753246753,0.546870622898005
1062,0.9816666666666667,0.9501777747582489,0.9105691056910569,0.9105691056910569,0.950177774758249,0.9151524390243903,0.9105691056910569,0.910569105691057,0.6332182302164736
1063,0.985,0.9556355730688226,0.9186991869918699,0.9338842975206612,0.9556355730688226,0.9304584089229322,0.9262295081967213,0.9216965742251224,0.5180869765731958
1064,0.9841666666666666,0.958772108612451,0.926829268292683,0.9193548387096774,0.958772108612451,0.9268420535011802,0.923076923076923,0.9253246753246753,0.546870622898005
1065,0.9791666666666666,0.9415834409040469,0.8943089430894309,0.9016393442622951,0.9415834409040469,0.9033908103425297,0.8979591836734693,0.8957654723127036,0.7195658375349422
1066,0.9841666666666666,0.9551713205154335,0.9186991869918699,0.9262295081967213,0.9551713205154336,0.9266310142609623,0.9224489795918367,0.9201954397394136,0.5468699565668133
1067,0.985,0.9592363611658401,0.926829268292683,0.926829268292683,0.9592363611658401,0.930579268292683,0.926829268292683,0.926829268292683,0.5180876429043877
1068,0.9841666666666666,0.958772108612451,0.926829268292683,0.9193548387096774,0.958772108612451,0.9268420535011802,0.923076923076923,0.9253246753246753,0.546870622898005
1069,0.98,0.9384469053604185,0.8861788617886179,0.9159663865546218,0.9384469053604185,0.9069059575049532,0.9008264462809917,0.8919803600654663,0.6907821912101328
1070,0.9833333333333333,0.951106279865027,0.9105691056910569,0.9256198347107438,0.9511062798650272,0.9226778035342337,0.9180327868852458,0.9135399673735728,0.5756522702292388
1071,0.9841666666666666,0.958772108612451,0.926829268292683,0.9193548387096774,0.958772108612451,0.9268420535011802,0.923076923076923,0.9253246753246753,0.546870622898005
1072,0.98,0.9492492696514709,0.9105691056910569,0.896,0.9492492696514709,0.9078678861788617,0.903225806451613,0.9076175040518638,0.6907841902037084
1073,0.9791666666666666,0.9415834409040469,0.8943089430894309,0.9016393442622951,0.9415834409040469,0.9033908103425297,0.8979591836734693,0.8957654723127036,0.7195658375349422
1074,0.9816666666666667,0.9501777747582489,0.9105691056910569,0.9105691056910569,0.950177774758249,0.9151524390243903,0.9105691056910569,0.910569105691057,0.6332182302164735
1075,0.9825,0.950642027311638,0.9105691056910569,0.9180327868852459,0.950642027311638,0.9188842796214848,0.9142857142857143,0.9120521172638435,0.6044352502228562
1076,0.9808333333333333,0.9497135222048598,0.9105691056910569,0.9032258064516129,0.9497135222048598,0.9114807894046683,0.9068825910931174,0.909090909090909,0.662001210210091
1077,0.9808333333333333,0.9497135222048598,0.9105691056910569,0.9032258064516129,0.9497135222048598,0.9114807894046683,0.9068825910931174,0.909090909090909,0.6620012102100911
1078,0.98,0.9492492696514709,0.9105691056910569,0.896,0.9492492696514709,0.9078678861788617,0.903225806451613,0.9076175040518638,0.6907841902037084
1079,0.985,0.9592363611658401,0.926829268292683,0.926829268292683,0.9592363611658401,0.930579268292683,0.926829268292683,0.926829268292683,0.5180876429043877
1080,0.985,0.9592363611658401,0.926829268292683,0.926829268292683,0.9592363611658401,0.930579268292683,0.926829268292683,0.926829268292683,0.5180876429043877
1081,0.9816666666666667,0.9537785628552664,0.9186991869918699,0.904,0.9537785628552664,0.9155162601626016,0.9112903225806451,0.9157212317666128,0.6332188965476655
1082,0.9841666666666666,0.9659736848064859,0.943089430894309,0.90625,0.9659736848064859,0.9275863821138212,0.9243027888446216,0.9354838709677419,0.5468719555603887
1083,0.985,0.9592363611658401,0.926829268292683,0.926829268292683,0.9592363611658401,0.930579268292683,0.926829268292683,0.926829268292683,0.5180876429043877
1084,0.9825,0.9542428154086555,0.9186991869918699,0.9112903225806451,0.9542428154086554,0.9191614214529242,0.9149797570850201,0.9172077922077924,0.604435916554048
1085,0.9833333333333333,0.9547070679620445,0.9186991869918699,0.9186991869918699,0.9547070679620445,0.9228658536585366,0.91869918699187,0.9186991869918698,0.5756529365604306
1086,0.9825,0.950642027311638,0.9105691056910569,0.9180327868852459,0.950642027311638,0.9188842796214848,0.9142857142857143,0.9120521172638435,0.6044352502228562
1087,0.9833333333333333,0.9547070679620445,0.9186991869918699,0.9186991869918699,0.9547070679620445,0.9228658536585366,0.91869918699187,0.9186991869918698,0.5756529365604306
1088,0.9841666666666666,0.9551713205154335,0.9186991869918699,0.9262295081967213,0.9551713205154336,0.9266310142609623,0.9224489795918367,0.9201954397394136,0.5468699565668133
1089,0.9808333333333333,0.9389111579138076,0.8861788617886179,0.923728813559322,0.9389111579138076,0.9107871710073033,0.9045643153526971,0.8934426229508198,0.6619992112165155
1090,0.9833333333333333,0.9619086441560794,0.9349593495934959,0.905511811023622,0.9619086441560794,0.9235689136418923,0.9199999999999999,0.9289176090468498,0.5756542692228143
1091,0.9816666666666667,0.9537785628552664,0.9186991869918699,0.904,0.9537785628552664,0.9155162601626016,0.9112903225806451,0.9157212317666128,0.6332188965476655
1092,0.9866666666666667,0.9637656543696356,0.9349593495934959,0.9349593495934959,0.9637656543696358,0.9382926829268292,0.9349593495934959,0.9349593495934958,0.4605223492483447
1093,0.9825,0.9542428154086555,0.9186991869918699,0.9112903225806451,0.9542428154086554,0.9191614214529242,0.9149797570850201,0.9172077922077924,0.604435916554048
1094,0.9833333333333333,0.951106279865027,0.9105691056910569,0.9256198347107438,0.9511062798650272,0.9226778035342337,0.9180327868852458,0.9135399673735728,0.5756522702292388
1095,0.9858333333333333,0.9633014018162466,0.9349593495934959,0.9274193548387096,0.9633014018162467,0.934522685549436,0.9311740890688259,0.9334415584415584,0.489305329241962
1096,0.985,0.9556355730688226,0.9186991869918699,0.9338842975206612,0.9556355730688226,0.9304584089229322,0.9262295081967213,0.9216965742251224,0.5180869765731958
1097,0.9841666666666666,0.9479697443213986,0.9024390243902439,0.940677966101695,0.9479697443213986,0.9265584952459696,0.9211618257261411,0.9098360655737704,0.5468686239044295
1098,0.9841666666666666,0.9551713205154335,0.9186991869918699,0.9262295081967213,0.9551713205154336,0.9266310142609623,0.9224489795918367,0.9201954397394136,0.5468699565668131
1099,0.9833333333333333,0.9547070679620445,0.9186991869918699,0.9186991869918699,0.9547070679620445,0.9228658536585366,0.91869918699187,0.9186991869918698,0.5756529365604306
1100,0.9841666666666666,0.9623728967094685,0.9349593495934959,0.9126984126984127,0.9623728967094685,0.9271622144792876,0.9236947791164658,0.9304207119741099,0.5468712892291969
1101,0.98,0.9456484815544535,0.9024390243902439,0.9024390243902439,0.9456484815544534,0.9074390243902438,0.9024390243902439,0.9024390243902438,0.6907835238725166
1102,0.9833333333333333,0.951106279865027,0.9105691056910569,0.9256198347107438,0.9511062798650272,0.9226778035342337,0.9180327868852458,0.9135399673735728,0.5756522702292388
1103,0.9858333333333333,0.9597006137192292,0.926829268292683,0.9344262295081968,0.9597006137192291,0.9343777489004398,0.9306122448979592,0.9283387622149838,0.4893046629107703
1104,0.9825,0.9542428154086555,0.9186991869918699,0.9112903225806451,0.9542428154086554,0.9191614214529242,0.9149797570850201,0.9172077922077924,0.6044359165540479
1105,0.9816666666666667,0.942976198564214,0.8943089430894309,0.9243697478991597,0.9429761985642141,0.9147560121609619,0.9090909090909092,0.9001636661211129,0.6332168975540898
1106,0.9841666666666666,0.958772108612451,0.926829268292683,0.9193548387096774,0.958772108612451,0.9268420535011802,0.923076923076923,0.9253246753246753,0.546870622898005
1107,0.9825,0.9470412392146206,0.9024390243902439,0.925,0.9470412392146206,0.9187195121951219,0.9135802469135802,0.9068627450980392,0.6044345838916644
1108,0.9841666666666666,0.958772108612451,0.926829268292683,0.9193548387096774,0.958772108612451,0.9268420535011802,0.923076923076923,0.9253246753246753,0.546870622898005
1109,0.985,0.9592363611658401,0.926829268292683,0.926829268292683,0.9592363611658401,0.930579268292683,0.926829268292683,0.926829268292683,0.5180876429043877
1110,0.9825,0.9542428154086555,0.9186991869918699,0.9112903225806451,0.9542428154086554,0.9191614214529242,0.9149797570850201,0.9172077922077924,0.6044359165540479
1111,0.9825,0.9542428154086555,0.9186991869918699,0.9112903225806451,0.9542428154086554,0.9191614214529242,0.9149797570850201,0.9172077922077924,0.6044359165540479
1112,0.9858333333333333,0.9597006137192292,0.926829268292683,0.9344262295081968,0.9597006137192291,0.9343777489004398,0.9306122448979592,0.9283387622149838,0.4893046629107702
1113,0.9825,0.9434404511176031,0.8943089430894309,0.9322033898305084,0.9434404511176032,0.9186728331266363,0.9128630705394191,0.9016393442622951,0.6044339175604726
1114,0.9808333333333333,0.9533143103018774,0.9186991869918699,0.8968253968253969,0.9533143103018774,0.9119289585753001,0.9076305220883534,0.9142394822006473,0.6620018765412828
1115,0.9808333333333333,0.9461127341078425,0.9024390243902439,0.9098360655737705,0.9461127341078424,0.9111375449820073,0.9061224489795918,0.9039087947882738,0.6620005438788991
1116,0.9825,0.9470412392146206,0.9024390243902439,0.925,0.9470412392146206,0.9187195121951219,0.9135802469135802,0.9068627450980392,0.6044345838916643
1117,0.9841666666666666,0.9551713205154335,0.9186991869918699,0.9262295081967213,0.9551713205154336,0.9266310142609623,0.9224489795918367,0.9201954397394136,0.5468699565668133
1118,0.9833333333333333,0.951106279865027,0.9105691056910569,0.9256198347107438,0.9511062798650272,0.9226778035342337,0.9180327868852458,0.9135399673735728,0.5756522702292388
1119,0.9816666666666667,0.9465769866612315,0.9024390243902439,0.9173553719008265,0.9465769866612315,0.9148971981455352,0.9098360655737705,0.9053833605220227,0.6332175638852817
1120,0.9833333333333333,0.9547070679620445,0.9186991869918699,0.9186991869918699,0.9547070679620445,0.9228658536585366,0.91869918699187,0.9186991869918698,0.5756529365604306
1121,0.9833333333333333,0.958307856059062,0.926829268292683,0.912,0.958307856059062,0.9231646341463414,0.9193548387096775,0.9238249594813616,0.5756536028916224
1122,0.9816666666666667,0.9501777747582489,0.9105691056910569,0.9105691056910569,0.950177774758249,0.9151524390243903,0.9105691056910569,0.910569105691057,0.6332182302164736
1123,0.9816666666666667,0.9501777747582489,0.9105691056910569,0.9105691056910569,0.950177774758249,0.9151524390243903,0.9105691056910569,0.910569105691057,0.6332182302164736
1124,0.9841666666666666,0.9623728967094685,0.9349593495934959,0.9126984126984127,0.9623728967094685,0.9271622144792876,0.9236947791164658,0.9304207119741099,0.5468712892291969
1125,0.9825,0.950642027311638,0.9105691056910569,0.9180327868852459,0.950642027311638,0.9188842796214848,0.9142857142857143,0.9120521172638435,0.6044352502228562
1126,0.9833333333333333,0.951106279865027,0.9105691056910569,0.9256198347107438,0.9511062798650272,0.9226778035342337,0.9180327868852458,0.9135399673735728,0.5756522702292388
1127,0.9858333333333333,0.9633014018162466,0.9349593495934959,0.9274193548387096,0.9633014018162467,0.934522685549436,0.9311740890688259,0.9334415584415584,0.4893053292419621
1128,0.9833333333333333,0.951106279865027,0.9105691056910569,0.9256198347107438,0.9511062798650272,0.9226778035342337,0.9180327868852458,0.9135399673735728,0.5756522702292388
1129,0.9841666666666666,0.951570532418416,0.9105691056910569,0.9333333333333333,0.9515705324184162,0.9265345528455284,0.9218106995884775,0.9150326797385622,0.5468692902356213
1130,0.9816666666666667,0.942976198564214,0.8943089430894309,0.9243697478991597,0.9429761985642141,0.9147560121609619,0.9090909090909092,0.9001636661211129,0.6332168975540899
1131,0.9816666666666667,0.9501777747582489,0.9105691056910569,0.9105691056910569,0.950177774758249,0.9151524390243903,0.9105691056910569,0.910569105691057,0.6332182302164735
1132,0.98,0.9456484815544535,0.9024390243902439,0.9024390243902439,0.9456484815544534,0.9074390243902438,0.9024390243902439,0.9024390243902438,0.6907835238725166
1133,0.9816666666666667,0.942976198564214,0.8943089430894309,0.9243697478991597,0.9429761985642141,0.9147560121609619,0.9090909090909092,0.9001636661211129,0.6332168975540899
1134,0.985,0.9520347849718052,0.9105691056910569,0.9411764705882353,0.9520347849718052,0.9304561214729794,0.9256198347107438,0.916530278232406,0.5180863102420039
1135,0.9858333333333333,0.9597006137192292,0.926829268292683,0.9344262295081968,0.9597006137192291,0.9343777489004398,0.9306122448979592,0.9283387622149838,0.4893046629107702
1136,0.985,0.9592363611658401,0.926829268292683,0.926829268292683,0.9592363611658401,0.930579268292683,0.926829268292683,0.926829268292683,0.5180876429043877
1137,0.9841666666666666,0.9551713205154335,0.9186991869918699,0.9262295081967213,0.9551713205154336,0.9266310142609623,0.9224489795918367,0.9201954397394136,0.5468699565668133
1138,0.9841666666666666,0.9623728967094685,0.9349593495934959,0.9126984126984127,0.9623728967094685,0.9271622144792876,0.9236947791164658,0.9304207119741099,0.5468712892291969
1139,0.9808333333333333,0.942511946010825,0.8943089430894309,0.9166666666666666,0.942511946010825,0.9109044715447153,0.9053497942386831,0.8986928104575165,0.6619998775477073
1140,0.9833333333333333,0.9475054917680097,0.9024390243902439,0.9327731092436975,0.9475054917680096,0.9226060668169707,0.9173553719008264,0.9083469721767595,0.5756516038980469
1141,0.9825,0.9542428154086555,0.9186991869918699,0.9112903225806451,0.9542428154086554,0.9191614214529242,0.9149797570850201,0.9172077922077924,0.604435916554048
1142,0.9808333333333333,0.9461127341078425,0.9024390243902439,0.9098360655737705,0.9461127341078424,0.9111375449820073,0.9061224489795918,0.9039087947882738,0.6620005438788991
1143,0.985,0.9592363611658401,0.926829268292683,0.926829268292683,0.9592363611658401,0.930579268292683,0.926829268292683,0.926829268292683,0.5180876429043876
1144,0.9816666666666667,0.9501777747582489,0.9105691056910569,0.9105691056910569,0.950177774758249,0.9151524390243903,0.9105691056910569,0.910569105691057,0.6332182302164736
1145,0.985,0.9592363611658401,0.926829268292683,0.926829268292683,0.9592363611658401,0.930579268292683,0.926829268292683,0.926829268292683,0.5180876429043877
1146,0.9825,0.9470412392146206,0.9024390243902439,0.925,0.9470412392146206,0.9187195121951219,0.9135802469135802,0.9068627450980392,0.6044345838916644
1147,0.9816666666666667,0.9393754104671966,0.8861788617886179,0.9316239316239316,0.9393754104671966,0.9147347300396081,0.9083333333333333,0.8949096880131364,0.6332162312228982
1148,0.9808333333333333,0.9497135222048598,0.9105691056910569,0.9032258064516129,0.9497135222048598,0.9114807894046683,0.9068825910931174,0.909090909090909,0.6620012102100911
1149,0.9833333333333333,0.951106279865027,0.9105691056910569,0.9256198347107438,0.9511062798650272,0.9226778035342337,0.9180327868852458,0.9135399673735728,0.5756522702292388
1150,0.9816666666666667,0.942976198564214,0.8943089430894309,0.9243697478991597,0.9429761985642141,0.9147560121609619,0.9090909090909092,0.9001636661211129,0.6332168975540899
1151,0.985,0.9556355730688226,0.9186991869918699,0.9338842975206612,0.9556355730688226,0.9304584089229322,0.9262295081967213,0.9216965742251224,0.5180869765731958
1152,0.9816666666666667,0.942976198564214,0.8943089430894309,0.9243697478991597,0.9429761985642141,0.9147560121609619,0.9090909090909092,0.9001636661211129,0.6332168975540899
1153,0.9841666666666666,0.9551713205154335,0.9186991869918699,0.9262295081967213,0.9551713205154336,0.9266310142609623,0.9224489795918367,0.9201954397394136,0.5468699565668131
1154,0.9833333333333333,0.9547070679620445,0.9186991869918699,0.9186991869918699,0.9547070679620445,0.9228658536585366,0.91869918699187,0.9186991869918698,0.5756529365604306
1155,0.9825,0.9470412392146206,0.9024390243902439,0.925,0.9470412392146206,0.9187195121951219,0.9135802469135802,0.9068627450980392,0.6044345838916644
1156,0.9783333333333334,0.9303168240596055,0.8699186991869918,0.9145299145299145,0.9303168240596055,0.8988909735251197,0.8916666666666666,0.8784893267651888,0.748346818534984
1157,0.9808333333333333,0.9389111579138076,0.8861788617886179,0.923728813559322,0.9389111579138076,0.9107871710073033,0.9045643153526971,0.8934426229508198,0.6619992112165155
1158,0.9875,0.9678306950200422,0.943089430894309,0.9354838709677419,0.9678306950200422,0.9422033175976922,0.9392712550607287,0.9415584415584416,0.4317400355859191
1159,0.9816666666666667,0.9501777747582489,0.9105691056910569,0.9105691056910569,0.950177774758249,0.9151524390243903,0.9105691056910569,0.910569105691057,0.6332182302164736
1160,0.9816666666666667,0.9537785628552664,0.9186991869918699,0.904,0.9537785628552664,0.9155162601626016,0.9112903225806451,0.9157212317666128,0.6332188965476655
1161,0.9833333333333333,0.958307856059062,0.926829268292683,0.912,0.958307856059062,0.9231646341463414,0.9193548387096775,0.9238249594813616,0.5756536028916225
1162,0.9825,0.950642027311638,0.9105691056910569,0.9180327868852459,0.950642027311638,0.9188842796214848,0.9142857142857143,0.9120521172638435,0.6044352502228562
1163,0.9841666666666666,0.9551713205154335,0.9186991869918699,0.9262295081967213,0.9551713205154336,0.9266310142609623,0.9224489795918367,0.9201954397394136,0.5468699565668133
1164,0.985,0.9592363611658401,0.926829268292683,0.926829268292683,0.9592363611658401,0.930579268292683,0.926829268292683,0.926829268292683,0.5180876429043877
1165,0.9808333333333333,0.942511946010825,0.8943089430894309,0.9166666666666666,0.942511946010825,0.9109044715447153,0.9053497942386831,0.8986928104575165,0.6619998775477074
1166,0.9816666666666667,0.9465769866612315,0.9024390243902439,0.9173553719008265,0.9465769866612315,0.9148971981455352,0.9098360655737705,0.9053833605220227,0.6332175638852817
1167,0.9833333333333333,0.9475054917680097,0.9024390243902439,0.9327731092436975,0.9475054917680096,0.9226060668169707,0.9173553719008264,0.9083469721767595,0.5756516038980469
1168,0.98,0.9456484815544535,0.9024390243902439,0.9024390243902439,0.9456484815544534,0.9074390243902438,0.9024390243902439,0.9024390243902438,0.6907835238725166
1169,0.9833333333333333,0.9547070679620445,0.9186991869918699,0.9186991869918699,0.9547070679620445,0.9228658536585366,0.91869918699187,0.9186991869918698,0.5756529365604306
1170,0.9833333333333333,0.951106279865027,0.9105691056910569,0.9256198347107438,0.9511062798650272,0.9226778035342337,0.9180327868852458,0.9135399673735728,0.5756522702292388
1171,0.9833333333333333,0.951106279865027,0.9105691056910569,0.9256198347107438,0.9511062798650272,0.9226778035342337,0.9180327868852458,0.9135399673735728,0.5756522702292387
1172,0.9825,0.950642027311638,0.9105691056910569,0.9180327868852459,0.950642027311638,0.9188842796214848,0.9142857142857143,0.9120521172638435,0.6044352502228562
1173,0.9825,0.9470412392146206,0.9024390243902439,0.925,0.9470412392146206,0.9187195121951219,0.9135802469135802,0.9068627450980392,0.6044345838916644
1174,0.9825,0.950642027311638,0.9105691056910569,0.9180327868852459,0.950642027311638,0.9188842796214848,0.9142857142857143,0.9120521172638435,0.6044352502228562
1175,0.9833333333333333,0.951106279865027,0.9105691056910569,0.9256198347107438,0.9511062798650272,0.9226778035342337,0.9180327868852458,0.9135399673735728,0.5756522702292388
1176,0.9791666666666666,0.934381864710012,0.8780487804878049,0.9152542372881356,0.934381864710012,0.9029015088879703,0.896265560165975,0.8852459016393444,0.7195645048725584
1177,0.9833333333333333,0.9475054917680097,0.9024390243902439,0.9327731092436975,0.9475054917680096,0.9226060668169707,0.9173553719008264,0.9083469721767595,0.5756516038980469
1178,0.985,0.9556355730688226,0.9186991869918699,0.9338842975206612,0.9556355730688226,0.9304584089229322,0.9262295081967213,0.9216965742251224,0.5180869765731958
1179,0.9833333333333333,0.9475054917680097,0.9024390243902439,0.9327731092436975,0.9475054917680096,0.9226060668169707,0.9173553719008264,0.9083469721767595,0.575651603898047
1180,0.9791666666666666,0.9415834409040469,0.8943089430894309,0.9016393442622951,0.9415834409040469,0.9033908103425297,0.8979591836734693,0.8957654723127036,0.7195658375349422
1181,0.9808333333333333,0.9389111579138076,0.8861788617886179,0.923728813559322,0.9389111579138076,0.9107871710073033,0.9045643153526971,0.8934426229508198,0.6619992112165155
1182,0.9816666666666667,0.942976198564214,0.8943089430894309,0.9243697478991597,0.9429761985642141,0.9147560121609619,0.9090909090909092,0.9001636661211129,0.6332168975540899
1183,0.9833333333333333,0.958307856059062,0.926829268292683,0.912,0.958307856059062,0.9231646341463414,0.9193548387096775,0.9238249594813616,0.5756536028916224
1184,0.9841666666666666,0.9479697443213986,0.9024390243902439,0.940677966101695,0.9479697443213986,0.9265584952459696,0.9211618257261411,0.9098360655737704,0.5468686239044296
1185,0.9808333333333333,0.9461127341078425,0.9024390243902439,0.9098360655737705,0.9461127341078424,0.9111375449820073,0.9061224489795918,0.9039087947882738,0.6620005438788991
1186,0.9841666666666666,0.951570532418416,0.9105691056910569,0.9333333333333333,0.9515705324184162,0.9265345528455284,0.9218106995884775,0.9150326797385622,0.5468692902356214
1187,0.9833333333333333,0.9547070679620445,0.9186991869918699,0.9186991869918699,0.9547070679620445,0.9228658536585366,0.91869918699187,0.9186991869918698,0.5756529365604306
1188,0.9825,0.9470412392146206,0.9024390243902439,0.925,0.9470412392146206,0.9187195121951219,0.9135802469135802,0.9068627450980392,0.6044345838916644
1189,0.9833333333333333,0.9547070679620445,0.9186991869918699,0.9186991869918699,0.9547070679620445,0.9228658536585366,0.91869918699187,0.9186991869918698,0.5756529365604306
1190,0.9833333333333333,0.9475054917680097,0.9024390243902439,0.9327731092436975,0.9475054917680096,0.9226060668169707,0.9173553719008264,0.9083469721767595,0.5756516038980469
1191,0.9808333333333333,0.9461127341078425,0.9024390243902439,0.9098360655737705,0.9461127341078424,0.9111375449820073,0.9061224489795918,0.9039087947882738,0.6620005438788993
1192,0.9816666666666667,0.9501777747582489,0.9105691056910569,0.9105691056910569,0.950177774758249,0.9151524390243903,0.9105691056910569,0.910569105691057,0.6332182302164735
1193,0.98,0.9456484815544535,0.9024390243902439,0.9024390243902439,0.9456484815544534,0.9074390243902438,0.9024390243902439,0.9024390243902438,0.6907835238725165
1194,0.9816666666666667,0.9501777747582489,0.9105691056910569,0.9105691056910569,0.950177774758249,0.9151524390243903,0.9105691056910569,0.910569105691057,0.6332182302164737
1195,0.9825,0.9470412392146206,0.9024390243902439,0.925,0.9470412392146206,0.9187195121951219,0.9135802469135802,0.9068627450980392,0.6044345838916644
1196,0.9808333333333333,0.9461127341078425,0.9024390243902439,0.9098360655737705,0.9461127341078424,0.9111375449820073,0.9061224489795918,0.9039087947882738,0.6620005438788992
1197,0.9808333333333333,0.942511946010825,0.8943089430894309,0.9166666666666666,0.942511946010825,0.9109044715447153,0.9053497942386831,0.8986928104575165,0.6619998775477073
1198,0.9816666666666667,0.9501777747582489,0.9105691056910569,0.9105691056910569,0.950177774758249,0.9151524390243903,0.9105691056910569,0.910569105691057,0.6332182302164736
1199,0.9808333333333333,0.9497135222048598,0.9105691056910569,0.9032258064516129,0.9497135222048598,0.9114807894046683,0.9068825910931174,0.909090909090909,0.662001210210091
1200,0.9841666666666666,0.958772108612451,0.926829268292683,0.9193548387096774,0.958772108612451,0.9268420535011802,0.923076923076923,0.9253246753246753,0.546870622898005
1201,0.9833333333333333,0.951106279865027,0.9105691056910569,0.9256198347107438,0.9511062798650272,0.9226778035342337,0.9180327868852458,0.9135399673735728,0.5756522702292387
1202,0.9816666666666667,0.9393754104671966,0.8861788617886179,0.9316239316239316,0.9393754104671966,0.9147347300396081,0.9083333333333333,0.8949096880131364,0.6332162312228982
1203,0.98,0.9384469053604185,0.8861788617886179,0.9159663865546218,0.9384469053604185,0.9069059575049532,0.9008264462809917,0.8919803600654663,0.6907821912101328
1204,0.9825,0.9470412392146206,0.9024390243902439,0.925,0.9470412392146206,0.9187195121951219,0.9135802469135802,0.9068627450980392,0.6044345838916644
1205,0.9816666666666667,0.9537785628552664,0.9186991869918699,0.904,0.9537785628552664,0.9155162601626016,0.9112903225806451,0.9157212317666128,0.6332188965476654
1206,0.9825,0.950642027311638,0.9105691056910569,0.9180327868852459,0.950642027311638,0.9188842796214848,0.9142857142857143,0.9120521172638435,0.6044352502228562
1207,0.9833333333333333,0.951106279865027,0.9105691056910569,0.9256198347107438,0.9511062798650272,0.9226778035342337,0.9180327868852458,0.9135399673735728,0.5756522702292388
1208,0.9816666666666667,0.9465769866612315,0.9024390243902439,0.9173553719008265,0.9465769866612315,0.9148971981455352,0.9098360655737705,0.9053833605220227,0.6332175638852817
1209,0.9808333333333333,0.9533143103018774,0.9186991869918699,0.8968253968253969,0.9533143103018774,0.9119289585753001,0.9076305220883534,0.9142394822006473,0.6620018765412828
1210,0.9833333333333333,0.951106279865027,0.9105691056910569,0.9256198347107438,0.9511062798650272,0.9226778035342337,0.9180327868852458,0.9135399673735728,0.5756522702292387
1211,0.9816666666666667,0.9465769866612315,0.9024390243902439,0.9173553719008265,0.9465769866612315,0.9148971981455352,0.9098360655737705,0.9053833605220227,0.6332175638852817
1212,0.9841666666666666,0.951570532418416,0.9105691056910569,0.9333333333333333,0.9515705324184162,0.9265345528455284,0.9218106995884775,0.9150326797385622,0.5468692902356214
1213,0.9841666666666666,0.958772108612451,0.926829268292683,0.9193548387096774,0.958772108612451,0.9268420535011802,0.923076923076923,0.9253246753246753,0.546870622898005
1214,0.985,0.9592363611658401,0.926829268292683,0.926829268292683,0.9592363611658401,0.930579268292683,0.926829268292683,0.926829268292683,0.5180876429043877
1215,0.98,0.9384469053604185,0.8861788617886179,0.9159663865546218,0.9384469053604185,0.9069059575049532,0.9008264462809917,0.8919803600654663,0.6907821912101328
1216,0.9833333333333333,0.9547070679620445,0.9186991869918699,0.9186991869918699,0.9547070679620445,0.9228658536585366,0.91869918699187,0.9186991869918698,0.5756529365604306
1217,0.9816666666666667,0.9501777747582489,0.9105691056910569,0.9105691056910569,0.950177774758249,0.9151524390243903,0.9105691056910569,0.910569105691057,0.6332182302164737
1218,0.9816666666666667,0.9465769866612315,0.9024390243902439,0.9173553719008265,0.9465769866612315,0.9148971981455352,0.9098360655737705,0.9053833605220227,0.6332175638852817
1219,0.9825,0.9542428154086555,0.9186991869918699,0.9112903225806451,0.9542428154086554,0.9191614214529242,0.9149797570850201,0.9172077922077924,0.604435916554048
1220,0.9825,0.950642027311638,0.9105691056910569,0.9180327868852459,0.950642027311638,0.9188842796214848,0.9142857142857143,0.9120521172638435,0.6044352502228562
1221,0.9825,0.950642027311638,0.9105691056910569,0.9180327868852459,0.950642027311638,0.9188842796214848,0.9142857142857143,0.9120521172638435,0.6044352502228562
1222,0.9825,0.950642027311638,0.9105691056910569,0.9180327868852459,0.950642027311638,0.9188842796214848,0.9142857142857143,0.9120521172638435,0.6044352502228562
1223,0.9816666666666667,0.9465769866612315,0.9024390243902439,0.9173553719008265,0.9465769866612315,0.9148971981455352,0.9098360655737705,0.9053833605220227,0.6332175638852817
1224,0.9775,0.9298525715062165,0.8699186991869918,0.9067796610169492,0.9298525715062165,0.8950158467686372,0.8879668049792531,0.8770491803278687,0.7771297985286014
1225,0.9858333333333333,0.9597006137192292,0.926829268292683,0.9344262295081968,0.9597006137192291,0.9343777489004398,0.9306122448979592,0.9283387622149838,0.4893046629107702
1226,0.98,0.9456484815544535,0.9024390243902439,0.9024390243902439,0.9456484815544534,0.9074390243902438,0.9024390243902439,0.9024390243902438,0.6907835238725165
1227,0.9833333333333333,0.951106279865027,0.9105691056910569,0.9256198347107438,0.9511062798650272,0.9226778035342337,0.9180327868852458,0.9135399673735728,0.5756522702292388
1228,0.985,0.9592363611658401,0.926829268292683,0.926829268292683,0.9592363611658401,0.930579268292683,0.926829268292683,0.926829268292683,0.5180876429043877
1229,0.9833333333333333,0.9475054917680097,0.9024390243902439,0.9327731092436975,0.9475054917680096,0.9226060668169707,0.9173553719008264,0.9083469721767595,0.5756516038980469
1230,0.9808333333333333,0.942511946010825,0.8943089430894309,0.9166666666666666,0.942511946010825,0.9109044715447153,0.9053497942386831,0.8986928104575165,0.6619998775477073
1231,0.9833333333333333,0.951106279865027,0.9105691056910569,0.9256198347107438,0.9511062798650272,0.9226778035342337,0.9180327868852458,0.9135399673735728,0.5756522702292388
1232,0.9816666666666667,0.942976198564214,0.8943089430894309,0.9243697478991597,0.9429761985642141,0.9147560121609619,0.9090909090909092,0.9001636661211129,0.6332168975540899
1233,0.9825,0.9434404511176031,0.8943089430894309,0.9322033898305084,0.9434404511176032,0.9186728331266363,0.9128630705394191,0.9016393442622951,0.6044339175604726
1234,0.9816666666666667,0.9501777747582489,0.9105691056910569,0.9105691056910569,0.950177774758249,0.9151524390243903,0.9105691056910569,0.910569105691057,0.6332182302164736
1235,0.985,0.9520347849718052,0.9105691056910569,0.9411764705882353,0.9520347849718052,0.9304561214729794,0.9256198347107438,0.916530278232406,0.5180863102420039
1236,0.98,0.942047693457436,0.8943089430894309,0.9090909090909091,0.9420476934574359,0.9071165927568366,0.9016393442622952,0.897226753670473,0.6907828575413247
1237,0.9841666666666666,0.9479697443213986,0.9024390243902439,0.940677966101695,0.9479697443213986,0.9265584952459696,0.9211618257261411,0.9098360655737704,0.5468686239044295
1238,0.985,0.9556355730688226,0.9186991869918699,0.9338842975206612,0.9556355730688226,0.9304584089229322,0.9262295081967213,0.9216965742251224,0.5180869765731958
1239,0.9825,0.9434404511176031,0.8943089430894309,0.9322033898305084,0.9434404511176032,0.9186728331266363,0.9128630705394191,0.9016393442622951,0.6044339175604725
1240,0.98,0.9456484815544535,0.9024390243902439,0.9024390243902439,0.9456484815544534,0.9074390243902438,0.9024390243902439,0.9024390243902438,0.6907835238725166
1241,0.985,0.9592363611658401,0.926829268292683,0.926829268292683,0.9592363611658401,0.930579268292683,0.926829268292683,0.926829268292683,0.5180876429043876
1242,0.985,0.9592363611658401,0.926829268292683,0.926829268292683,0.9592363611658401,0.930579268292683,0.926829268292683,0.926829268292683,0.5180876429043876
1243,0.9816666666666667,0.942976198564214,0.8943089430894309,0.9243697478991597,0.9429761985642141,0.9147560121609619,0.9090909090909092,0.9001636661211129,0.6332168975540899
1244,0.9841666666666666,0.951570532418416,0.9105691056910569,0.9333333333333333,0.9515705324184162,0.9265345528455284,0.9218106995884775,0.9150326797385622,0.5468692902356214
1245,0.9783333333333334,0.933917612156623,0.8780487804878049,0.907563025210084,0.9339176121566228,0.8990559028489444,0.8925619834710744,0.8837970540098199,0.7483474848661759
1246,0.9841666666666666,0.9551713205154335,0.9186991869918699,0.9262295081967213,0.9551713205154336,0.9266310142609623,0.9224489795918367,0.9201954397394136,0.5468699565668133
1247,0.9841666666666666,0.9479697443213986,0.9024390243902439,0.940677966101695,0.9479697443213986,0.9265584952459696,0.9211618257261411,0.9098360655737704,0.5468686239044296
1248,0.985,0.9592363611658401,0.926829268292683,0.926829268292683,0.9592363611658401,0.930579268292683,0.926829268292683,0.926829268292683,0.5180876429043877
1249,0.9841666666666666,0.958772108612451,0.926829268292683,0.9193548387096774,0.958772108612451,0.9268420535011802,0.923076923076923,0.9253246753246753,0.546870622898005
1250,0.9816666666666667,0.942976198564214,0.8943089430894309,0.9243697478991597,0.9429761985642141,0.9147560121609619,0.9090909090909092,0.9001636661211129,0.6332168975540899
1251,0.9858333333333333,0.9597006137192292,0.926829268292683,0.9344262295081968,0.9597006137192291,0.9343777489004398,0.9306122448979592,0.9283387622149838,0.4893046629107702
1252,0.9833333333333333,0.9547070679620445,0.9186991869918699,0.9186991869918699,0.9547070679620445,0.9228658536585366,0.91869918699187,0.9186991869918698,0.5756529365604306
1253,0.9816666666666667,0.9501777747582489,0.9105691056910569,0.9105691056910569,0.950177774758249,0.9151524390243903,0.9105691056910569,0.910569105691057,0.6332182302164736
1254,0.9791666666666666,0.9379826528070294,0.8861788617886179,0.9083333333333333,0.9379826528070294,0.9030894308943089,0.897119341563786,0.8905228758169936,0.7195651712037503
1255,0.9825,0.950642027311638,0.9105691056910569,0.9180327868852459,0.950642027311638,0.9188842796214848,0.9142857142857143,0.9120521172638435,0.6044352502228562
1256,0.9833333333333333,0.9475054917680097,0.9024390243902439,0.9327731092436975,0.9475054917680096,0.9226060668169707,0.9173553719008264,0.9083469721767595,0.5756516038980469
1257,0.9816666666666667,0.9501777747582489,0.9105691056910569,0.9105691056910569,0.950177774758249,0.9151524390243903,0.9105691056910569,0.910569105691057,0.6332182302164736
1258,0.98,0.934846117263401,0.8780487804878049,0.9230769230769231,0.934846117263401,0.906812851782364,0.9,0.8866995073891627,0.6907815248789411
1259,0.9833333333333333,0.951106279865027,0.9105691056910569,0.9256198347107438,0.9511062798650272,0.9226778035342337,0.9180327868852458,0.9135399673735728,0.5756522702292388
1260,0.9825,0.950642027311638,0.9105691056910569,0.9180327868852459,0.950642027311638,0.9188842796214848,0.9142857142857143,0.9120521172638435,0.6044352502228562
1261,0.9841666666666666,0.9551713205154335,0.9186991869918699,0.9262295081967213,0.9551713205154336,0.9266310142609623,0.9224489795918367,0.9201954397394136,0.5468699565668133
1262,0.9841666666666666,0.958772108612451,0.926829268292683,0.9193548387096774,0.958772108612451,0.9268420535011802,0.923076923076923,0.9253246753246753,0.546870622898005
1263,0.9816666666666667,0.9465769866612315,0.9024390243902439,0.9173553719008265,0.9465769866612315,0.9148971981455352,0.9098360655737705,0.9053833605220227,0.6332175638852817
1264,0.9816666666666667,0.9393754104671966,0.8861788617886179,0.9316239316239316,0.9393754104671966,0.9147347300396081,0.9083333333333333,0.8949096880131364,0.633216231222898
1265,0.9825,0.9470412392146206,0.9024390243902439,0.925,0.9470412392146206,0.9187195121951219,0.9135802469135802,0.9068627450980392,0.6044345838916644
1266,0.9833333333333333,0.9475054917680097,0.9024390243902439,0.9327731092436975,0.9475054917680096,0.9226060668169707,0.9173553719008264,0.9083469721767595,0.5756516038980469
1267,0.9825,0.9542428154086555,0.9186991869918699,0.9112903225806451,0.9542428154086554,0.9191614214529242,0.9149797570850201,0.9172077922077924,0.6044359165540479
1268,0.9825,0.950642027311638,0.9105691056910569,0.9180327868852459,0.950642027311638,0.9188842796214848,0.9142857142857143,0.9120521172638435,0.6044352502228562
1269,0.9816666666666667,0.9501777747582489,0.9105691056910569,0.9105691056910569,0.950177774758249,0.9151524390243903,0.9105691056910569,0.910569105691057,0.6332182302164736
1270,0.9841666666666666,0.9551713205154335,0.9186991869918699,0.9262295081967213,0.9551713205154336,0.9266310142609623,0.9224489795918367,0.9201954397394136,0.5468699565668133
1271,0.985,0.9520347849718052,0.9105691056910569,0.9411764705882353,0.9520347849718052,0.9304561214729794,0.9256198347107438,0.916530278232406,0.5180863102420039
1272,0.9833333333333333,0.9547070679620445,0.9186991869918699,0.9186991869918699,0.9547070679620445,0.9228658536585366,0.91869918699187,0.9186991869918698,0.5756529365604306
1273,0.9833333333333333,0.958307856059062,0.926829268292683,0.912,0.958307856059062,0.9231646341463414,0.9193548387096775,0.9238249594813616,0.5756536028916224
1274,0.985,0.9556355730688226,0.9186991869918699,0.9338842975206612,0.9556355730688226,0.9304584089229322,0.9262295081967213,0.9216965742251224,0.5180869765731958
1275,0.9858333333333333,0.9633014018162466,0.9349593495934959,0.9274193548387096,0.9633014018162467,0.934522685549436,0.9311740890688259,0.9334415584415584,0.489305329241962
1276,0.9825,0.9434404511176031,0.8943089430894309,0.9322033898305084,0.9434404511176032,0.9186728331266363,0.9128630705394191,0.9016393442622951,0.6044339175604726
1277,0.9825,0.950642027311638,0.9105691056910569,0.9180327868852459,0.950642027311638,0.9188842796214848,0.9142857142857143,0.9120521172638435,0.6044352502228562
1278,0.9808333333333333,0.9461127341078425,0.9024390243902439,0.9098360655737705,0.9461127341078424,0.9111375449820073,0.9061224489795918,0.9039087947882738,0.6620005438788993
1279,0.9808333333333333,0.9353103698167902,0.8780487804878049,0.9310344827586207,0.93531036981679,0.9107916316232127,0.903765690376569,0.8881578947368419,0.6619985448853236
1280,0.9825,0.9470412392146206,0.9024390243902439,0.925,0.9470412392146206,0.9187195121951219,0.9135802469135802,0.9068627450980392,0.6044345838916644
1281,0.9816666666666667,0.942976198564214,0.8943089430894309,0.9243697478991597,0.9429761985642141,0.9147560121609619,0.9090909090909092,0.9001636661211129,0.6332168975540899
1282,0.9841666666666666,0.951570532418416,0.9105691056910569,0.9333333333333333,0.9515705324184162,0.9265345528455284,0.9218106995884775,0.9150326797385622,0.5468692902356214
1283,0.9825,0.950642027311638,0.9105691056910569,0.9180327868852459,0.950642027311638,0.9188842796214848,0.9142857142857143,0.9120521172638435,0.6044352502228562
1284,0.985,0.9520347849718052,0.9105691056910569,0.9411764705882353,0.9520347849718052,0.9304561214729794,0.9256198347107438,0.916530278232406,0.5180863102420039
1285,0.9833333333333333,0.951106279865027,0.9105691056910569,0.9256198347107438,0.9511062798650272,0.9226778035342337,0.9180327868852458,0.9135399673735728,0.5756522702292388
1286,0.9808333333333333,0.9497135222048598,0.9105691056910569,0.9032258064516129,0.9497135222048598,0.9114807894046683,0.9068825910931174,0.909090909090909,0.6620012102100911
1287,0.9858333333333333,0.9597006137192292,0.926829268292683,0.9344262295081968,0.9597006137192291,0.9343777489004398,0.9306122448979592,0.9283387622149838,0.4893046629107702
1288,0.9808333333333333,0.9497135222048598,0.9105691056910569,0.9032258064516129,0.9497135222048598,0.9114807894046683,0.9068825910931174,0.909090909090909,0.6620012102100911
1289,0.9841666666666666,0.951570532418416,0.9105691056910569,0.9333333333333333,0.9515705324184162,0.9265345528455284,0.9218106995884775,0.9150326797385622,0.5468692902356214
1290,0.9833333333333333,0.9475054917680097,0.9024390243902439,0.9327731092436975,0.9475054917680096,0.9226060668169707,0.9173553719008264,0.9083469721767595,0.5756516038980469
1291,0.98,0.9456484815544535,0.9024390243902439,0.9024390243902439,0.9456484815544534,0.9074390243902438,0.9024390243902439,0.9024390243902438,0.6907835238725165
1292,0.985,0.9520347849718052,0.9105691056910569,0.9411764705882353,0.9520347849718052,0.9304561214729794,0.9256198347107438,0.916530278232406,0.5180863102420039
1293,0.9833333333333333,0.9547070679620445,0.9186991869918699,0.9186991869918699,0.9547070679620445,0.9228658536585366,0.91869918699187,0.9186991869918698,0.5756529365604306
1294,0.9808333333333333,0.942511946010825,0.8943089430894309,0.9166666666666666,0.942511946010825,0.9109044715447153,0.9053497942386831,0.8986928104575165,0.6619998775477073
1295,0.9825,0.9470412392146206,0.9024390243902439,0.925,0.9470412392146206,0.9187195121951219,0.9135802469135802,0.9068627450980392,0.6044345838916644
1296,0.9825,0.950642027311638,0.9105691056910569,0.9180327868852459,0.950642027311638,0.9188842796214848,0.9142857142857143,0.9120521172638435,0.6044352502228562
1297,0.9841666666666666,0.9551713205154335,0.9186991869918699,0.9262295081967213,0.9551713205154336,0.9266310142609623,0.9224489795918367,0.9201954397394136,0.5468699565668131
1298,0.9858333333333333,0.9597006137192292,0.926829268292683,0.9344262295081968,0.9597006137192291,0.9343777489004398,0.9306122448979592,0.9283387622149838,0.4893046629107702
1299,0.9825,0.9434404511176031,0.8943089430894309,0.9322033898305084,0.9434404511176032,0.9186728331266363,0.9128630705394191,0.9016393442622951,0.6044339175604725
1300,0.9841666666666666,0.9551713205154335,0.9186991869918699,0.9262295081967213,0.9551713205154336,0.9266310142609623,0.9224489795918367,0.9201954397394136,0.5468699565668133
1301,0.9825,0.950642027311638,0.9105691056910569,0.9180327868852459,0.950642027311638,0.9188842796214848,0.9142857142857143,0.9120521172638435,0.6044352502228563
1302,0.9816666666666667,0.9465769866612315,0.9024390243902439,0.9173553719008265,0.9465769866612315,0.9148971981455352,0.9098360655737705,0.9053833605220227,0.6332175638852817
1303,0.9825,0.9542428154086555,0.9186991869918699,0.9112903225806451,0.9542428154086554,0.9191614214529242,0.9149797570850201,0.9172077922077924,0.6044359165540479
1304,0.9833333333333333,0.951106279865027,0.9105691056910569,0.9256198347107438,0.9511062798650272,0.9226778035342337,0.9180327868852458,0.9135399673735728,0.5756522702292387
1305,0.9825,0.950642027311638,0.9105691056910569,0.9180327868852459,0.950642027311638,0.9188842796214848,0.9142857142857143,0.9120521172638435,0.6044352502228562
1306,0.9841666666666666,0.9479697443213986,0.9024390243902439,0.940677966101695,0.9479697443213986,0.9265584952459696,0.9211618257261411,0.9098360655737704,0.5468686239044296
1307,0.98,0.942047693457436,0.8943089430894309,0.9090909090909091,0.9420476934574359,0.9071165927568366,0.9016393442622952,0.897226753670473,0.6907828575413246
1308,0.98,0.942047693457436,0.8943089430894309,0.9090909090909091,0.9420476934574359,0.9071165927568366,0.9016393442622952,0.897226753670473,0.6907828575413248
1309,0.9833333333333333,0.951106279865027,0.9105691056910569,0.9256198347107438,0.9511062798650272,0.9226778035342337,0.9180327868852458,0.9135399673735728,0.5756522702292387
1310,0.9825,0.9470412392146206,0.9024390243902439,0.925,0.9470412392146206,0.9187195121951219,0.9135802469135802,0.9068627450980392,0.6044345838916644
1311,0.9816666666666667,0.9501777747582489,0.9105691056910569,0.9105691056910569,0.950177774758249,0.9151524390243903,0.9105691056910569,0.910569105691057,0.6332182302164736
1312,0.9825,0.950642027311638,0.9105691056910569,0.9180327868852459,0.950642027311638,0.9188842796214848,0.9142857142857143,0.9120521172638435,0.6044352502228562
1313,0.9825,0.950642027311638,0.9105691056910569,0.9180327868852459,0.950642027311638,0.9188842796214848,0.9142857142857143,0.9120521172638435,0.6044352502228562
1314,0.9808333333333333,0.9389111579138076,0.8861788617886179,0.923728813559322,0.9389111579138076,0.9107871710073033,0.9045643153526971,0.8934426229508198,0.6619992112165155
1315,0.9841666666666666,0.9551713205154335,0.9186991869918699,0.9262295081967213,0.9551713205154336,0.9266310142609623,0.9224489795918367,0.9201954397394136,0.5468699565668133
1316,0.9816666666666667,0.942976198564214,0.8943089430894309,0.9243697478991597,0.9429761985642141,0.9147560121609619,0.9090909090909092,0.9001636661211129,0.6332168975540899
1317,0.9858333333333333,0.9560998256222116,0.9186991869918699,0.9416666666666667,0.9560998256222115,0.9343495934959349,0.9300411522633746,0.9232026143790849,0.4893039965795784
1318,0.9833333333333333,0.9547070679620445,0.9186991869918699,0.9186991869918699,0.9547070679620445,0.9228658536585366,0.91869918699187,0.9186991869918698,0.5756529365604306
1319,0.9841666666666666,0.951570532418416,0.9105691056910569,0.9333333333333333,0.9515705324184162,0.9265345528455284,0.9218106995884775,0.9150326797385622,0.5468692902356214
1320,0.9816666666666667,0.9465769866612315,0.9024390243902439,0.9173553719008265,0.9465769866612315,0.9148971981455352,0.9098360655737705,0.9053833605220227,0.6332175638852817
1321,0.9833333333333333,0.9547070679620445,0.9186991869918699,0.9186991869918699,0.9547070679620445,0.9228658536585366,0.91869918699187,0.9186991869918698,0.5756529365604306
1322,0.9808333333333333,0.942511946010825,0.8943089430894309,0.9166666666666666,0.942511946010825,0.9109044715447153,0.9053497942386831,0.8986928104575165,0.6619998775477073
1323,0.9808333333333333,0.942511946010825,0.8943089430894309,0.9166666666666666,0.942511946010825,0.9109044715447153,0.9053497942386831,0.8986928104575165,0.6619998775477073
1324,0.9816666666666667,0.942976198564214,0.8943089430894309,0.9243697478991597,0.9429761985642141,0.9147560121609619,0.9090909090909092,0.9001636661211129,0.6332168975540898
1325,0.9808333333333333,0.9461127341078425,0.9024390243902439,0.9098360655737705,0.9461127341078424,0.9111375449820073,0.9061224489795918,0.9039087947882738,0.6620005438788992
1326,0.9816666666666667,0.9393754104671966,0.8861788617886179,0.9316239316239316,0.9393754104671966,0.9147347300396081,0.9083333333333333,0.8949096880131364,0.6332162312228982
1327,0.9825,0.950642027311638,0.9105691056910569,0.9180327868852459,0.950642027311638,0.9188842796214848,0.9142857142857143,0.9120521172638435,0.6044352502228562
1328,0.9841666666666666,0.9551713205154335,0.9186991869918699,0.9262295081967213,0.9551713205154336,0.9266310142609623,0.9224489795918367,0.9201954397394136,0.5468699565668131
1329,0.9833333333333333,0.951106279865027,0.9105691056910569,0.9256198347107438,0.9511062798650272,0.9226778035342337,0.9180327868852458,0.9135399673735728,0.5756522702292388
1330,0.9825,0.9470412392146206,0.9024390243902439,0.925,0.9470412392146206,0.9187195121951219,0.9135802469135802,0.9068627450980392,0.6044345838916643
1331,0.9808333333333333,0.9389111579138076,0.8861788617886179,0.923728813559322,0.9389111579138076,0.9107871710073033,0.9045643153526971,0.8934426229508198,0.6619992112165155
1332,0.9825,0.9470412392146206,0.9024390243902439,0.925,0.9470412392146206,0.9187195121951219,0.9135802469135802,0.9068627450980392,0.6044345838916644
1333,0.9833333333333333,0.9547070679620445,0.9186991869918699,0.9186991869918699,0.9547070679620445,0.9228658536585366,0.91869918699187,0.9186991869918698,0.5756529365604306
1334,0.9825,0.9470412392146206,0.9024390243902439,0.925,0.9470412392146206,0.9187195121951219,0.9135802469135802,0.9068627450980392,0.6044345838916644
1335,0.985,0.9556355730688226,0.9186991869918699,0.9338842975206612,0.9556355730688226,0.9304584089229322,0.9262295081967213,0.9216965742251224,0.5180869765731958
1336,0.9825,0.950642027311638,0.9105691056910569,0.9180327868852459,0.950642027311638,0.9188842796214848,0.9142857142857143,0.9120521172638435,0.6044352502228562
1337,0.9841666666666666,0.9551713205154335,0.9186991869918699,0.9262295081967213,0.9551713205154336,0.9266310142609623,0.9224489795918367,0.9201954397394136,0.5468699565668131
1338,0.9825,0.950642027311638,0.9105691056910569,0.9180327868852459,0.950642027311638,0.9188842796214848,0.9142857142857143,0.9120521172638435,0.6044352502228562
1339,0.9816666666666667,0.9501777747582489,0.9105691056910569,0.9105691056910569,0.950177774758249,0.9151524390243903,0.9105691056910569,0.910569105691057,0.6332182302164735
1340,0.9791666666666666,0.9379826528070294,0.8861788617886179,0.9083333333333333,0.9379826528070294,0.9030894308943089,0.897119341563786,0.8905228758169936,0.7195651712037503
1341,0.9833333333333333,0.958307856059062,0.926829268292683,0.912,0.958307856059062,0.9231646341463414,0.9193548387096775,0.9238249594813616,0.5756536028916224
1342,0.9841666666666666,0.9551713205154335,0.9186991869918699,0.9262295081967213,0.9551713205154336,0.9266310142609623,0.9224489795918367,0.9201954397394136,0.5468699565668133
1343,0.9791666666666666,0.9379826528070294,0.8861788617886179,0.9083333333333333,0.9379826528070294,0.9030894308943089,0.897119341563786,0.8905228758169936,0.7195651712037503
1344,0.9808333333333333,0.9389111579138076,0.8861788617886179,0.923728813559322,0.9389111579138076,0.9107871710073033,0.9045643153526971,0.8934426229508198,0.6619992112165155
1345,0.9825,0.9470412392146206,0.9024390243902439,0.925,0.9470412392146206,0.9187195121951219,0.9135802469135802,0.9068627450980392,0.6044345838916643
1346,0.9833333333333333,0.9475054917680097,0.9024390243902439,0.9327731092436975,0.9475054917680096,0.9226060668169707,0.9173553719008264,0.9083469721767595,0.5756516038980469
1347,0.9825,0.950642027311638,0.9105691056910569,0.9180327868852459,0.950642027311638,0.9188842796214848,0.9142857142857143,0.9120521172638435,0.6044352502228562
1348,0.9808333333333333,0.942511946010825,0.8943089430894309,0.9166666666666666,0.942511946010825,0.9109044715447153,0.9053497942386831,0.8986928104575165,0.6619998775477073
1349,0.9783333333333334,0.9375184002536404,0.8861788617886179,0.9008264462809917,0.9375184002536403,0.8993359873681381,0.8934426229508197,0.8890701468189234,0.7483481511973676
1350,0.9833333333333333,0.951106279865027,0.9105691056910569,0.9256198347107438,0.9511062798650272,0.9226778035342337,0.9180327868852458,0.9135399673735728,0.5756522702292387
1351,0.9791666666666666,0.9415834409040469,0.8943089430894309,0.9016393442622951,0.9415834409040469,0.9033908103425297,0.8979591836734693,0.8957654723127036,0.7195658375349422
1352,0.9841666666666666,0.9551713205154335,0.9186991869918699,0.9262295081967213,0.9551713205154336,0.9266310142609623,0.9224489795918367,0.9201954397394136,0.5468699565668133
1353,0.9825,0.9470412392146206,0.9024390243902439,0.925,0.9470412392146206,0.9187195121951219,0.9135802469135802,0.9068627450980392,0.6044345838916644
1354,0.9808333333333333,0.9389111579138076,0.8861788617886179,0.923728813559322,0.9389111579138076,0.9107871710073033,0.9045643153526971,0.8934426229508198,0.6619992112165155
1355,0.9841666666666666,0.951570532418416,0.9105691056910569,0.9333333333333333,0.9515705324184162,0.9265345528455284,0.9218106995884775,0.9150326797385622,0.5468692902356214
1356,0.9858333333333333,0.9597006137192292,0.926829268292683,0.9344262295081968,0.9597006137192291,0.9343777489004398,0.9306122448979592,0.9283387622149838,0.4893046629107702
1357,0.9783333333333334,0.933917612156623,0.8780487804878049,0.907563025210084,0.9339176121566228,0.8990559028489444,0.8925619834710744,0.8837970540098199,0.7483474848661757
1358,0.985,0.9520347849718052,0.9105691056910569,0.9411764705882353,0.9520347849718052,0.9304561214729794,0.9256198347107438,0.916530278232406,0.5180863102420039
1359,0.9816666666666667,0.9465769866612315,0.9024390243902439,0.9173553719008265,0.9465769866612315,0.9148971981455352,0.9098360655737705,0.9053833605220227,0.6332175638852817
1360,0.9825,0.9542428154086555,0.9186991869918699,0.9112903225806451,0.9542428154086554,0.9191614214529242,0.9149797570850201,0.9172077922077924,0.6044359165540479
1361,0.98,0.9384469053604185,0.8861788617886179,0.9159663865546218,0.9384469053604185,0.9069059575049532,0.9008264462809917,0.8919803600654663,0.690782191210133
1362,0.9833333333333333,0.9475054917680097,0.9024390243902439,0.9327731092436975,0.9475054917680096,0.9226060668169707,0.9173553719008264,0.9083469721767595,0.5756516038980469
1363,0.9825,0.950642027311638,0.9105691056910569,0.9180327868852459,0.950642027311638,0.9188842796214848,0.9142857142857143,0.9120521172638435,0.6044352502228563
1364,0.9825,0.950642027311638,0.9105691056910569,0.9180327868852459,0.950642027311638,0.9188842796214848,0.9142857142857143,0.9120521172638435,0.6044352502228562
1365,0.9816666666666667,0.942976198564214,0.8943089430894309,0.9243697478991597,0.9429761985642141,0.9147560121609619,0.9090909090909092,0.9001636661211129,0.6332168975540899
1366,0.9825,0.950642027311638,0.9105691056910569,0.9180327868852459,0.950642027311638,0.9188842796214848,0.9142857142857143,0.9120521172638435,0.6044352502228562
1367,0.9825,0.9470412392146206,0.9024390243902439,0.925,0.9470412392146206,0.9187195121951219,0.9135802469135802,0.9068627450980392,0.6044345838916644
1368,0.9783333333333334,0.9303168240596055,0.8699186991869918,0.9145299145299145,0.9303168240596055,0.8988909735251197,0.8916666666666666,0.8784893267651888,0.7483468185349841
1369,0.985,0.9592363611658401,0.926829268292683,0.926829268292683,0.9592363611658401,0.930579268292683,0.926829268292683,0.926829268292683,0.5180876429043876
1370,0.9783333333333334,0.933917612156623,0.8780487804878049,0.907563025210084,0.9339176121566228,0.8990559028489444,0.8925619834710744,0.8837970540098199,0.7483474848661759
1371,0.9825,0.9434404511176031,0.8943089430894309,0.9322033898305084,0.9434404511176032,0.9186728331266363,0.9128630705394191,0.9016393442622951,0.6044339175604726
1372,0.9833333333333333,0.9475054917680097,0.9024390243902439,0.9327731092436975,0.9475054917680096,0.9226060668169707,0.9173553719008264,0.9083469721767595,0.5756516038980469
1373,0.9808333333333333,0.942511946010825,0.8943089430894309,0.9166666666666666,0.942511946010825,0.9109044715447153,0.9053497942386831,0.8986928104575165,0.6619998775477073
1374,0.9816666666666667,0.942976198564214,0.8943089430894309,0.9243697478991597,0.9429761985642141,0.9147560121609619,0.9090909090909092,0.9001636661211129,0.6332168975540899
1375,0.9825,0.9542428154086555,0.9186991869918699,0.9112903225806451,0.9542428154086554,0.9191614214529242,0.9149797570850201,0.9172077922077924,0.604435916554048
1376,0.9808333333333333,0.942511946010825,0.8943089430894309,0.9166666666666666,0.942511946010825,0.9109044715447153,0.9053497942386831,0.8986928104575165,0.6619998775477073
1377,0.9833333333333333,0.951106279865027,0.9105691056910569,0.9256198347107438,0.9511062798650272,0.9226778035342337,0.9180327868852458,0.9135399673735728,0.5756522702292387
1378,0.9791666666666666,0.9379826528070294,0.8861788617886179,0.9083333333333333,0.9379826528070294,0.9030894308943089,0.897119341563786,0.8905228758169936,0.7195651712037503
1379,0.9808333333333333,0.942511946010825,0.8943089430894309,0.9166666666666666,0.942511946010825,0.9109044715447153,0.9053497942386831,0.8986928104575165,0.6619998775477073
1380,0.9791666666666666,0.934381864710012,0.8780487804878049,0.9152542372881356,0.934381864710012,0.9029015088879703,0.896265560165975,0.8852459016393444,0.7195645048725584
1381,0.9816666666666667,0.9465769866612315,0.9024390243902439,0.9173553719008265,0.9465769866612315,0.9148971981455352,0.9098360655737705,0.9053833605220227,0.6332175638852818
1382,0.9833333333333333,0.9547070679620445,0.9186991869918699,0.9186991869918699,0.9547070679620445,0.9228658536585366,0.91869918699187,0.9186991869918698,0.5756529365604306
1383,0.9816666666666667,0.9465769866612315,0.9024390243902439,0.9173553719008265,0.9465769866612315,0.9148971981455352,0.9098360655737705,0.9053833605220227,0.6332175638852817
1384,0.9833333333333333,0.951106279865027,0.9105691056910569,0.9256198347107438,0.9511062798650272,0.9226778035342337,0.9180327868852458,0.9135399673735728,0.5756522702292388
1385,0.9833333333333333,0.951106279865027,0.9105691056910569,0.9256198347107438,0.9511062798650272,0.9226778035342337,0.9180327868852458,0.9135399673735728,0.5756522702292387
1386,0.9833333333333333,0.9475054917680097,0.9024390243902439,0.9327731092436975,0.9475054917680096,0.9226060668169707,0.9173553719008264,0.9083469721767595,0.5756516038980469
1387,0.9816666666666667,0.942976198564214,0.8943089430894309,0.9243697478991597,0.9429761985642141,0.9147560121609619,0.9090909090909092,0.9001636661211129,0.6332168975540899
1388,0.9816666666666667,0.942976198564214,0.8943089430894309,0.9243697478991597,0.9429761985642141,0.9147560121609619,0.9090909090909092,0.9001636661211129,0.6332168975540899
1389,0.9808333333333333,0.9461127341078425,0.9024390243902439,0.9098360655737705,0.9461127341078424,0.9111375449820073,0.9061224489795918,0.9039087947882738,0.6620005438788992
1390,0.9833333333333333,0.951106279865027,0.9105691056910569,0.9256198347107438,0.9511062798650272,0.9226778035342337,0.9180327868852458,0.9135399673735728,0.5756522702292388
1391,0.9808333333333333,0.9389111579138076,0.8861788617886179,0.923728813559322,0.9389111579138076,0.9107871710073033,0.9045643153526971,0.8934426229508198,0.6619992112165155
1392,0.9841666666666666,0.951570532418416,0.9105691056910569,0.9333333333333333,0.9515705324184162,0.9265345528455284,0.9218106995884775,0.9150326797385622,0.5468692902356214
1393,0.9825,0.9470412392146206,0.9024390243902439,0.925,0.9470412392146206,0.9187195121951219,0.9135802469135802,0.9068627450980392,0.6044345838916644
1394,0.9816666666666667,0.9501777747582489,0.9105691056910569,0.9105691056910569,0.950177774758249,0.9151524390243903,0.9105691056910569,0.910569105691057,0.6332182302164736
1395,0.9825,0.9398396630205856,0.8861788617886179,0.9396551724137931,0.9398396630205856,0.9187503504345389,0.9121338912133892,0.8963815789473685,0.6044332512292808
1396,0.9841666666666666,0.9551713205154335,0.9186991869918699,0.9262295081967213,0.9551713205154336,0.9266310142609623,0.9224489795918367,0.9201954397394136,0.5468699565668133
1397,0.9825,0.9398396630205856,0.8861788617886179,0.9396551724137931,0.9398396630205856,0.9187503504345389,0.9121338912133892,0.8963815789473685,0.6044332512292807
1398,0.9841666666666666,0.9551713205154335,0.9186991869918699,0.9262295081967213,0.9551713205154336,0.9266310142609623,0.9224489795918367,0.9201954397394136,0.5468699565668133
1399,0.9841666666666666,0.9551713205154335,0.9186991869918699,0.9262295081967213,0.9551713205154336,0.9266310142609623,0.9224489795918367,0.9201954397394136,0.5468699565668133
1400,0.985,0.9520347849718052,0.9105691056910569,0.9411764705882353,0.9520347849718052,0.9304561214729794,0.9256198347107438,0.916530278232406,0.5180863102420039
1401,0.98,0.9384469053604185,0.8861788617886179,0.9159663865546218,0.9384469053604185,0.9069059575049532,0.9008264462809917,0.8919803600654663,0.6907821912101328
1402,0.9825,0.9470412392146206,0.9024390243902439,0.925,0.9470412392146206,0.9187195121951219,0.9135802469135802,0.9068627450980392,0.6044345838916644
1403,0.98,0.9384469053604185,0.8861788617886179,0.9159663865546218,0.9384469053604185,0.9069059575049532,0.9008264462809917,0.8919803600654663,0.6907821912101328
1404,0.9833333333333333,0.9547070679620445,0.9186991869918699,0.9186991869918699,0.9547070679620445,0.9228658536585366,0.91869918699187,0.9186991869918698,0.5756529365604306
1405,0.9825,0.950642027311638,0.9105691056910569,0.9180327868852459,0.950642027311638,0.9188842796214848,0.9142857142857143,0.9120521172638435,0.6044352502228562
1406,0.98,0.9312453291663836,0.8699186991869918,0.9304347826086956,0.9312453291663836,0.9068434075645104,0.8991596638655462,0.8813838550247116,0.6907808585477492
1407,0.9808333333333333,0.942511946010825,0.8943089430894309,0.9166666666666666,0.942511946010825,0.9109044715447153,0.9053497942386831,0.8986928104575165,0.6619998775477073
1408,0.9808333333333333,0.942511946010825,0.8943089430894309,0.9166666666666666,0.942511946010825,0.9109044715447153,0.9053497942386831,0.8986928104575165,0.6619998775477073
1409,0.9808333333333333,0.9389111579138076,0.8861788617886179,0.923728813559322,0.9389111579138076,0.9107871710073033,0.9045643153526971,0.8934426229508198,0.6619992112165155
1410,0.9816666666666667,0.9465769866612315,0.9024390243902439,0.9173553719008265,0.9465769866612315,0.9148971981455352,0.9098360655737705,0.9053833605220227,0.6332175638852818
1411,0.9783333333333334,0.933917612156623,0.8780487804878049,0.907563025210084,0.9339176121566228,0.8990559028489444,0.8925619834710744,0.8837970540098199,0.7483474848661759
1412,0.985,0.9628371492628576,0.9349593495934959,0.92,0.9628371492628576,0.9308130081300812,0.9274193548387097,0.9319286871961101,0.5180883092355795
1413,0.9825,0.9470412392146206,0.9024390243902439,0.925,0.9470412392146206,0.9187195121951219,0.9135802469135802,0.9068627450980392,0.6044345838916644
1414,0.9833333333333333,0.951106279865027,0.9105691056910569,0.9256198347107438,0.9511062798650272,0.9226778035342337,0.9180327868852458,0.9135399673735728,0.5756522702292388
1415,0.9816666666666667,0.942976198564214,0.8943089430894309,0.9243697478991597,0.9429761985642141,0.9147560121609619,0.9090909090909092,0.9001636661211129,0.6332168975540899
1416,0.98,0.9384469053604185,0.8861788617886179,0.9159663865546218,0.9384469053604185,0.9069059575049532,0.9008264462809917,0.8919803600654663,0.6907821912101328
1417,0.9825,0.950642027311638,0.9105691056910569,0.9180327868852459,0.950642027311638,0.9188842796214848,0.9142857142857143,0.9120521172638435,0.6044352502228562
1418,0.9816666666666667,0.9465769866612315,0.9024390243902439,0.9173553719008265,0.9465769866612315,0.9148971981455352,0.9098360655737705,0.9053833605220227,0.6332175638852817
1419,0.9825,0.9434404511176031,0.8943089430894309,0.9322033898305084,0.9434404511176032,0.9186728331266363,0.9128630705394191,0.9016393442622951,0.6044339175604726
1420,0.9833333333333333,0.951106279865027,0.9105691056910569,0.9256198347107438,0.9511062798650272,0.9226778035342337,0.9180327868852458,0.9135399673735728,0.5756522702292388
1421,0.9816666666666667,0.9465769866612315,0.9024390243902439,0.9173553719008265,0.9465769866612315,0.9148971981455352,0.9098360655737705,0.9053833605220227,0.6332175638852817
1422,0.9825,0.950642027311638,0.9105691056910569,0.9180327868852459,0.950642027311638,0.9188842796214848,0.9142857142857143,0.9120521172638435,0.6044352502228562
1423,0.9825,0.9470412392146206,0.9024390243902439,0.925,0.9470412392146206,0.9187195121951219,0.9135802469135802,0.9068627450980392,0.6044345838916643
1424,0.9816666666666667,0.9465769866612315,0.9024390243902439,0.9173553719008265,0.9465769866612315,0.9148971981455352,0.9098360655737705,0.9053833605220227,0.6332175638852817
1425,0.9825,0.9470412392146206,0.9024390243902439,0.925,0.9470412392146206,0.9187195121951219,0.9135802469135802,0.9068627450980392,0.6044345838916644
1426,0.9841666666666666,0.951570532418416,0.9105691056910569,0.9333333333333333,0.9515705324184162,0.9265345528455284,0.9218106995884775,0.9150326797385622,0.5468692902356214
1427,0.98,0.9384469053604185,0.8861788617886179,0.9159663865546218,0.9384469053604185,0.9069059575049532,0.9008264462809917,0.8919803600654663,0.690782191210133
1428,0.9816666666666667,0.942976198564214,0.8943089430894309,0.9243697478991597,0.9429761985642141,0.9147560121609619,0.9090909090909092,0.9001636661211129,0.6332168975540899
1429,0.9833333333333333,0.951106279865027,0.9105691056910569,0.9256198347107438,0.9511062798650272,0.9226778035342337,0.9180327868852458,0.9135399673735728,0.5756522702292388
1430,0.9825,0.9434404511176031,0.8943089430894309,0.9322033898305084,0.9434404511176032,0.9186728331266363,0.9128630705394191,0.9016393442622951,0.6044339175604726
1431,0.9816666666666667,0.9393754104671966,0.8861788617886179,0.9316239316239316,0.9393754104671966,0.9147347300396081,0.9083333333333333,0.8949096880131364,0.6332162312228982
1432,0.9816666666666667,0.9465769866612315,0.9024390243902439,0.9173553719008265,0.9465769866612315,0.9148971981455352,0.9098360655737705,0.9053833605220227,0.6332175638852817
1433,0.98,0.942047693457436,0.8943089430894309,0.9090909090909091,0.9420476934574359,0.9071165927568366,0.9016393442622952,0.897226753670473,0.6907828575413247
1434,0.9816666666666667,0.9465769866612315,0.9024390243902439,0.9173553719008265,0.9465769866612315,0.9148971981455352,0.9098360655737705,0.9053833605220227,0.6332175638852817
1435,0.9825,0.950642027311638,0.9105691056910569,0.9180327868852459,0.950642027311638,0.9188842796214848,0.9142857142857143,0.9120521172638435,0.6044352502228562
1436,0.9816666666666667,0.9501777747582489,0.9105691056910569,0.9105691056910569,0.950177774758249,0.9151524390243903,0.9105691056910569,0.910569105691057,0.6332182302164736
1437,0.9841666666666666,0.9479697443213986,0.9024390243902439,0.940677966101695,0.9479697443213986,0.9265584952459696,0.9211618257261411,0.9098360655737704,0.5468686239044295
1438,0.9858333333333333,0.9597006137192292,0.926829268292683,0.9344262295081968,0.9597006137192291,0.9343777489004398,0.9306122448979592,0.9283387622149838,0.4893046629107702
1439,0.9833333333333333,0.9475054917680097,0.9024390243902439,0.9327731092436975,0.9475054917680096,0.9226060668169707,0.9173553719008264,0.9083469721767595,0.5756516038980469
1440,0.9825,0.9434404511176031,0.8943089430894309,0.9322033898305084,0.9434404511176032,0.9186728331266363,0.9128630705394191,0.9016393442622951,0.6044339175604725
1441,0.9816666666666667,0.942976198564214,0.8943089430894309,0.9243697478991597,0.9429761985642141,0.9147560121609619,0.9090909090909092,0.9001636661211129,0.6332168975540899
1442,0.9833333333333333,0.951106279865027,0.9105691056910569,0.9256198347107438,0.9511062798650272,0.9226778035342337,0.9180327868852458,0.9135399673735728,0.5756522702292388
1443,0.985,0.9592363611658401,0.926829268292683,0.926829268292683,0.9592363611658401,0.930579268292683,0.926829268292683,0.926829268292683,0.5180876429043877
1444,0.9858333333333333,0.9597006137192292,0.926829268292683,0.9344262295081968,0.9597006137192291,0.9343777489004398,0.9306122448979592,0.9283387622149838,0.4893046629107702
1445,0.98,0.9384469053604185,0.8861788617886179,0.9159663865546218,0.9384469053604185,0.9069059575049532,0.9008264462809917,0.8919803600654663,0.690782191210133
1446,0.9816666666666667,0.9465769866612315,0.9024390243902439,0.9173553719008265,0.9465769866612315,0.9148971981455352,0.9098360655737705,0.9053833605220227,0.6332175638852817
1447,0.9841666666666666,0.958772108612451,0.926829268292683,0.9193548387096774,0.958772108612451,0.9268420535011802,0.923076923076923,0.9253246753246753,0.546870622898005
1448,0.9841666666666666,0.951570532418416,0.9105691056910569,0.9333333333333333,0.9515705324184162,0.9265345528455284,0.9218106995884775,0.9150326797385622,0.5468692902356214
1449,0.9858333333333333,0.9560998256222116,0.9186991869918699,0.9416666666666667,0.9560998256222115,0.9343495934959349,0.9300411522633746,0.9232026143790849,0.4893039965795784
1450,0.9841666666666666,0.9479697443213986,0.9024390243902439,0.940677966101695,0.9479697443213986,0.9265584952459696,0.9211618257261411,0.9098360655737704,0.5468686239044296
1451,0.9825,0.9470412392146206,0.9024390243902439,0.925,0.9470412392146206,0.9187195121951219,0.9135802469135802,0.9068627450980392,0.6044345838916644
1452,0.9816666666666667,0.9393754104671966,0.8861788617886179,0.9316239316239316,0.9393754104671966,0.9147347300396081,0.9083333333333333,0.8949096880131364,0.633216231222898
1453,0.9825,0.950642027311638,0.9105691056910569,0.9180327868852459,0.950642027311638,0.9188842796214848,0.9142857142857143,0.9120521172638435,0.6044352502228562
1454,0.9825,0.9470412392146206,0.9024390243902439,0.925,0.9470412392146206,0.9187195121951219,0.9135802469135802,0.9068627450980392,0.6044345838916644
1455,0.9833333333333333,0.9547070679620445,0.9186991869918699,0.9186991869918699,0.9547070679620445,0.9228658536585366,0.91869918699187,0.9186991869918698,0.5756529365604306
1456,0.985,0.9556355730688226,0.9186991869918699,0.9338842975206612,0.9556355730688226,0.9304584089229322,0.9262295081967213,0.9216965742251224,0.5180869765731958
1457,0.9833333333333333,0.9547070679620445,0.9186991869918699,0.9186991869918699,0.9547070679620445,0.9228658536585366,0.91869918699187,0.9186991869918698,0.5756529365604306
1458,0.9825,0.9470412392146206,0.9024390243902439,0.925,0.9470412392146206,0.9187195121951219,0.9135802469135802,0.9068627450980392,0.6044345838916644
1459,0.985,0.9556355730688226,0.9186991869918699,0.9338842975206612,0.9556355730688226,0.9304584089229322,0.9262295081967213,0.9216965742251224,0.5180869765731958
1460,0.9841666666666666,0.958772108612451,0.926829268292683,0.9193548387096774,0.958772108612451,0.9268420535011802,0.923076923076923,0.9253246753246753,0.546870622898005
1461,0.9816666666666667,0.9465769866612315,0.9024390243902439,0.9173553719008265,0.9465769866612315,0.9148971981455352,0.9098360655737705,0.9053833605220227,0.6332175638852817
1462,0.9841666666666666,0.951570532418416,0.9105691056910569,0.9333333333333333,0.9515705324184162,0.9265345528455284,0.9218106995884775,0.9150326797385622,0.5468692902356214
1463,0.9825,0.9470412392146206,0.9024390243902439,0.925,0.9470412392146206,0.9187195121951219,0.9135802469135802,0.9068627450980392,0.6044345838916644
1464,0.9833333333333333,0.9475054917680097,0.9024390243902439,0.9327731092436975,0.9475054917680096,0.9226060668169707,0.9173553719008264,0.9083469721767595,0.575651603898047
1465,0.985,0.9556355730688226,0.9186991869918699,0.9338842975206612,0.9556355730688226,0.9304584089229322,0.9262295081967213,0.9216965742251224,0.5180869765731958
1466,0.9816666666666667,0.942976198564214,0.8943089430894309,0.9243697478991597,0.9429761985642141,0.9147560121609619,0.9090909090909092,0.9001636661211129,0.6332168975540899
1467,0.9841666666666666,0.9551713205154335,0.9186991869918699,0.9262295081967213,0.9551713205154336,0.9266310142609623,0.9224489795918367,0.9201954397394136,0.5468699565668133
1468,0.9833333333333333,0.9547070679620445,0.9186991869918699,0.9186991869918699,0.9547070679620445,0.9228658536585366,0.91869918699187,0.9186991869918698,0.5756529365604306
1469,0.9841666666666666,0.9551713205154335,0.9186991869918699,0.9262295081967213,0.9551713205154336,0.9266310142609623,0.9224489795918367,0.9201954397394136,0.5468699565668133
1470,0.98,0.9384469053604185,0.8861788617886179,0.9159663865546218,0.9384469053604185,0.9069059575049532,0.9008264462809917,0.8919803600654663,0.6907821912101328
1471,0.9808333333333333,0.942511946010825,0.8943089430894309,0.9166666666666666,0.942511946010825,0.9109044715447153,0.9053497942386831,0.8986928104575165,0.6619998775477073
1472,0.9825,0.950642027311638,0.9105691056910569,0.9180327868852459,0.950642027311638,0.9188842796214848,0.9142857142857143,0.9120521172638435,0.6044352502228562
1473,0.9833333333333333,0.9475054917680097,0.9024390243902439,0.9327731092436975,0.9475054917680096,0.9226060668169707,0.9173553719008264,0.9083469721767595,0.5756516038980469
1474,0.98,0.942047693457436,0.8943089430894309,0.9090909090909091,0.9420476934574359,0.9071165927568366,0.9016393442622952,0.897226753670473,0.6907828575413248
1475,0.9841666666666666,0.9551713205154335,0.9186991869918699,0.9262295081967213,0.9551713205154336,0.9266310142609623,0.9224489795918367,0.9201954397394136,0.5468699565668133
1476,0.9825,0.9434404511176031,0.8943089430894309,0.9322033898305084,0.9434404511176032,0.9186728331266363,0.9128630705394191,0.9016393442622951,0.6044339175604725
1477,0.9816666666666667,0.9465769866612315,0.9024390243902439,0.9173553719008265,0.9465769866612315,0.9148971981455352,0.9098360655737705,0.9053833605220227,0.6332175638852817
1478,0.985,0.9556355730688226,0.9186991869918699,0.9338842975206612,0.9556355730688226,0.9304584089229322,0.9262295081967213,0.9216965742251224,0.5180869765731958
1479,0.98,0.9456484815544535,0.9024390243902439,0.9024390243902439,0.9456484815544534,0.9074390243902438,0.9024390243902439,0.9024390243902438,0.6907835238725166
1480,0.9825,0.9470412392146206,0.9024390243902439,0.925,0.9470412392146206,0.9187195121951219,0.9135802469135802,0.9068627450980392,0.6044345838916644
1481,0.9808333333333333,0.9389111579138076,0.8861788617886179,0.923728813559322,0.9389111579138076,0.9107871710073033,0.9045643153526971,0.8934426229508198,0.6619992112165155
1482,0.9816666666666667,0.942976198564214,0.8943089430894309,0.9243697478991597,0.9429761985642141,0.9147560121609619,0.9090909090909092,0.9001636661211129,0.6332168975540899
1483,0.9825,0.950642027311638,0.9105691056910569,0.9180327868852459,0.950642027311638,0.9188842796214848,0.9142857142857143,0.9120521172638435,0.6044352502228562
1484,0.985,0.9592363611658401,0.926829268292683,0.926829268292683,0.9592363611658401,0.930579268292683,0.926829268292683,0.926829268292683,0.5180876429043877
1485,0.9808333333333333,0.942511946010825,0.8943089430894309,0.9166666666666666,0.942511946010825,0.9109044715447153,0.9053497942386831,0.8986928104575165,0.6619998775477073
1486,0.9816666666666667,0.9393754104671966,0.8861788617886179,0.9316239316239316,0.9393754104671966,0.9147347300396081,0.9083333333333333,0.8949096880131364,0.6332162312228982
1487,0.9825,0.9470412392146206,0.9024390243902439,0.925,0.9470412392146206,0.9187195121951219,0.9135802469135802,0.9068627450980392,0.6044345838916644
1488,0.9816666666666667,0.9465769866612315,0.9024390243902439,0.9173553719008265,0.9465769866612315,0.9148971981455352,0.9098360655737705,0.9053833605220227,0.6332175638852817
1489,0.9816666666666667,0.9465769866612315,0.9024390243902439,0.9173553719008265,0.9465769866612315,0.9148971981455352,0.9098360655737705,0.9053833605220227,0.6332175638852817
1490,0.9816666666666667,0.9465769866612315,0.9024390243902439,0.9173553719008265,0.9465769866612315,0.9148971981455352,0.9098360655737705,0.9053833605220227,0.6332175638852817
1491,0.9825,0.9470412392146206,0.9024390243902439,0.925,0.9470412392146206,0.9187195121951219,0.9135802469135802,0.9068627450980392,0.6044345838916643
1492,0.9833333333333333,0.951106279865027,0.9105691056910569,0.9256198347107438,0.9511062798650272,0.9226778035342337,0.9180327868852458,0.9135399673735728,0.5756522702292387
1493,0.9808333333333333,0.942511946010825,0.8943089430894309,0.9166666666666666,0.942511946010825,0.9109044715447153,0.9053497942386831,0.8986928104575165,0.6619998775477073
1494,0.9825,0.9434404511176031,0.8943089430894309,0.9322033898305084,0.9434404511176032,0.9186728331266363,0.9128630705394191,0.9016393442622951,0.6044339175604725
1495,0.9825,0.950642027311638,0.9105691056910569,0.9180327868852459,0.950642027311638,0.9188842796214848,0.9142857142857143,0.9120521172638435,0.6044352502228562
1496,0.9783333333333334,0.9375184002536404,0.8861788617886179,0.9008264462809917,0.9375184002536403,0.8993359873681381,0.8934426229508197,0.8890701468189234,0.7483481511973676
1497,0.9825,0.9470412392146206,0.9024390243902439,0.925,0.9470412392146206,0.9187195121951219,0.9135802469135802,0.9068627450980392,0.6044345838916644
1498,0.9808333333333333,0.9353103698167902,0.8780487804878049,0.9310344827586207,0.93531036981679,0.9107916316232127,0.903765690376569,0.8881578947368419,0.6619985448853236
1499,0.9808333333333333,0.9497135222048598,0.9105691056910569,0.9032258064516129,0.9497135222048598,0.9114807894046683,0.9068825910931174,0.909090909090909,0.662001210210091
1500,0.98,0.9384469053604185,0.8861788617886179,0.9159663865546218,0.9384469053604185,0.9069059575049532,0.9008264462809917,0.8919803600654663,0.6907821912101328
1501,0.9816666666666667,0.9465769866612315,0.9024390243902439,0.9173553719008265,0.9465769866612315,0.9148971981455352,0.9098360655737705,0.9053833605220227,0.6332175638852817
1502,0.9833333333333333,0.9475054917680097,0.9024390243902439,0.9327731092436975,0.9475054917680096,0.9226060668169707,0.9173553719008264,0.9083469721767595,0.5756516038980469
1503,0.9825,0.9470412392146206,0.9024390243902439,0.925,0.9470412392146206,0.9187195121951219,0.9135802469135802,0.9068627450980392,0.6044345838916643
1504,0.9833333333333333,0.9547070679620445,0.9186991869918699,0.9186991869918699,0.9547070679620445,0.9228658536585366,0.91869918699187,0.9186991869918698,0.5756529365604306
1505,0.9825,0.9542428154086555,0.9186991869918699,0.9112903225806451,0.9542428154086554,0.9191614214529242,0.9149797570850201,0.9172077922077924,0.6044359165540479
1506,0.9825,0.9470412392146206,0.9024390243902439,0.925,0.9470412392146206,0.9187195121951219,0.9135802469135802,0.9068627450980392,0.6044345838916644
1507,0.9816666666666667,0.9465769866612315,0.9024390243902439,0.9173553719008265,0.9465769866612315,0.9148971981455352,0.9098360655737705,0.9053833605220227,0.6332175638852817
1508,0.9816666666666667,0.942976198564214,0.8943089430894309,0.9243697478991597,0.9429761985642141,0.9147560121609619,0.9090909090909092,0.9001636661211129,0.6332168975540899
1509,0.98,0.942047693457436,0.8943089430894309,0.9090909090909091,0.9420476934574359,0.9071165927568366,0.9016393442622952,0.897226753670473,0.6907828575413248
1510,0.9816666666666667,0.9465769866612315,0.9024390243902439,0.9173553719008265,0.9465769866612315,0.9148971981455352,0.9098360655737705,0.9053833605220227,0.6332175638852818
1511,0.985,0.9520347849718052,0.9105691056910569,0.9411764705882353,0.9520347849718052,0.9304561214729794,0.9256198347107438,0.916530278232406,0.5180863102420039
1512,0.9833333333333333,0.951106279865027,0.9105691056910569,0.9256198347107438,0.9511062798650272,0.9226778035342337,0.9180327868852458,0.9135399673735728,0.5756522702292388
1513,0.9825,0.950642027311638,0.9105691056910569,0.9180327868852459,0.950642027311638,0.9188842796214848,0.9142857142857143,0.9120521172638435,0.6044352502228562
1514,0.98,0.934846117263401,0.8780487804878049,0.9230769230769231,0.934846117263401,0.906812851782364,0.9,0.8866995073891627,0.6907815248789411
1515,0.9833333333333333,0.951106279865027,0.9105691056910569,0.9256198347107438,0.9511062798650272,0.9226778035342337,0.9180327868852458,0.9135399673735728,0.5756522702292388
1516,0.985,0.9520347849718052,0.9105691056910569,0.9411764705882353,0.9520347849718052,0.9304561214729794,0.9256198347107438,0.916530278232406,0.5180863102420039
1517,0.98,0.9384469053604185,0.8861788617886179,0.9159663865546218,0.9384469053604185,0.9069059575049532,0.9008264462809917,0.8919803600654663,0.690782191210133
1518,0.9808333333333333,0.942511946010825,0.8943089430894309,0.9166666666666666,0.942511946010825,0.9109044715447153,0.9053497942386831,0.8986928104575165,0.6619998775477073
1519,0.9833333333333333,0.9439047036709921,0.8943089430894309,0.9401709401709402,0.9439047036709921,0.9226566082968523,0.9166666666666666,0.9031198686371099,0.5756509375668551
1520,0.9833333333333333,0.9475054917680097,0.9024390243902439,0.9327731092436975,0.9475054917680096,0.9226060668169707,0.9173553719008264,0.9083469721767595,0.5756516038980469
1521,0.9816666666666667,0.942976198564214,0.8943089430894309,0.9243697478991597,0.9429761985642141,0.9147560121609619,0.9090909090909092,0.9001636661211129,0.6332168975540899
1522,0.9816666666666667,0.9501777747582489,0.9105691056910569,0.9105691056910569,0.950177774758249,0.9151524390243903,0.9105691056910569,0.910569105691057,0.6332182302164736
1523,0.9841666666666666,0.951570532418416,0.9105691056910569,0.9333333333333333,0.9515705324184162,0.9265345528455284,0.9218106995884775,0.9150326797385622,0.5468692902356214
1524,0.9816666666666667,0.9537785628552664,0.9186991869918699,0.904,0.9537785628552664,0.9155162601626016,0.9112903225806451,0.9157212317666128,0.6332188965476654
1525,0.9833333333333333,0.9475054917680097,0.9024390243902439,0.9327731092436975,0.9475054917680096,0.9226060668169707,0.9173553719008264,0.9083469721767595,0.5756516038980469
1526,0.9816666666666667,0.942976198564214,0.8943089430894309,0.9243697478991597,0.9429761985642141,0.9147560121609619,0.9090909090909092,0.9001636661211129,0.6332168975540899
1527,0.9825,0.9470412392146206,0.9024390243902439,0.925,0.9470412392146206,0.9187195121951219,0.9135802469135802,0.9068627450980392,0.6044345838916644
1528,0.9833333333333333,0.958307856059062,0.926829268292683,0.912,0.958307856059062,0.9231646341463414,0.9193548387096775,0.9238249594813616,0.5756536028916224
1529,0.9841666666666666,0.951570532418416,0.9105691056910569,0.9333333333333333,0.9515705324184162,0.9265345528455284,0.9218106995884775,0.9150326797385622,0.5468692902356214
1530,0.9816666666666667,0.942976198564214,0.8943089430894309,0.9243697478991597,0.9429761985642141,0.9147560121609619,0.9090909090909092,0.9001636661211129,0.6332168975540899
1531,0.9791666666666666,0.9379826528070294,0.8861788617886179,0.9083333333333333,0.9379826528070294,0.9030894308943089,0.897119341563786,0.8905228758169936,0.7195651712037502
1532,0.9875,0.9642299069230247,0.9349593495934959,0.9426229508196722,0.9642299069230246,0.9421244835399174,0.9387755102040818,0.9364820846905537,0.43173936925472733
1533,0.9808333333333333,0.9389111579138076,0.8861788617886179,0.923728813559322,0.9389111579138076,0.9107871710073033,0.9045643153526971,0.8934426229508198,0.6619992112165155
1534,0.9833333333333333,0.9439047036709921,0.8943089430894309,0.9401709401709402,0.9439047036709921,0.9226566082968523,0.9166666666666666,0.9031198686371099,0.575650937566855
1535,0.9841666666666666,0.951570532418416,0.9105691056910569,0.9333333333333333,0.9515705324184162,0.9265345528455284,0.9218106995884775,0.9150326797385622,0.5468692902356214
1536,0.9858333333333333,0.9597006137192292,0.926829268292683,0.9344262295081968,0.9597006137192291,0.9343777489004398,0.9306122448979592,0.9283387622149838,0.4893046629107702
1537,0.9833333333333333,0.9547070679620445,0.9186991869918699,0.9186991869918699,0.9547070679620445,0.9228658536585366,0.91869918699187,0.9186991869918698,0.5756529365604306
1538,0.9816666666666667,0.942976198564214,0.8943089430894309,0.9243697478991597,0.9429761985642141,0.9147560121609619,0.9090909090909092,0.9001636661211129,0.6332168975540899
1539,0.9833333333333333,0.951106279865027,0.9105691056910569,0.9256198347107438,0.9511062798650272,0.9226778035342337,0.9180327868852458,0.9135399673735728,0.5756522702292388
1540,0.9833333333333333,0.9439047036709921,0.8943089430894309,0.9401709401709402,0.9439047036709921,0.9226566082968523,0.9166666666666666,0.9031198686371099,0.575650937566855
1541,0.9833333333333333,0.9547070679620445,0.9186991869918699,0.9186991869918699,0.9547070679620445,0.9228658536585366,0.91869918699187,0.9186991869918698,0.5756529365604306
1542,0.9825,0.9470412392146206,0.9024390243902439,0.925,0.9470412392146206,0.9187195121951219,0.9135802469135802,0.9068627450980392,0.6044345838916644
1543,0.9808333333333333,0.942511946010825,0.8943089430894309,0.9166666666666666,0.942511946010825,0.9109044715447153,0.9053497942386831,0.8986928104575165,0.6619998775477073
1544,0.9825,0.9470412392146206,0.9024390243902439,0.925,0.9470412392146206,0.9187195121951219,0.9135802469135802,0.9068627450980392,0.6044345838916644
1545,0.9833333333333333,0.951106279865027,0.9105691056910569,0.9256198347107438,0.9511062798650272,0.9226778035342337,0.9180327868852458,0.9135399673735728,0.5756522702292387
1546,0.9808333333333333,0.942511946010825,0.8943089430894309,0.9166666666666666,0.942511946010825,0.9109044715447153,0.9053497942386831,0.8986928104575165,0.6619998775477074
1547,0.98,0.9384469053604185,0.8861788617886179,0.9159663865546218,0.9384469053604185,0.9069059575049532,0.9008264462809917,0.8919803600654663,0.690782191210133
1548,0.985,0.9556355730688226,0.9186991869918699,0.9338842975206612,0.9556355730688226,0.9304584089229322,0.9262295081967213,0.9216965742251224,0.5180869765731958
1549,0.9808333333333333,0.9353103698167902,0.8780487804878049,0.9310344827586207,0.93531036981679,0.9107916316232127,0.903765690376569,0.8881578947368419,0.6619985448853236
1550,0.985,0.9556355730688226,0.9186991869918699,0.9338842975206612,0.9556355730688226,0.9304584089229322,0.9262295081967213,0.9216965742251224,0.5180869765731958
1551,0.9833333333333333,0.9547070679620445,0.9186991869918699,0.9186991869918699,0.9547070679620445,0.9228658536585366,0.91869918699187,0.9186991869918698,0.5756529365604306
1552,0.9808333333333333,0.942511946010825,0.8943089430894309,0.9166666666666666,0.942511946010825,0.9109044715447153,0.9053497942386831,0.8986928104575165,0.6619998775477073
1553,0.9816666666666667,0.9465769866612315,0.9024390243902439,0.9173553719008265,0.9465769866612315,0.9148971981455352,0.9098360655737705,0.9053833605220227,0.6332175638852817
1554,0.9833333333333333,0.951106279865027,0.9105691056910569,0.9256198347107438,0.9511062798650272,0.9226778035342337,0.9180327868852458,0.9135399673735728,0.5756522702292387
1555,0.9833333333333333,0.951106279865027,0.9105691056910569,0.9256198347107438,0.9511062798650272,0.9226778035342337,0.9180327868852458,0.9135399673735728,0.5756522702292388
1556,0.9825,0.9470412392146206,0.9024390243902439,0.925,0.9470412392146206,0.9187195121951219,0.9135802469135802,0.9068627450980392,0.6044345838916643
1557,0.9825,0.950642027311638,0.9105691056910569,0.9180327868852459,0.950642027311638,0.9188842796214848,0.9142857142857143,0.9120521172638435,0.6044352502228562
1558,0.9825,0.9434404511176031,0.8943089430894309,0.9322033898305084,0.9434404511176032,0.9186728331266363,0.9128630705394191,0.9016393442622951,0.6044339175604725
1559,0.9833333333333333,0.9475054917680097,0.9024390243902439,0.9327731092436975,0.9475054917680096,0.9226060668169707,0.9173553719008264,0.9083469721767595,0.5756516038980469
1560,0.9816666666666667,0.942976198564214,0.8943089430894309,0.9243697478991597,0.9429761985642141,0.9147560121609619,0.9090909090909092,0.9001636661211129,0.6332168975540899
1561,0.9808333333333333,0.9461127341078425,0.9024390243902439,0.9098360655737705,0.9461127341078424,0.9111375449820073,0.9061224489795918,0.9039087947882738,0.6620005438788992
1562,0.9833333333333333,0.9547070679620445,0.9186991869918699,0.9186991869918699,0.9547070679620445,0.9228658536585366,0.91869918699187,0.9186991869918698,0.5756529365604306
1563,0.9833333333333333,0.9475054917680097,0.9024390243902439,0.9327731092436975,0.9475054917680096,0.9226060668169707,0.9173553719008264,0.9083469721767595,0.5756516038980469
1564,0.9825,0.9470412392146206,0.9024390243902439,0.925,0.9470412392146206,0.9187195121951219,0.9135802469135802,0.9068627450980392,0.6044345838916644
1565,0.9833333333333333,0.951106279865027,0.9105691056910569,0.9256198347107438,0.9511062798650272,0.9226778035342337,0.9180327868852458,0.9135399673735728,0.5756522702292388
1566,0.9841666666666666,0.951570532418416,0.9105691056910569,0.9333333333333333,0.9515705324184162,0.9265345528455284,0.9218106995884775,0.9150326797385622,0.5468692902356213
1567,0.9841666666666666,0.9551713205154335,0.9186991869918699,0.9262295081967213,0.9551713205154336,0.9266310142609623,0.9224489795918367,0.9201954397394136,0.5468699565668131
1568,0.9833333333333333,0.951106279865027,0.9105691056910569,0.9256198347107438,0.9511062798650272,0.9226778035342337,0.9180327868852458,0.9135399673735728,0.5756522702292387
1569,0.9816666666666667,0.9393754104671966,0.8861788617886179,0.9316239316239316,0.9393754104671966,0.9147347300396081,0.9083333333333333,0.8949096880131364,0.633216231222898
1570,0.9841666666666666,0.951570532418416,0.9105691056910569,0.9333333333333333,0.9515705324184162,0.9265345528455284,0.9218106995884775,0.9150326797385622,0.5468692902356213
1571,0.9833333333333333,0.9475054917680097,0.9024390243902439,0.9327731092436975,0.9475054917680096,0.9226060668169707,0.9173553719008264,0.9083469721767595,0.5756516038980469
1572,0.9825,0.9434404511176031,0.8943089430894309,0.9322033898305084,0.9434404511176032,0.9186728331266363,0.9128630705394191,0.9016393442622951,0.6044339175604725
1573,0.9825,0.9470412392146206,0.9024390243902439,0.925,0.9470412392146206,0.9187195121951219,0.9135802469135802,0.9068627450980392,0.6044345838916644
1574,0.9825,0.9470412392146206,0.9024390243902439,0.925,0.9470412392146206,0.9187195121951219,0.9135802469135802,0.9068627450980392,0.6044345838916644
1575,0.9816666666666667,0.9465769866612315,0.9024390243902439,0.9173553719008265,0.9465769866612315,0.9148971981455352,0.9098360655737705,0.9053833605220227,0.6332175638852817
1576,0.9833333333333333,0.9547070679620445,0.9186991869918699,0.9186991869918699,0.9547070679620445,0.9228658536585366,0.91869918699187,0.9186991869918698,0.5756529365604306
1577,0.985,0.9556355730688226,0.9186991869918699,0.9338842975206612,0.9556355730688226,0.9304584089229322,0.9262295081967213,0.9216965742251224,0.5180869765731958
1578,0.9816666666666667,0.942976198564214,0.8943089430894309,0.9243697478991597,0.9429761985642141,0.9147560121609619,0.9090909090909092,0.9001636661211129,0.6332168975540899
1579,0.985,0.9592363611658401,0.926829268292683,0.926829268292683,0.9592363611658401,0.930579268292683,0.926829268292683,0.926829268292683,0.5180876429043876
1580,0.9816666666666667,0.942976198564214,0.8943089430894309,0.9243697478991597,0.9429761985642141,0.9147560121609619,0.9090909090909092,0.9001636661211129,0.6332168975540899
1581,0.9841666666666666,0.951570532418416,0.9105691056910569,0.9333333333333333,0.9515705324184162,0.9265345528455284,0.9218106995884775,0.9150326797385622,0.5468692902356214
1582,0.9833333333333333,0.9439047036709921,0.8943089430894309,0.9401709401709402,0.9439047036709921,0.9226566082968523,0.9166666666666666,0.9031198686371099,0.575650937566855
1583,0.9816666666666667,0.9393754104671966,0.8861788617886179,0.9316239316239316,0.9393754104671966,0.9147347300396081,0.9083333333333333,0.8949096880131364,0.6332162312228982
1584,0.985,0.9592363611658401,0.926829268292683,0.926829268292683,0.9592363611658401,0.930579268292683,0.926829268292683,0.926829268292683,0.5180876429043877
1585,0.9825,0.9470412392146206,0.9024390243902439,0.925,0.9470412392146206,0.9187195121951219,0.9135802469135802,0.9068627450980392,0.6044345838916644
1586,0.9816666666666667,0.9465769866612315,0.9024390243902439,0.9173553719008265,0.9465769866612315,0.9148971981455352,0.9098360655737705,0.9053833605220227,0.6332175638852817
1587,0.9816666666666667,0.9393754104671966,0.8861788617886179,0.9316239316239316,0.9393754104671966,0.9147347300396081,0.9083333333333333,0.8949096880131364,0.6332162312228982
1588,0.9841666666666666,0.958772108612451,0.926829268292683,0.9193548387096774,0.958772108612451,0.9268420535011802,0.923076923076923,0.9253246753246753,0.546870622898005
1589,0.9841666666666666,0.951570532418416,0.9105691056910569,0.9333333333333333,0.9515705324184162,0.9265345528455284,0.9218106995884775,0.9150326797385622,0.5468692902356214
1590,0.9816666666666667,0.9393754104671966,0.8861788617886179,0.9316239316239316,0.9393754104671966,0.9147347300396081,0.9083333333333333,0.8949096880131364,0.6332162312228982
1591,0.9825,0.9470412392146206,0.9024390243902439,0.925,0.9470412392146206,0.9187195121951219,0.9135802469135802,0.9068627450980392,0.6044345838916644
1592,0.9808333333333333,0.9461127341078425,0.9024390243902439,0.9098360655737705,0.9461127341078424,0.9111375449820073,0.9061224489795918,0.9039087947882738,0.6620005438788993
1593,0.9791666666666666,0.934381864710012,0.8780487804878049,0.9152542372881356,0.934381864710012,0.9029015088879703,0.896265560165975,0.8852459016393444,0.7195645048725584
1594,0.985,0.9556355730688226,0.9186991869918699,0.9338842975206612,0.9556355730688226,0.9304584089229322,0.9262295081967213,0.9216965742251224,0.5180869765731958
1595,0.9825,0.9434404511176031,0.8943089430894309,0.9322033898305084,0.9434404511176032,0.9186728331266363,0.9128630705394191,0.9016393442622951,0.6044339175604725
1596,0.98,0.9384469053604185,0.8861788617886179,0.9159663865546218,0.9384469053604185,0.9069059575049532,0.9008264462809917,0.8919803600654663,0.690782191210133
1597,0.9816666666666667,0.942976198564214,0.8943089430894309,0.9243697478991597,0.9429761985642141,0.9147560121609619,0.9090909090909092,0.9001636661211129,0.6332168975540899
1598,0.9833333333333333,0.9547070679620445,0.9186991869918699,0.9186991869918699,0.9547070679620445,0.9228658536585366,0.91869918699187,0.9186991869918698,0.5756529365604306
1599,0.9841666666666666,0.958772108612451,0.926829268292683,0.9193548387096774,0.958772108612451,0.9268420535011802,0.923076923076923,0.9253246753246753,0.546870622898005
1600,0.9841666666666666,0.951570532418416,0.9105691056910569,0.9333333333333333,0.9515705324184162,0.9265345528455284,0.9218106995884775,0.9150326797385622,0.5468692902356214
1601,0.9791666666666666,0.9307810766129945,0.8699186991869918,0.9224137931034483,0.9307810766129946,0.9028329128118868,0.8953974895397491,0.8799342105263158,0.7195638385413665
1602,0.9825,0.9434404511176031,0.8943089430894309,0.9322033898305084,0.9434404511176032,0.9186728331266363,0.9128630705394191,0.9016393442622951,0.6044339175604725
1603,0.9808333333333333,0.942511946010825,0.8943089430894309,0.9166666666666666,0.942511946010825,0.9109044715447153,0.9053497942386831,0.8986928104575165,0.6619998775477074
1604,0.9833333333333333,0.9475054917680097,0.9024390243902439,0.9327731092436975,0.9475054917680096,0.9226060668169707,0.9173553719008264,0.9083469721767595,0.5756516038980469
1605,0.9833333333333333,0.951106279865027,0.9105691056910569,0.9256198347107438,0.9511062798650272,0.9226778035342337,0.9180327868852458,0.9135399673735728,0.5756522702292387
1606,0.9858333333333333,0.9560998256222116,0.9186991869918699,0.9416666666666667,0.9560998256222115,0.9343495934959349,0.9300411522633746,0.9232026143790849,0.4893039965795784
1607,0.9816666666666667,0.9465769866612315,0.9024390243902439,0.9173553719008265,0.9465769866612315,0.9148971981455352,0.9098360655737705,0.9053833605220227,0.6332175638852817
1608,0.9808333333333333,0.9389111579138076,0.8861788617886179,0.923728813559322,0.9389111579138076,0.9107871710073033,0.9045643153526971,0.8934426229508198,0.6619992112165155
1609,0.9816666666666667,0.942976198564214,0.8943089430894309,0.9243697478991597,0.9429761985642141,0.9147560121609619,0.9090909090909092,0.9001636661211129,0.6332168975540899
1610,0.9816666666666667,0.9465769866612315,0.9024390243902439,0.9173553719008265,0.9465769866612315,0.9148971981455352,0.9098360655737705,0.9053833605220227,0.6332175638852818
1611,0.9833333333333333,0.958307856059062,0.926829268292683,0.912,0.958307856059062,0.9231646341463414,0.9193548387096775,0.9238249594813616,0.5756536028916224
1612,0.9825,0.9470412392146206,0.9024390243902439,0.925,0.9470412392146206,0.9187195121951219,0.9135802469135802,0.9068627450980392,0.6044345838916644
1613,0.9841666666666666,0.9551713205154335,0.9186991869918699,0.9262295081967213,0.9551713205154336,0.9266310142609623,0.9224489795918367,0.9201954397394136,0.5468699565668133
1614,0.98,0.934846117263401,0.8780487804878049,0.9230769230769231,0.934846117263401,0.906812851782364,0.9,0.8866995073891627,0.6907815248789411
1615,0.9816666666666667,0.9465769866612315,0.9024390243902439,0.9173553719008265,0.9465769866612315,0.9148971981455352,0.9098360655737705,0.9053833605220227,0.6332175638852818
1616,0.9808333333333333,0.942511946010825,0.8943089430894309,0.9166666666666666,0.942511946010825,0.9109044715447153,0.9053497942386831,0.8986928104575165,0.6619998775477074
1617,0.9825,0.9434404511176031,0.8943089430894309,0.9322033898305084,0.9434404511176032,0.9186728331266363,0.9128630705394191,0.9016393442622951,0.6044339175604725
1618,0.9816666666666667,0.9465769866612315,0.9024390243902439,0.9173553719008265,0.9465769866612315,0.9148971981455352,0.9098360655737705,0.9053833605220227,0.6332175638852818
1619,0.9841666666666666,0.951570532418416,0.9105691056910569,0.9333333333333333,0.9515705324184162,0.9265345528455284,0.9218106995884775,0.9150326797385622,0.5468692902356214
1620,0.98,0.9384469053604185,0.8861788617886179,0.9159663865546218,0.9384469053604185,0.9069059575049532,0.9008264462809917,0.8919803600654663,0.690782191210133
1621,0.9808333333333333,0.9389111579138076,0.8861788617886179,0.923728813559322,0.9389111579138076,0.9107871710073033,0.9045643153526971,0.8934426229508198,0.6619992112165155
1622,0.9825,0.9470412392146206,0.9024390243902439,0.925,0.9470412392146206,0.9187195121951219,0.9135802469135802,0.9068627450980392,0.6044345838916644
1623,0.9825,0.950642027311638,0.9105691056910569,0.9180327868852459,0.950642027311638,0.9188842796214848,0.9142857142857143,0.9120521172638435,0.6044352502228563
1624,0.9825,0.9470412392146206,0.9024390243902439,0.925,0.9470412392146206,0.9187195121951219,0.9135802469135802,0.9068627450980392,0.6044345838916644
1625,0.9833333333333333,0.9475054917680097,0.9024390243902439,0.9327731092436975,0.9475054917680096,0.9226060668169707,0.9173553719008264,0.9083469721767595,0.5756516038980469
1626,0.9808333333333333,0.9461127341078425,0.9024390243902439,0.9098360655737705,0.9461127341078424,0.9111375449820073,0.9061224489795918,0.9039087947882738,0.6620005438788992
1627,0.98,0.9384469053604185,0.8861788617886179,0.9159663865546218,0.9384469053604185,0.9069059575049532,0.9008264462809917,0.8919803600654663,0.6907821912101328
1628,0.98,0.934846117263401,0.8780487804878049,0.9230769230769231,0.934846117263401,0.906812851782364,0.9,0.8866995073891627,0.6907815248789411
1629,0.9816666666666667,0.942976198564214,0.8943089430894309,0.9243697478991597,0.9429761985642141,0.9147560121609619,0.9090909090909092,0.9001636661211129,0.6332168975540899
1630,0.9808333333333333,0.942511946010825,0.8943089430894309,0.9166666666666666,0.942511946010825,0.9109044715447153,0.9053497942386831,0.8986928104575165,0.6619998775477073
1631,0.9825,0.950642027311638,0.9105691056910569,0.9180327868852459,0.950642027311638,0.9188842796214848,0.9142857142857143,0.9120521172638435,0.6044352502228562
1632,0.98,0.942047693457436,0.8943089430894309,0.9090909090909091,0.9420476934574359,0.9071165927568366,0.9016393442622952,0.897226753670473,0.6907828575413247
1633,0.9825,0.9434404511176031,0.8943089430894309,0.9322033898305084,0.9434404511176032,0.9186728331266363,0.9128630705394191,0.9016393442622951,0.6044339175604725
1634,0.9808333333333333,0.942511946010825,0.8943089430894309,0.9166666666666666,0.942511946010825,0.9109044715447153,0.9053497942386831,0.8986928104575165,0.6619998775477073
1635,0.98,0.9384469053604185,0.8861788617886179,0.9159663865546218,0.9384469053604185,0.9069059575049532,0.9008264462809917,0.8919803600654663,0.6907821912101328
1636,0.9816666666666667,0.942976198564214,0.8943089430894309,0.9243697478991597,0.9429761985642141,0.9147560121609619,0.9090909090909092,0.9001636661211129,0.6332168975540899
1637,0.9825,0.9470412392146206,0.9024390243902439,0.925,0.9470412392146206,0.9187195121951219,0.9135802469135802,0.9068627450980392,0.6044345838916644
1638,0.9808333333333333,0.9389111579138076,0.8861788617886179,0.923728813559322,0.9389111579138076,0.9107871710073033,0.9045643153526971,0.8934426229508198,0.6619992112165155
1639,0.9808333333333333,0.9461127341078425,0.9024390243902439,0.9098360655737705,0.9461127341078424,0.9111375449820073,0.9061224489795918,0.9039087947882738,0.6620005438788992
1640,0.98,0.9384469053604185,0.8861788617886179,0.9159663865546218,0.9384469053604185,0.9069059575049532,0.9008264462809917,0.8919803600654663,0.6907821912101328
1641,0.9825,0.9470412392146206,0.9024390243902439,0.925,0.9470412392146206,0.9187195121951219,0.9135802469135802,0.9068627450980392,0.6044345838916644
1642,0.9833333333333333,0.9475054917680097,0.9024390243902439,0.9327731092436975,0.9475054917680096,0.9226060668169707,0.9173553719008264,0.9083469721767595,0.5756516038980469
1643,0.9825,0.9470412392146206,0.9024390243902439,0.925,0.9470412392146206,0.9187195121951219,0.9135802469135802,0.9068627450980392,0.6044345838916644
1644,0.9833333333333333,0.951106279865027,0.9105691056910569,0.9256198347107438,0.9511062798650272,0.9226778035342337,0.9180327868852458,0.9135399673735728,0.5756522702292388
1645,0.98,0.9384469053604185,0.8861788617886179,0.9159663865546218,0.9384469053604185,0.9069059575049532,0.9008264462809917,0.8919803600654663,0.6907821912101328
1646,0.9808333333333333,0.942511946010825,0.8943089430894309,0.9166666666666666,0.942511946010825,0.9109044715447153,0.9053497942386831,0.8986928104575165,0.6619998775477073
1647,0.9808333333333333,0.9317095817197726,0.8699186991869918,0.9385964912280702,0.9317095817197726,0.9109242618741977,0.9029535864978903,0.8828382838283828,0.6619978785541317
1648,0.9808333333333333,0.942511946010825,0.8943089430894309,0.9166666666666666,0.942511946010825,0.9109044715447153,0.9053497942386831,0.8986928104575165,0.6619998775477074
1649,0.9833333333333333,0.951106279865027,0.9105691056910569,0.9256198347107438,0.9511062798650272,0.9226778035342337,0.9180327868852458,0.9135399673735728,0.5756522702292387
1650,0.9833333333333333,0.9547070679620445,0.9186991869918699,0.9186991869918699,0.9547070679620445,0.9228658536585366,0.91869918699187,0.9186991869918698,0.5756529365604306
1651,0.9825,0.9470412392146206,0.9024390243902439,0.925,0.9470412392146206,0.9187195121951219,0.9135802469135802,0.9068627450980392,0.6044345838916644
1652,0.9791666666666666,0.9379826528070294,0.8861788617886179,0.9083333333333333,0.9379826528070294,0.9030894308943089,0.897119341563786,0.8905228758169936,0.7195651712037502
1653,0.9841666666666666,0.9551713205154335,0.9186991869918699,0.9262295081967213,0.9551713205154336,0.9266310142609623,0.9224489795918367,0.9201954397394136,0.5468699565668131
1654,0.9783333333333334,0.9303168240596055,0.8699186991869918,0.9145299145299145,0.9303168240596055,0.8988909735251197,0.8916666666666666,0.8784893267651888,0.748346818534984
1655,0.9775,0.9298525715062165,0.8699186991869918,0.9067796610169492,0.9298525715062165,0.8950158467686372,0.8879668049792531,0.8770491803278687,0.7771297985286014
1656,0.9808333333333333,0.9461127341078425,0.9024390243902439,0.9098360655737705,0.9461127341078424,0.9111375449820073,0.9061224489795918,0.9039087947882738,0.6620005438788992
1657,0.98,0.9384469053604185,0.8861788617886179,0.9159663865546218,0.9384469053604185,0.9069059575049532,0.9008264462809917,0.8919803600654663,0.690782191210133
1658,0.9825,0.9542428154086555,0.9186991869918699,0.9112903225806451,0.9542428154086554,0.9191614214529242,0.9149797570850201,0.9172077922077924,0.604435916554048
1659,0.9825,0.9470412392146206,0.9024390243902439,0.925,0.9470412392146206,0.9187195121951219,0.9135802469135802,0.9068627450980392,0.6044345838916644
1660,0.9816666666666667,0.9465769866612315,0.9024390243902439,0.9173553719008265,0.9465769866612315,0.9148971981455352,0.9098360655737705,0.9053833605220227,0.6332175638852817
1661,0.9816666666666667,0.9393754104671966,0.8861788617886179,0.9316239316239316,0.9393754104671966,0.9147347300396081,0.9083333333333333,0.8949096880131364,0.633216231222898
1662,0.9825,0.950642027311638,0.9105691056910569,0.9180327868852459,0.950642027311638,0.9188842796214848,0.9142857142857143,0.9120521172638435,0.6044352502228562
1663,0.9816666666666667,0.942976198564214,0.8943089430894309,0.9243697478991597,0.9429761985642141,0.9147560121609619,0.9090909090909092,0.9001636661211129,0.6332168975540898
1664,0.9816666666666667,0.9465769866612315,0.9024390243902439,0.9173553719008265,0.9465769866612315,0.9148971981455352,0.9098360655737705,0.9053833605220227,0.6332175638852817
1665,0.9808333333333333,0.9353103698167902,0.8780487804878049,0.9310344827586207,0.93531036981679,0.9107916316232127,0.903765690376569,0.8881578947368419,0.6619985448853236
1666,0.9825,0.950642027311638,0.9105691056910569,0.9180327868852459,0.950642027311638,0.9188842796214848,0.9142857142857143,0.9120521172638435,0.6044352502228562
1667,0.9808333333333333,0.942511946010825,0.8943089430894309,0.9166666666666666,0.942511946010825,0.9109044715447153,0.9053497942386831,0.8986928104575165,0.6619998775477073
1668,0.98,0.942047693457436,0.8943089430894309,0.9090909090909091,0.9420476934574359,0.9071165927568366,0.9016393442622952,0.897226753670473,0.6907828575413248
1669,0.9825,0.9470412392146206,0.9024390243902439,0.925,0.9470412392146206,0.9187195121951219,0.9135802469135802,0.9068627450980392,0.6044345838916644
1670,0.9841666666666666,0.951570532418416,0.9105691056910569,0.9333333333333333,0.9515705324184162,0.9265345528455284,0.9218106995884775,0.9150326797385622,0.5468692902356214
1671,0.9833333333333333,0.951106279865027,0.9105691056910569,0.9256198347107438,0.9511062798650272,0.9226778035342337,0.9180327868852458,0.9135399673735728,0.5756522702292387
1672,0.9825,0.9470412392146206,0.9024390243902439,0.925,0.9470412392146206,0.9187195121951219,0.9135802469135802,0.9068627450980392,0.6044345838916643
1673,0.9816666666666667,0.9393754104671966,0.8861788617886179,0.9316239316239316,0.9393754104671966,0.9147347300396081,0.9083333333333333,0.8949096880131364,0.6332162312228982
1674,0.98,0.9384469053604185,0.8861788617886179,0.9159663865546218,0.9384469053604185,0.9069059575049532,0.9008264462809917,0.8919803600654663,0.6907821912101328
1675,0.9841666666666666,0.951570532418416,0.9105691056910569,0.9333333333333333,0.9515705324184162,0.9265345528455284,0.9218106995884775,0.9150326797385622,0.5468692902356214
1676,0.9833333333333333,0.951106279865027,0.9105691056910569,0.9256198347107438,0.9511062798650272,0.9226778035342337,0.9180327868852458,0.9135399673735728,0.5756522702292388
1677,0.9825,0.9470412392146206,0.9024390243902439,0.925,0.9470412392146206,0.9187195121951219,0.9135802469135802,0.9068627450980392,0.6044345838916644
1678,0.9816666666666667,0.942976198564214,0.8943089430894309,0.9243697478991597,0.9429761985642141,0.9147560121609619,0.9090909090909092,0.9001636661211129,0.6332168975540899
1679,0.9783333333333334,0.9267160359625881,0.8617886178861789,0.9217391304347826,0.9267160359625881,0.8988472074938141,0.8907563025210083,0.8731466227347612,0.7483461522037921
1680,0.9841666666666666,0.951570532418416,0.9105691056910569,0.9333333333333333,0.9515705324184162,0.9265345528455284,0.9218106995884775,0.9150326797385622,0.5468692902356214
1681,0.9833333333333333,0.951106279865027,0.9105691056910569,0.9256198347107438,0.9511062798650272,0.9226778035342337,0.9180327868852458,0.9135399673735728,0.5756522702292388
1682,0.9816666666666667,0.942976198564214,0.8943089430894309,0.9243697478991597,0.9429761985642141,0.9147560121609619,0.9090909090909092,0.9001636661211129,0.6332168975540899
1683,0.9808333333333333,0.9389111579138076,0.8861788617886179,0.923728813559322,0.9389111579138076,0.9107871710073033,0.9045643153526971,0.8934426229508198,0.6619992112165155
1684,0.9833333333333333,0.9475054917680097,0.9024390243902439,0.9327731092436975,0.9475054917680096,0.9226060668169707,0.9173553719008264,0.9083469721767595,0.5756516038980469
1685,0.9808333333333333,0.942511946010825,0.8943089430894309,0.9166666666666666,0.942511946010825,0.9109044715447153,0.9053497942386831,0.8986928104575165,0.6619998775477074
1686,0.9791666666666666,0.9379826528070294,0.8861788617886179,0.9083333333333333,0.9379826528070294,0.9030894308943089,0.897119341563786,0.8905228758169936,0.7195651712037503
1687,0.9816666666666667,0.9465769866612315,0.9024390243902439,0.9173553719008265,0.9465769866612315,0.9148971981455352,0.9098360655737705,0.9053833605220227,0.6332175638852817
1688,0.9808333333333333,0.942511946010825,0.8943089430894309,0.9166666666666666,0.942511946010825,0.9109044715447153,0.9053497942386831,0.8986928104575165,0.6619998775477073
1689,0.985,0.9592363611658401,0.926829268292683,0.926829268292683,0.9592363611658401,0.930579268292683,0.926829268292683,0.926829268292683,0.5180876429043877
1690,0.9833333333333333,0.951106279865027,0.9105691056910569,0.9256198347107438,0.9511062798650272,0.9226778035342337,0.9180327868852458,0.9135399673735728,0.5756522702292388
1691,0.9816666666666667,0.942976198564214,0.8943089430894309,0.9243697478991597,0.9429761985642141,0.9147560121609619,0.9090909090909092,0.9001636661211129,0.6332168975540899
1692,0.9816666666666667,0.9393754104671966,0.8861788617886179,0.9316239316239316,0.9393754104671966,0.9147347300396081,0.9083333333333333,0.8949096880131364,0.633216231222898
1693,0.9808333333333333,0.9389111579138076,0.8861788617886179,0.923728813559322,0.9389111579138076,0.9107871710073033,0.9045643153526971,0.8934426229508198,0.6619992112165155
1694,0.9825,0.9434404511176031,0.8943089430894309,0.9322033898305084,0.9434404511176032,0.9186728331266363,0.9128630705394191,0.9016393442622951,0.6044339175604725
1695,0.9833333333333333,0.9475054917680097,0.9024390243902439,0.9327731092436975,0.9475054917680096,0.9226060668169707,0.9173553719008264,0.9083469721767595,0.5756516038980469
1696,0.9833333333333333,0.9475054917680097,0.9024390243902439,0.9327731092436975,0.9475054917680096,0.9226060668169707,0.9173553719008264,0.9083469721767595,0.5756516038980469
1697,0.9825,0.950642027311638,0.9105691056910569,0.9180327868852459,0.950642027311638,0.9188842796214848,0.9142857142857143,0.9120521172638435,0.6044352502228562
1698,0.9825,0.9434404511176031,0.8943089430894309,0.9322033898305084,0.9434404511176032,0.9186728331266363,0.9128630705394191,0.9016393442622951,0.6044339175604725
1699,0.9841666666666666,0.9551713205154335,0.9186991869918699,0.9262295081967213,0.9551713205154336,0.9266310142609623,0.9224489795918367,0.9201954397394136,0.5468699565668131
1700,0.9833333333333333,0.9475054917680097,0.9024390243902439,0.9327731092436975,0.9475054917680096,0.9226060668169707,0.9173553719008264,0.9083469721767595,0.5756516038980469
1701,0.9833333333333333,0.9439047036709921,0.8943089430894309,0.9401709401709402,0.9439047036709921,0.9226566082968523,0.9166666666666666,0.9031198686371099,0.5756509375668551
1702,0.9808333333333333,0.942511946010825,0.8943089430894309,0.9166666666666666,0.942511946010825,0.9109044715447153,0.9053497942386831,0.8986928104575165,0.6619998775477074
1703,0.9833333333333333,0.951106279865027,0.9105691056910569,0.9256198347107438,0.9511062798650272,0.9226778035342337,0.9180327868852458,0.9135399673735728,0.5756522702292387
1704,0.9833333333333333,0.9475054917680097,0.9024390243902439,0.9327731092436975,0.9475054917680096,0.9226060668169707,0.9173553719008264,0.9083469721767595,0.5756516038980469
1705,0.9816666666666667,0.9465769866612315,0.9024390243902439,0.9173553719008265,0.9465769866612315,0.9148971981455352,0.9098360655737705,0.9053833605220227,0.6332175638852817
1706,0.9825,0.9542428154086555,0.9186991869918699,0.9112903225806451,0.9542428154086554,0.9191614214529242,0.9149797570850201,0.9172077922077924,0.6044359165540479
1707,0.9841666666666666,0.9479697443213986,0.9024390243902439,0.940677966101695,0.9479697443213986,0.9265584952459696,0.9211618257261411,0.9098360655737704,0.5468686239044295
1708,0.9833333333333333,0.951106279865027,0.9105691056910569,0.9256198347107438,0.9511062798650272,0.9226778035342337,0.9180327868852458,0.9135399673735728,0.5756522702292388
1709,0.9816666666666667,0.9393754104671966,0.8861788617886179,0.9316239316239316,0.9393754104671966,0.9147347300396081,0.9083333333333333,0.8949096880131364,0.633216231222898
1710,0.9825,0.9470412392146206,0.9024390243902439,0.925,0.9470412392146206,0.9187195121951219,0.9135802469135802,0.9068627450980392,0.6044345838916643
1711,0.9825,0.9470412392146206,0.9024390243902439,0.925,0.9470412392146206,0.9187195121951219,0.9135802469135802,0.9068627450980392,0.6044345838916643
1712,0.9833333333333333,0.9547070679620445,0.9186991869918699,0.9186991869918699,0.9547070679620445,0.9228658536585366,0.91869918699187,0.9186991869918698,0.5756529365604306
1713,0.9783333333333334,0.9303168240596055,0.8699186991869918,0.9145299145299145,0.9303168240596055,0.8988909735251197,0.8916666666666666,0.8784893267651888,0.7483468185349841
1714,0.9833333333333333,0.9475054917680097,0.9024390243902439,0.9327731092436975,0.9475054917680096,0.9226060668169707,0.9173553719008264,0.9083469721767595,0.5756516038980469
1715,0.9816666666666667,0.9393754104671966,0.8861788617886179,0.9316239316239316,0.9393754104671966,0.9147347300396081,0.9083333333333333,0.8949096880131364,0.633216231222898
1716,0.9808333333333333,0.9389111579138076,0.8861788617886179,0.923728813559322,0.9389111579138076,0.9107871710073033,0.9045643153526971,0.8934426229508198,0.6619992112165156
1717,0.9816666666666667,0.9393754104671966,0.8861788617886179,0.9316239316239316,0.9393754104671966,0.9147347300396081,0.9083333333333333,0.8949096880131364,0.6332162312228982
1718,0.9816666666666667,0.942976198564214,0.8943089430894309,0.9243697478991597,0.9429761985642141,0.9147560121609619,0.9090909090909092,0.9001636661211129,0.6332168975540899
1719,0.9791666666666666,0.934381864710012,0.8780487804878049,0.9152542372881356,0.934381864710012,0.9029015088879703,0.896265560165975,0.8852459016393444,0.7195645048725584
1720,0.9808333333333333,0.9389111579138076,0.8861788617886179,0.923728813559322,0.9389111579138076,0.9107871710073033,0.9045643153526971,0.8934426229508198,0.6619992112165155
1721,0.9833333333333333,0.951106279865027,0.9105691056910569,0.9256198347107438,0.9511062798650272,0.9226778035342337,0.9180327868852458,0.9135399673735728,0.5756522702292388
1722,0.9816666666666667,0.9501777747582489,0.9105691056910569,0.9105691056910569,0.950177774758249,0.9151524390243903,0.9105691056910569,0.910569105691057,0.6332182302164735
1723,0.9825,0.9542428154086555,0.9186991869918699,0.9112903225806451,0.9542428154086554,0.9191614214529242,0.9149797570850201,0.9172077922077924,0.6044359165540479
1724,0.98,0.934846117263401,0.8780487804878049,0.9230769230769231,0.934846117263401,0.906812851782364,0.9,0.8866995073891627,0.6907815248789411
1725,0.9808333333333333,0.9389111579138076,0.8861788617886179,0.923728813559322,0.9389111579138076,0.9107871710073033,0.9045643153526971,0.8934426229508198,0.6619992112165155
1726,0.9816666666666667,0.9465769866612315,0.9024390243902439,0.9173553719008265,0.9465769866612315,0.9148971981455352,0.9098360655737705,0.9053833605220227,0.6332175638852817
1727,0.9808333333333333,0.942511946010825,0.8943089430894309,0.9166666666666666,0.942511946010825,0.9109044715447153,0.9053497942386831,0.8986928104575165,0.6619998775477073
1728,0.9825,0.9470412392146206,0.9024390243902439,0.925,0.9470412392146206,0.9187195121951219,0.9135802469135802,0.9068627450980392,0.6044345838916643
1729,0.9816666666666667,0.9465769866612315,0.9024390243902439,0.9173553719008265,0.9465769866612315,0.9148971981455352,0.9098360655737705,0.9053833605220227,0.6332175638852817
1730,0.9783333333333334,0.933917612156623,0.8780487804878049,0.907563025210084,0.9339176121566228,0.8990559028489444,0.8925619834710744,0.8837970540098199,0.7483474848661757
1731,0.9825,0.9434404511176031,0.8943089430894309,0.9322033898305084,0.9434404511176032,0.9186728331266363,0.9128630705394191,0.9016393442622951,0.6044339175604725
1732,0.9825,0.9398396630205856,0.8861788617886179,0.9396551724137931,0.9398396630205856,0.9187503504345389,0.9121338912133892,0.8963815789473685,0.6044332512292807
1733,0.9825,0.9470412392146206,0.9024390243902439,0.925,0.9470412392146206,0.9187195121951219,0.9135802469135802,0.9068627450980392,0.6044345838916643
1734,0.9808333333333333,0.9353103698167902,0.8780487804878049,0.9310344827586207,0.93531036981679,0.9107916316232127,0.903765690376569,0.8881578947368419,0.6619985448853236
1735,0.9833333333333333,0.9475054917680097,0.9024390243902439,0.9327731092436975,0.9475054917680096,0.9226060668169707,0.9173553719008264,0.9083469721767595,0.5756516038980469
1736,0.9841666666666666,0.951570532418416,0.9105691056910569,0.9333333333333333,0.9515705324184162,0.9265345528455284,0.9218106995884775,0.9150326797385622,0.5468692902356214
1737,0.9833333333333333,0.951106279865027,0.9105691056910569,0.9256198347107438,0.9511062798650272,0.9226778035342337,0.9180327868852458,0.9135399673735728,0.5756522702292387
1738,0.98,0.9384469053604185,0.8861788617886179,0.9159663865546218,0.9384469053604185,0.9069059575049532,0.9008264462809917,0.8919803600654663,0.6907821912101328
1739,0.9825,0.950642027311638,0.9105691056910569,0.9180327868852459,0.950642027311638,0.9188842796214848,0.9142857142857143,0.9120521172638435,0.6044352502228562
1740,0.9833333333333333,0.9475054917680097,0.9024390243902439,0.9327731092436975,0.9475054917680096,0.9226060668169707,0.9173553719008264,0.9083469721767595,0.5756516038980469
1741,0.9825,0.9434404511176031,0.8943089430894309,0.9322033898305084,0.9434404511176032,0.9186728331266363,0.9128630705394191,0.9016393442622951,0.6044339175604725
1742,0.98,0.934846117263401,0.8780487804878049,0.9230769230769231,0.934846117263401,0.906812851782364,0.9,0.8866995073891627,0.6907815248789411
1743,0.98,0.9384469053604185,0.8861788617886179,0.9159663865546218,0.9384469053604185,0.9069059575049532,0.9008264462809917,0.8919803600654663,0.690782191210133
1744,0.9833333333333333,0.9475054917680097,0.9024390243902439,0.9327731092436975,0.9475054917680096,0.9226060668169707,0.9173553719008264,0.9083469721767595,0.5756516038980469
1745,0.9825,0.9434404511176031,0.8943089430894309,0.9322033898305084,0.9434404511176032,0.9186728331266363,0.9128630705394191,0.9016393442622951,0.6044339175604725
1746,0.9808333333333333,0.9389111579138076,0.8861788617886179,0.923728813559322,0.9389111579138076,0.9107871710073033,0.9045643153526971,0.8934426229508198,0.6619992112165155
1747,0.9808333333333333,0.9389111579138076,0.8861788617886179,0.923728813559322,0.9389111579138076,0.9107871710073033,0.9045643153526971,0.8934426229508198,0.6619992112165155
1748,0.9833333333333333,0.9475054917680097,0.9024390243902439,0.9327731092436975,0.9475054917680096,0.9226060668169707,0.9173553719008264,0.9083469721767595,0.575651603898047
1749,0.9808333333333333,0.942511946010825,0.8943089430894309,0.9166666666666666,0.942511946010825,0.9109044715447153,0.9053497942386831,0.8986928104575165,0.6619998775477074
1750,0.98,0.9384469053604185,0.8861788617886179,0.9159663865546218,0.9384469053604185,0.9069059575049532,0.9008264462809917,0.8919803600654663,0.690782191210133
1751,0.98,0.9312453291663836,0.8699186991869918,0.9304347826086956,0.9312453291663836,0.9068434075645104,0.8991596638655462,0.8813838550247116,0.6907808585477492
1752,0.9816666666666667,0.9393754104671966,0.8861788617886179,0.9316239316239316,0.9393754104671966,0.9147347300396081,0.9083333333333333,0.8949096880131364,0.6332162312228982
1753,0.9833333333333333,0.951106279865027,0.9105691056910569,0.9256198347107438,0.9511062798650272,0.9226778035342337,0.9180327868852458,0.9135399673735728,0.5756522702292388
1754,0.98,0.9384469053604185,0.8861788617886179,0.9159663865546218,0.9384469053604185,0.9069059575049532,0.9008264462809917,0.8919803600654663,0.690782191210133
1755,0.9783333333333334,0.9267160359625881,0.8617886178861789,0.9217391304347826,0.9267160359625881,0.8988472074938141,0.8907563025210083,0.8731466227347612,0.7483461522037921
1756,0.98,0.9312453291663836,0.8699186991869918,0.9304347826086956,0.9312453291663836,0.9068434075645104,0.8991596638655462,0.8813838550247116,0.6907808585477492
1757,0.9808333333333333,0.942511946010825,0.8943089430894309,0.9166666666666666,0.942511946010825,0.9109044715447153,0.9053497942386831,0.8986928104575165,0.6619998775477073
1758,0.9841666666666666,0.951570532418416,0.9105691056910569,0.9333333333333333,0.9515705324184162,0.9265345528455284,0.9218106995884775,0.9150326797385622,0.5468692902356214
1759,0.9816666666666667,0.942976198564214,0.8943089430894309,0.9243697478991597,0.9429761985642141,0.9147560121609619,0.9090909090909092,0.9001636661211129,0.6332168975540899
1760,0.9816666666666667,0.942976198564214,0.8943089430894309,0.9243697478991597,0.9429761985642141,0.9147560121609619,0.9090909090909092,0.9001636661211129,0.6332168975540899
1761,0.9791666666666666,0.9379826528070294,0.8861788617886179,0.9083333333333333,0.9379826528070294,0.9030894308943089,0.897119341563786,0.8905228758169936,0.7195651712037503
1762,0.9816666666666667,0.9465769866612315,0.9024390243902439,0.9173553719008265,0.9465769866612315,0.9148971981455352,0.9098360655737705,0.9053833605220227,0.6332175638852817
1763,0.9808333333333333,0.9389111579138076,0.8861788617886179,0.923728813559322,0.9389111579138076,0.9107871710073033,0.9045643153526971,0.8934426229508198,0.6619992112165155
1764,0.9816666666666667,0.942976198564214,0.8943089430894309,0.9243697478991597,0.9429761985642141,0.9147560121609619,0.9090909090909092,0.9001636661211129,0.6332168975540899
1765,0.9816666666666667,0.935774622370179,0.8780487804878049,0.9391304347826087,0.9357746223701789,0.9148396076352068,0.907563025210084,0.8896210873146623,0.6332155648917063
1766,0.9825,0.9470412392146206,0.9024390243902439,0.925,0.9470412392146206,0.9187195121951219,0.9135802469135802,0.9068627450980392,0.6044345838916644
1767,0.9841666666666666,0.9551713205154335,0.9186991869918699,0.9262295081967213,0.9551713205154336,0.9266310142609623,0.9224489795918367,0.9201954397394136,0.5468699565668133
1768,0.9833333333333333,0.9475054917680097,0.9024390243902439,0.9327731092436975,0.9475054917680096,0.9226060668169707,0.9173553719008264,0.9083469721767595,0.5756516038980468
1769,0.9833333333333333,0.9475054917680097,0.9024390243902439,0.9327731092436975,0.9475054917680096,0.9226060668169707,0.9173553719008264,0.9083469721767595,0.5756516038980469
1770,0.9808333333333333,0.9353103698167902,0.8780487804878049,0.9310344827586207,0.93531036981679,0.9107916316232127,0.903765690376569,0.8881578947368419,0.6619985448853236
1771,0.9783333333333334,0.9267160359625881,0.8617886178861789,0.9217391304347826,0.9267160359625881,0.8988472074938141,0.8907563025210083,0.8731466227347612,0.7483461522037923
1772,0.9808333333333333,0.9389111579138076,0.8861788617886179,0.923728813559322,0.9389111579138076,0.9107871710073033,0.9045643153526971,0.8934426229508198,0.6619992112165155
1773,0.9775,0.9298525715062165,0.8699186991869918,0.9067796610169492,0.9298525715062165,0.8950158467686372,0.8879668049792531,0.8770491803278687,0.7771297985286014
1774,0.9825,0.9470412392146206,0.9024390243902439,0.925,0.9470412392146206,0.9187195121951219,0.9135802469135802,0.9068627450980392,0.6044345838916644
1775,0.9808333333333333,0.9389111579138076,0.8861788617886179,0.923728813559322,0.9389111579138076,0.9107871710073033,0.9045643153526971,0.8934426229508198,0.6619992112165155
1776,0.9833333333333333,0.951106279865027,0.9105691056910569,0.9256198347107438,0.9511062798650272,0.9226778035342337,0.9180327868852458,0.9135399673735728,0.5756522702292388
1777,0.9816666666666667,0.9465769866612315,0.9024390243902439,0.9173553719008265,0.9465769866612315,0.9148971981455352,0.9098360655737705,0.9053833605220227,0.6332175638852817
1778,0.9825,0.950642027311638,0.9105691056910569,0.9180327868852459,0.950642027311638,0.9188842796214848,0.9142857142857143,0.9120521172638435,0.6044352502228563
1779,0.9816666666666667,0.9465769866612315,0.9024390243902439,0.9173553719008265,0.9465769866612315,0.9148971981455352,0.9098360655737705,0.9053833605220227,0.6332175638852817
1780,0.9791666666666666,0.934381864710012,0.8780487804878049,0.9152542372881356,0.934381864710012,0.9029015088879703,0.896265560165975,0.8852459016393444,0.7195645048725585
1781,0.9825,0.9434404511176031,0.8943089430894309,0.9322033898305084,0.9434404511176032,0.9186728331266363,0.9128630705394191,0.9016393442622951,0.6044339175604725
1782,0.9816666666666667,0.9393754104671966,0.8861788617886179,0.9316239316239316,0.9393754104671966,0.9147347300396081,0.9083333333333333,0.8949096880131364,0.6332162312228982
1783,0.9833333333333333,0.951106279865027,0.9105691056910569,0.9256198347107438,0.9511062798650272,0.9226778035342337,0.9180327868852458,0.9135399673735728,0.5756522702292388
1784,0.9825,0.950642027311638,0.9105691056910569,0.9180327868852459,0.950642027311638,0.9188842796214848,0.9142857142857143,0.9120521172638435,0.6044352502228562
1785,0.9791666666666666,0.934381864710012,0.8780487804878049,0.9152542372881356,0.934381864710012,0.9029015088879703,0.896265560165975,0.8852459016393444,0.7195645048725584
1786,0.9791666666666666,0.934381864710012,0.8780487804878049,0.9152542372881356,0.934381864710012,0.9029015088879703,0.896265560165975,0.8852459016393444,0.7195645048725584
1787,0.9808333333333333,0.9389111579138076,0.8861788617886179,0.923728813559322,0.9389111579138076,0.9107871710073033,0.9045643153526971,0.8934426229508198,0.6619992112165155
1788,0.98,0.934846117263401,0.8780487804878049,0.9230769230769231,0.934846117263401,0.906812851782364,0.9,0.8866995073891627,0.6907815248789411
1789,0.9833333333333333,0.951106279865027,0.9105691056910569,0.9256198347107438,0.9511062798650272,0.9226778035342337,0.9180327868852458,0.9135399673735728,0.5756522702292388
1790,0.9833333333333333,0.951106279865027,0.9105691056910569,0.9256198347107438,0.9511062798650272,0.9226778035342337,0.9180327868852458,0.9135399673735728,0.5756522702292388
1791,0.9816666666666667,0.9393754104671966,0.8861788617886179,0.9316239316239316,0.9393754104671966,0.9147347300396081,0.9083333333333333,0.8949096880131364,0.6332162312228982
1792,0.98,0.934846117263401,0.8780487804878049,0.9230769230769231,0.934846117263401,0.906812851782364,0.9,0.8866995073891627,0.6907815248789411
1793,0.9825,0.9542428154086555,0.9186991869918699,0.9112903225806451,0.9542428154086554,0.9191614214529242,0.9149797570850201,0.9172077922077924,0.604435916554048
1794,0.9783333333333334,0.9303168240596055,0.8699186991869918,0.9145299145299145,0.9303168240596055,0.8988909735251197,0.8916666666666666,0.8784893267651888,0.748346818534984
1795,0.9825,0.9470412392146206,0.9024390243902439,0.925,0.9470412392146206,0.9187195121951219,0.9135802469135802,0.9068627450980392,0.6044345838916644
1796,0.98,0.934846117263401,0.8780487804878049,0.9230769230769231,0.934846117263401,0.906812851782364,0.9,0.8866995073891627,0.6907815248789411
1797,0.9816666666666667,0.942976198564214,0.8943089430894309,0.9243697478991597,0.9429761985642141,0.9147560121609619,0.9090909090909092,0.9001636661211129,0.6332168975540899
1798,0.9783333333333334,0.9303168240596055,0.8699186991869918,0.9145299145299145,0.9303168240596055,0.8988909735251197,0.8916666666666666,0.8784893267651888,0.748346818534984
1799,0.9816666666666667,0.9393754104671966,0.8861788617886179,0.9316239316239316,0.9393754104671966,0.9147347300396081,0.9083333333333333,0.8949096880131364,0.6332162312228982
1800,0.9791666666666666,0.934381864710012,0.8780487804878049,0.9152542372881356,0.934381864710012,0.9029015088879703,0.896265560165975,0.8852459016393444,0.7195645048725585
1801,0.9825,0.9470412392146206,0.9024390243902439,0.925,0.9470412392146206,0.9187195121951219,0.9135802469135802,0.9068627450980392,0.6044345838916643
1802,0.98,0.9312453291663836,0.8699186991869918,0.9304347826086956,0.9312453291663836,0.9068434075645104,0.8991596638655462,0.8813838550247116,0.6907808585477492
1803,0.9841666666666666,0.9479697443213986,0.9024390243902439,0.940677966101695,0.9479697443213986,0.9265584952459696,0.9211618257261411,0.9098360655737704,0.5468686239044295
1804,0.9808333333333333,0.9389111579138076,0.8861788617886179,0.923728813559322,0.9389111579138076,0.9107871710073033,0.9045643153526971,0.8934426229508198,0.6619992112165155
1805,0.9808333333333333,0.9389111579138076,0.8861788617886179,0.923728813559322,0.9389111579138076,0.9107871710073033,0.9045643153526971,0.8934426229508198,0.6619992112165155
1806,0.9808333333333333,0.942511946010825,0.8943089430894309,0.9166666666666666,0.942511946010825,0.9109044715447153,0.9053497942386831,0.8986928104575165,0.6619998775477073
1807,0.9808333333333333,0.9389111579138076,0.8861788617886179,0.923728813559322,0.9389111579138076,0.9107871710073033,0.9045643153526971,0.8934426229508198,0.6619992112165155
1808,0.9816666666666667,0.9393754104671966,0.8861788617886179,0.9316239316239316,0.9393754104671966,0.9147347300396081,0.9083333333333333,0.8949096880131364,0.633216231222898
1809,0.9825,0.9470412392146206,0.9024390243902439,0.925,0.9470412392146206,0.9187195121951219,0.9135802469135802,0.9068627450980392,0.6044345838916644
1810,0.9791666666666666,0.934381864710012,0.8780487804878049,0.9152542372881356,0.934381864710012,0.9029015088879703,0.896265560165975,0.8852459016393444,0.7195645048725584
1811,0.9816666666666667,0.9393754104671966,0.8861788617886179,0.9316239316239316,0.9393754104671966,0.9147347300396081,0.9083333333333333,0.8949096880131364,0.633216231222898
1812,0.9825,0.9362388749235682,0.8780487804878049,0.9473684210526315,0.9362388749235682,0.9189586007702182,0.9113924050632912,0.8910891089108909,0.6044325848980888
1813,0.9791666666666666,0.934381864710012,0.8780487804878049,0.9152542372881356,0.934381864710012,0.9029015088879703,0.896265560165975,0.8852459016393444,0.7195645048725584
1814,0.9783333333333334,0.9303168240596055,0.8699186991869918,0.9145299145299145,0.9303168240596055,0.8988909735251197,0.8916666666666666,0.8784893267651888,0.748346818534984
1815,0.9808333333333333,0.942511946010825,0.8943089430894309,0.9166666666666666,0.942511946010825,0.9109044715447153,0.9053497942386831,0.8986928104575165,0.6619998775477074
1816,0.9791666666666666,0.9307810766129945,0.8699186991869918,0.9224137931034483,0.9307810766129946,0.9028329128118868,0.8953974895397491,0.8799342105263158,0.7195638385413665
1817,0.9808333333333333,0.9389111579138076,0.8861788617886179,0.923728813559322,0.9389111579138076,0.9107871710073033,0.9045643153526971,0.8934426229508198,0.6619992112165155
1818,0.9816666666666667,0.9465769866612315,0.9024390243902439,0.9173553719008265,0.9465769866612315,0.9148971981455352,0.9098360655737705,0.9053833605220227,0.6332175638852817
1819,0.9816666666666667,0.935774622370179,0.8780487804878049,0.9391304347826087,0.9357746223701789,0.9148396076352068,0.907563025210084,0.8896210873146623,0.6332155648917063
1820,0.9816666666666667,0.942976198564214,0.8943089430894309,0.9243697478991597,0.9429761985642141,0.9147560121609619,0.9090909090909092,0.9001636661211129,0.6332168975540899
1821,0.9791666666666666,0.934381864710012,0.8780487804878049,0.9152542372881356,0.934381864710012,0.9029015088879703,0.896265560165975,0.8852459016393444,0.7195645048725584
1822,0.9816666666666667,0.9465769866612315,0.9024390243902439,0.9173553719008265,0.9465769866612315,0.9148971981455352,0.9098360655737705,0.9053833605220227,0.6332175638852817
1823,0.9825,0.9434404511176031,0.8943089430894309,0.9322033898305084,0.9434404511176032,0.9186728331266363,0.9128630705394191,0.9016393442622951,0.6044339175604725
1824,0.9808333333333333,0.942511946010825,0.8943089430894309,0.9166666666666666,0.942511946010825,0.9109044715447153,0.9053497942386831,0.8986928104575165,0.6619998775477073
1825,0.9833333333333333,0.951106279865027,0.9105691056910569,0.9256198347107438,0.9511062798650272,0.9226778035342337,0.9180327868852458,0.9135399673735728,0.5756522702292387
1826,0.9791666666666666,0.9307810766129945,0.8699186991869918,0.9224137931034483,0.9307810766129946,0.9028329128118868,0.8953974895397491,0.8799342105263158,0.7195638385413665
1827,0.98,0.9384469053604185,0.8861788617886179,0.9159663865546218,0.9384469053604185,0.9069059575049532,0.9008264462809917,0.8919803600654663,0.6907821912101328
1828,0.9825,0.9398396630205856,0.8861788617886179,0.9396551724137931,0.9398396630205856,0.9187503504345389,0.9121338912133892,0.8963815789473685,0.6044332512292807
1829,0.9808333333333333,0.9353103698167902,0.8780487804878049,0.9310344827586207,0.93531036981679,0.9107916316232127,0.903765690376569,0.8881578947368419,0.6619985448853236
1830,0.98,0.934846117263401,0.8780487804878049,0.9230769230769231,0.934846117263401,0.906812851782364,0.9,0.8866995073891627,0.6907815248789411
1831,0.98,0.934846117263401,0.8780487804878049,0.9230769230769231,0.934846117263401,0.906812851782364,0.9,0.8866995073891627,0.6907815248789411
1832,0.9825,0.9470412392146206,0.9024390243902439,0.925,0.9470412392146206,0.9187195121951219,0.9135802469135802,0.9068627450980392,0.6044345838916643
1833,0.9833333333333333,0.951106279865027,0.9105691056910569,0.9256198347107438,0.9511062798650272,0.9226778035342337,0.9180327868852458,0.9135399673735728,0.5756522702292387
1834,0.98,0.9312453291663836,0.8699186991869918,0.9304347826086956,0.9312453291663836,0.9068434075645104,0.8991596638655462,0.8813838550247116,0.6907808585477492
1835,0.98,0.942047693457436,0.8943089430894309,0.9090909090909091,0.9420476934574359,0.9071165927568366,0.9016393442622952,0.897226753670473,0.6907828575413248
1836,0.98,0.9312453291663836,0.8699186991869918,0.9304347826086956,0.9312453291663836,0.9068434075645104,0.8991596638655462,0.8813838550247116,0.6907808585477492
1837,0.985,0.9556355730688226,0.9186991869918699,0.9338842975206612,0.9556355730688226,0.9304584089229322,0.9262295081967213,0.9216965742251224,0.5180869765731958
1838,0.9841666666666666,0.951570532418416,0.9105691056910569,0.9333333333333333,0.9515705324184162,0.9265345528455284,0.9218106995884775,0.9150326797385622,0.5468692902356213
1839,0.9825,0.9470412392146206,0.9024390243902439,0.925,0.9470412392146206,0.9187195121951219,0.9135802469135802,0.9068627450980392,0.6044345838916644
1840,0.9808333333333333,0.9353103698167902,0.8780487804878049,0.9310344827586207,0.93531036981679,0.9107916316232127,0.903765690376569,0.8881578947368419,0.6619985448853236
1841,0.9816666666666667,0.935774622370179,0.8780487804878049,0.9391304347826087,0.9357746223701789,0.9148396076352068,0.907563025210084,0.8896210873146623,0.6332155648917063
1842,0.9825,0.9470412392146206,0.9024390243902439,0.925,0.9470412392146206,0.9187195121951219,0.9135802469135802,0.9068627450980392,0.6044345838916644
1843,0.9791666666666666,0.9271802885159771,0.8617886178861789,0.9298245614035088,0.9271802885159771,0.9028899229781772,0.8945147679324894,0.8745874587458744,0.7195631722101747
1844,0.9833333333333333,0.9439047036709921,0.8943089430894309,0.9401709401709402,0.9439047036709921,0.9226566082968523,0.9166666666666666,0.9031198686371099,0.575650937566855
1845,0.9841666666666666,0.9551713205154335,0.9186991869918699,0.9262295081967213,0.9551713205154336,0.9266310142609623,0.9224489795918367,0.9201954397394136,0.5468699565668131
1846,0.9833333333333333,0.9439047036709921,0.8943089430894309,0.9401709401709402,0.9439047036709921,0.9226566082968523,0.9166666666666666,0.9031198686371099,0.5756509375668551
1847,0.9841666666666666,0.951570532418416,0.9105691056910569,0.9333333333333333,0.9515705324184162,0.9265345528455284,0.9218106995884775,0.9150326797385622,0.5468692902356214
1848,0.9833333333333333,0.9475054917680097,0.9024390243902439,0.9327731092436975,0.9475054917680096,0.9226060668169707,0.9173553719008264,0.9083469721767595,0.5756516038980469
1849,0.9766666666666667,0.9221867427587924,0.8536585365853658,0.9130434782608695,0.9221867427587924,0.8908510074231177,0.8823529411764706,0.8649093904448104,0.8059114458598352
1850,0.98,0.9384469053604185,0.8861788617886179,0.9159663865546218,0.9384469053604185,0.9069059575049532,0.9008264462809917,0.8919803600654663,0.690782191210133
1851,0.9766666666666667,0.9221867427587924,0.8536585365853658,0.9130434782608695,0.9221867427587924,0.8908510074231177,0.8823529411764706,0.8649093904448104,0.8059114458598352
1852,0.9808333333333333,0.942511946010825,0.8943089430894309,0.9166666666666666,0.942511946010825,0.9109044715447153,0.9053497942386831,0.8986928104575165,0.6619998775477073
1853,0.9833333333333333,0.951106279865027,0.9105691056910569,0.9256198347107438,0.9511062798650272,0.9226778035342337,0.9180327868852458,0.9135399673735728,0.5756522702292388
1854,0.9808333333333333,0.942511946010825,0.8943089430894309,0.9166666666666666,0.942511946010825,0.9109044715447153,0.9053497942386831,0.8986928104575165,0.6619998775477074
1855,0.9808333333333333,0.9389111579138076,0.8861788617886179,0.923728813559322,0.9389111579138076,0.9107871710073033,0.9045643153526971,0.8934426229508198,0.6619992112165155
1856,0.9783333333333334,0.9267160359625881,0.8617886178861789,0.9217391304347826,0.9267160359625881,0.8988472074938141,0.8907563025210083,0.8731466227347612,0.7483461522037921
1857,0.9791666666666666,0.934381864710012,0.8780487804878049,0.9152542372881356,0.934381864710012,0.9029015088879703,0.896265560165975,0.8852459016393444,0.7195645048725584
1858,0.98,0.934846117263401,0.8780487804878049,0.9230769230769231,0.934846117263401,0.906812851782364,0.9,0.8866995073891627,0.6907815248789411
1859,0.9816666666666667,0.942976198564214,0.8943089430894309,0.9243697478991597,0.9429761985642141,0.9147560121609619,0.9090909090909092,0.9001636661211129,0.6332168975540899
1860,0.9808333333333333,0.9353103698167902,0.8780487804878049,0.9310344827586207,0.93531036981679,0.9107916316232127,0.903765690376569,0.8881578947368419,0.6619985448853236
1861,0.9816666666666667,0.9393754104671966,0.8861788617886179,0.9316239316239316,0.9393754104671966,0.9147347300396081,0.9083333333333333,0.8949096880131364,0.633216231222898
1862,0.9816666666666667,0.9393754104671966,0.8861788617886179,0.9316239316239316,0.9393754104671966,0.9147347300396081,0.9083333333333333,0.8949096880131364,0.633216231222898
1863,0.9816666666666667,0.9465769866612315,0.9024390243902439,0.9173553719008265,0.9465769866612315,0.9148971981455352,0.9098360655737705,0.9053833605220227,0.6332175638852817
1864,0.98,0.9384469053604185,0.8861788617886179,0.9159663865546218,0.9384469053604185,0.9069059575049532,0.9008264462809917,0.8919803600654663,0.6907821912101328
1865,0.9825,0.9434404511176031,0.8943089430894309,0.9322033898305084,0.9434404511176032,0.9186728331266363,0.9128630705394191,0.9016393442622951,0.6044339175604725
1866,0.9833333333333333,0.9403039155739747,0.8861788617886179,0.9478260869565217,0.9403039155739746,0.9228358077059031,0.9159663865546218,0.8978583196046129,0.5756502712356633
1867,0.9833333333333333,0.9475054917680097,0.9024390243902439,0.9327731092436975,0.9475054917680096,0.9226060668169707,0.9173553719008264,0.9083469721767595,0.5756516038980469
1868,0.9841666666666666,0.951570532418416,0.9105691056910569,0.9333333333333333,0.9515705324184162,0.9265345528455284,0.9218106995884775,0.9150326797385622,0.5468692902356214
1869,0.9816666666666667,0.9465769866612315,0.9024390243902439,0.9173553719008265,0.9465769866612315,0.9148971981455352,0.9098360655737705,0.9053833605220227,0.6332175638852817
1870,0.9816666666666667,0.935774622370179,0.8780487804878049,0.9391304347826087,0.9357746223701789,0.9148396076352068,0.907563025210084,0.8896210873146623,0.6332155648917063
1871,0.9816666666666667,0.942976198564214,0.8943089430894309,0.9243697478991597,0.9429761985642141,0.9147560121609619,0.9090909090909092,0.9001636661211129,0.6332168975540898
1872,0.9825,0.950642027311638,0.9105691056910569,0.9180327868852459,0.950642027311638,0.9188842796214848,0.9142857142857143,0.9120521172638435,0.6044352502228562
1873,0.9791666666666666,0.9271802885159771,0.8617886178861789,0.9298245614035088,0.9271802885159771,0.9028899229781772,0.8945147679324894,0.8745874587458744,0.7195631722101747
1874,0.9783333333333334,0.9267160359625881,0.8617886178861789,0.9217391304347826,0.9267160359625881,0.8988472074938141,0.8907563025210083,0.8731466227347612,0.7483461522037921
1875,0.98,0.934846117263401,0.8780487804878049,0.9230769230769231,0.934846117263401,0.906812851782364,0.9,0.8866995073891627,0.6907815248789411
1876,0.9816666666666667,0.9393754104671966,0.8861788617886179,0.9316239316239316,0.9393754104671966,0.9147347300396081,0.9083333333333333,0.8949096880131364,0.6332162312228982
1877,0.9816666666666667,0.942976198564214,0.8943089430894309,0.9243697478991597,0.9429761985642141,0.9147560121609619,0.9090909090909092,0.9001636661211129,0.6332168975540899
1878,0.9841666666666666,0.951570532418416,0.9105691056910569,0.9333333333333333,0.9515705324184162,0.9265345528455284,0.9218106995884775,0.9150326797385622,0.5468692902356214
1879,0.9825,0.9470412392146206,0.9024390243902439,0.925,0.9470412392146206,0.9187195121951219,0.9135802469135802,0.9068627450980392,0.6044345838916644
1880,0.9825,0.9434404511176031,0.8943089430894309,0.9322033898305084,0.9434404511176032,0.9186728331266363,0.9128630705394191,0.9016393442622951,0.6044339175604726
1881,0.9808333333333333,0.9389111579138076,0.8861788617886179,0.923728813559322,0.9389111579138076,0.9107871710073033,0.9045643153526971,0.8934426229508198,0.6619992112165155
1882,0.9791666666666666,0.934381864710012,0.8780487804878049,0.9152542372881356,0.934381864710012,0.9029015088879703,0.896265560165975,0.8852459016393444,0.7195645048725585
1883,0.98,0.942047693457436,0.8943089430894309,0.9090909090909091,0.9420476934574359,0.9071165927568366,0.9016393442622952,0.897226753670473,0.6907828575413246
1884,0.9808333333333333,0.942511946010825,0.8943089430894309,0.9166666666666666,0.942511946010825,0.9109044715447153,0.9053497942386831,0.8986928104575165,0.6619998775477073
1885,0.9808333333333333,0.9389111579138076,0.8861788617886179,0.923728813559322,0.9389111579138076,0.9107871710073033,0.9045643153526971,0.8934426229508198,0.6619992112165155
1886,0.9825,0.9470412392146206,0.9024390243902439,0.925,0.9470412392146206,0.9187195121951219,0.9135802469135802,0.9068627450980392,0.6044345838916643
1887,0.9808333333333333,0.942511946010825,0.8943089430894309,0.9166666666666666,0.942511946010825,0.9109044715447153,0.9053497942386831,0.8986928104575165,0.6619998775477073
1888,0.9833333333333333,0.9403039155739747,0.8861788617886179,0.9478260869565217,0.9403039155739746,0.9228358077059031,0.9159663865546218,0.8978583196046129,0.5756502712356633
1889,0.9833333333333333,0.9475054917680097,0.9024390243902439,0.9327731092436975,0.9475054917680096,0.9226060668169707,0.9173553719008264,0.9083469721767595,0.5756516038980469
1890,0.9833333333333333,0.9475054917680097,0.9024390243902439,0.9327731092436975,0.9475054917680096,0.9226060668169707,0.9173553719008264,0.9083469721767595,0.5756516038980469
1891,0.9833333333333333,0.9475054917680097,0.9024390243902439,0.9327731092436975,0.9475054917680096,0.9226060668169707,0.9173553719008264,0.9083469721767595,0.5756516038980469
1892,0.9791666666666666,0.9271802885159771,0.8617886178861789,0.9298245614035088,0.9271802885159771,0.9028899229781772,0.8945147679324894,0.8745874587458744,0.7195631722101747
1893,0.98,0.9384469053604185,0.8861788617886179,0.9159663865546218,0.9384469053604185,0.9069059575049532,0.9008264462809917,0.8919803600654663,0.6907821912101328
1894,0.9833333333333333,0.9475054917680097,0.9024390243902439,0.9327731092436975,0.9475054917680096,0.9226060668169707,0.9173553719008264,0.9083469721767595,0.5756516038980469
1895,0.9816666666666667,0.9393754104671966,0.8861788617886179,0.9316239316239316,0.9393754104671966,0.9147347300396081,0.9083333333333333,0.8949096880131364,0.633216231222898
1896,0.98,0.934846117263401,0.8780487804878049,0.9230769230769231,0.934846117263401,0.906812851782364,0.9,0.8866995073891627,0.6907815248789411
1897,0.98,0.9312453291663836,0.8699186991869918,0.9304347826086956,0.9312453291663836,0.9068434075645104,0.8991596638655462,0.8813838550247116,0.6907808585477492
1898,0.9791666666666666,0.9271802885159771,0.8617886178861789,0.9298245614035088,0.9271802885159771,0.9028899229781772,0.8945147679324894,0.8745874587458744,0.7195631722101747
1899,0.9791666666666666,0.9307810766129945,0.8699186991869918,0.9224137931034483,0.9307810766129946,0.9028329128118868,0.8953974895397491,0.8799342105263158,0.7195638385413666
1900,0.9783333333333334,0.9303168240596055,0.8699186991869918,0.9145299145299145,0.9303168240596055,0.8988909735251197,0.8916666666666666,0.8784893267651888,0.748346818534984
1901,0.9816666666666667,0.9393754104671966,0.8861788617886179,0.9316239316239316,0.9393754104671966,0.9147347300396081,0.9083333333333333,0.8949096880131364,0.6332162312228982
1902,0.9833333333333333,0.9403039155739747,0.8861788617886179,0.9478260869565217,0.9403039155739746,0.9228358077059031,0.9159663865546218,0.8978583196046129,0.5756502712356633
1903,0.9833333333333333,0.9475054917680097,0.9024390243902439,0.9327731092436975,0.9475054917680096,0.9226060668169707,0.9173553719008264,0.9083469721767595,0.5756516038980469
1904,0.98,0.934846117263401,0.8780487804878049,0.9230769230769231,0.934846117263401,0.906812851782364,0.9,0.8866995073891627,0.6907815248789411
1905,0.9791666666666666,0.9271802885159771,0.8617886178861789,0.9298245614035088,0.9271802885159771,0.9028899229781772,0.8945147679324894,0.8745874587458744,0.7195631722101747
1906,0.9816666666666667,0.942976198564214,0.8943089430894309,0.9243697478991597,0.9429761985642141,0.9147560121609619,0.9090909090909092,0.9001636661211129,0.6332168975540899
1907,0.9816666666666667,0.9393754104671966,0.8861788617886179,0.9316239316239316,0.9393754104671966,0.9147347300396081,0.9083333333333333,0.8949096880131364,0.6332162312228982
1908,0.9816666666666667,0.942976198564214,0.8943089430894309,0.9243697478991597,0.9429761985642141,0.9147560121609619,0.9090909090909092,0.9001636661211129,0.6332168975540899
1909,0.9808333333333333,0.9389111579138076,0.8861788617886179,0.923728813559322,0.9389111579138076,0.9107871710073033,0.9045643153526971,0.8934426229508198,0.6619992112165155
1910,0.9791666666666666,0.934381864710012,0.8780487804878049,0.9152542372881356,0.934381864710012,0.9029015088879703,0.896265560165975,0.8852459016393444,0.7195645048725584
1911,0.9808333333333333,0.9461127341078425,0.9024390243902439,0.9098360655737705,0.9461127341078424,0.9111375449820073,0.9061224489795918,0.9039087947882738,0.6620005438788992
1912,0.9816666666666667,0.9465769866612315,0.9024390243902439,0.9173553719008265,0.9465769866612315,0.9148971981455352,0.9098360655737705,0.9053833605220227,0.6332175638852817
1913,0.9775,0.926251783409199,0.8617886178861789,0.9137931034482759,0.926251783409199,0.8948741940005607,0.887029288702929,0.8717105263157895,0.7771291321974094
1914,0.9791666666666666,0.9307810766129945,0.8699186991869918,0.9224137931034483,0.9307810766129946,0.9028329128118868,0.8953974895397491,0.8799342105263158,0.7195638385413665
1915,0.9825,0.9398396630205856,0.8861788617886179,0.9396551724137931,0.9398396630205856,0.9187503504345389,0.9121338912133892,0.8963815789473685,0.6044332512292806
1916,0.9766666666666667,0.9149851665647576,0.8373983739837398,0.9279279279279279,0.9149851665647576,0.8909964842891671,0.8803418803418804,0.8540630182421227,0.8059101131974515
1917,0.9816666666666667,0.942976198564214,0.8943089430894309,0.9243697478991597,0.9429761985642141,0.9147560121609619,0.9090909090909092,0.9001636661211129,0.6332168975540899
1918,0.98,0.9312453291663836,0.8699186991869918,0.9304347826086956,0.9312453291663836,0.9068434075645104,0.8991596638655462,0.8813838550247116,0.6907808585477492
1919,0.98,0.9384469053604185,0.8861788617886179,0.9159663865546218,0.9384469053604185,0.9069059575049532,0.9008264462809917,0.8919803600654663,0.6907821912101328
1920,0.9775,0.9226509953121815,0.8536585365853658,0.9210526315789473,0.9226509953121815,0.8948555840821566,0.8860759493670887,0.8663366336633662,0.7771284658662178
1921,0.98,0.934846117263401,0.8780487804878049,0.9230769230769231,0.934846117263401,0.906812851782364,0.9,0.8866995073891627,0.6907815248789411
1922,0.98,0.934846117263401,0.8780487804878049,0.9230769230769231,0.934846117263401,0.906812851782364,0.9,0.8866995073891627,0.6907815248789411
1923,0.9783333333333334,0.9267160359625881,0.8617886178861789,0.9217391304347826,0.9267160359625881,0.8988472074938141,0.8907563025210083,0.8731466227347612,0.7483461522037921
1924,0.9816666666666667,0.942976198564214,0.8943089430894309,0.9243697478991597,0.9429761985642141,0.9147560121609619,0.9090909090909092,0.9001636661211129,0.6332168975540899
1925,0.9808333333333333,0.9389111579138076,0.8861788617886179,0.923728813559322,0.9389111579138076,0.9107871710073033,0.9045643153526971,0.8934426229508198,0.6619992112165155
1926,0.9791666666666666,0.934381864710012,0.8780487804878049,0.9152542372881356,0.934381864710012,0.9029015088879703,0.896265560165975,0.8852459016393444,0.7195645048725584
1927,0.9808333333333333,0.9353103698167902,0.8780487804878049,0.9310344827586207,0.93531036981679,0.9107916316232127,0.903765690376569,0.8881578947368419,0.6619985448853236
1928,0.98,0.9312453291663836,0.8699186991869918,0.9304347826086956,0.9312453291663836,0.9068434075645104,0.8991596638655462,0.8813838550247116,0.6907808585477493
1929,0.9816666666666667,0.942976198564214,0.8943089430894309,0.9243697478991597,0.9429761985642141,0.9147560121609619,0.9090909090909092,0.9001636661211129,0.6332168975540899
1930,0.98,0.934846117263401,0.8780487804878049,0.9230769230769231,0.934846117263401,0.906812851782364,0.9,0.8866995073891627,0.6907815248789411
1931,0.9791666666666666,0.9271802885159771,0.8617886178861789,0.9298245614035088,0.9271802885159771,0.9028899229781772,0.8945147679324894,0.8745874587458744,0.7195631722101747
1932,0.9816666666666667,0.9393754104671966,0.8861788617886179,0.9316239316239316,0.9393754104671966,0.9147347300396081,0.9083333333333333,0.8949096880131364,0.6332162312228982
1933,0.9816666666666667,0.9393754104671966,0.8861788617886179,0.9316239316239316,0.9393754104671966,0.9147347300396081,0.9083333333333333,0.8949096880131364,0.6332162312228982
1934,0.9808333333333333,0.942511946010825,0.8943089430894309,0.9166666666666666,0.942511946010825,0.9109044715447153,0.9053497942386831,0.8986928104575165,0.6619998775477073
1935,0.9816666666666667,0.942976198564214,0.8943089430894309,0.9243697478991597,0.9429761985642141,0.9147560121609619,0.9090909090909092,0.9001636661211129,0.6332168975540899
1936,0.9783333333333334,0.9303168240596055,0.8699186991869918,0.9145299145299145,0.9303168240596055,0.8988909735251197,0.8916666666666666,0.8784893267651888,0.748346818534984
1937,0.98,0.934846117263401,0.8780487804878049,0.9230769230769231,0.934846117263401,0.906812851782364,0.9,0.8866995073891627,0.6907815248789411
1938,0.9808333333333333,0.9389111579138076,0.8861788617886179,0.923728813559322,0.9389111579138076,0.9107871710073033,0.9045643153526971,0.8934426229508198,0.6619992112165155
1939,0.9841666666666666,0.951570532418416,0.9105691056910569,0.9333333333333333,0.9515705324184162,0.9265345528455284,0.9218106995884775,0.9150326797385622,0.5468692902356214
1940,0.9841666666666666,0.9551713205154335,0.9186991869918699,0.9262295081967213,0.9551713205154336,0.9266310142609623,0.9224489795918367,0.9201954397394136,0.5468699565668131
1941,0.9791666666666666,0.9307810766129945,0.8699186991869918,0.9224137931034483,0.9307810766129946,0.9028329128118868,0.8953974895397491,0.8799342105263158,0.7195638385413665
1942,0.9808333333333333,0.942511946010825,0.8943089430894309,0.9166666666666666,0.942511946010825,0.9109044715447153,0.9053497942386831,0.8986928104575165,0.6619998775477074
1943,0.9791666666666666,0.9307810766129945,0.8699186991869918,0.9224137931034483,0.9307810766129946,0.9028329128118868,0.8953974895397491,0.8799342105263158,0.7195638385413665
1944,0.9825,0.9362388749235682,0.8780487804878049,0.9473684210526315,0.9362388749235682,0.9189586007702182,0.9113924050632912,0.8910891089108909,0.6044325848980889
1945,0.9833333333333333,0.9475054917680097,0.9024390243902439,0.9327731092436975,0.9475054917680096,0.9226060668169707,0.9173553719008264,0.9083469721767595,0.5756516038980469
1946,0.9816666666666667,0.9465769866612315,0.9024390243902439,0.9173553719008265,0.9465769866612315,0.9148971981455352,0.9098360655737705,0.9053833605220227,0.6332175638852817
1947,0.9816666666666667,0.935774622370179,0.8780487804878049,0.9391304347826087,0.9357746223701789,0.9148396076352068,0.907563025210084,0.8896210873146623,0.6332155648917062
1948,0.9808333333333333,0.942511946010825,0.8943089430894309,0.9166666666666666,0.942511946010825,0.9109044715447153,0.9053497942386831,0.8986928104575165,0.6619998775477074
1949,0.9816666666666667,0.942976198564214,0.8943089430894309,0.9243697478991597,0.9429761985642141,0.9147560121609619,0.9090909090909092,0.9001636661211129,0.6332168975540899
1950,0.98,0.9384469053604185,0.8861788617886179,0.9159663865546218,0.9384469053604185,0.9069059575049532,0.9008264462809917,0.8919803600654663,0.690782191210133
1951,0.9816666666666667,0.942976198564214,0.8943089430894309,0.9243697478991597,0.9429761985642141,0.9147560121609619,0.9090909090909092,0.9001636661211129,0.6332168975540899
1952,0.98,0.934846117263401,0.8780487804878049,0.9230769230769231,0.934846117263401,0.906812851782364,0.9,0.8866995073891627,0.6907815248789411
1953,0.9808333333333333,0.942511946010825,0.8943089430894309,0.9166666666666666,0.942511946010825,0.9109044715447153,0.9053497942386831,0.8986928104575165,0.6619998775477074
1954,0.9825,0.9434404511176031,0.8943089430894309,0.9322033898305084,0.9434404511176032,0.9186728331266363,0.9128630705394191,0.9016393442622951,0.6044339175604725
1955,0.9825,0.950642027311638,0.9105691056910569,0.9180327868852459,0.950642027311638,0.9188842796214848,0.9142857142857143,0.9120521172638435,0.6044352502228562
1956,0.98,0.9384469053604185,0.8861788617886179,0.9159663865546218,0.9384469053604185,0.9069059575049532,0.9008264462809917,0.8919803600654663,0.6907821912101328
1957,0.9816666666666667,0.935774622370179,0.8780487804878049,0.9391304347826087,0.9357746223701789,0.9148396076352068,0.907563025210084,0.8896210873146623,0.6332155648917063
1958,0.98,0.934846117263401,0.8780487804878049,0.9230769230769231,0.934846117263401,0.906812851782364,0.9,0.8866995073891627,0.6907815248789411
1959,0.9783333333333334,0.9267160359625881,0.8617886178861789,0.9217391304347826,0.9267160359625881,0.8988472074938141,0.8907563025210083,0.8731466227347612,0.7483461522037922
1960,0.9816666666666667,0.942976198564214,0.8943089430894309,0.9243697478991597,0.9429761985642141,0.9147560121609619,0.9090909090909092,0.9001636661211129,0.6332168975540899
1961,0.9791666666666666,0.934381864710012,0.8780487804878049,0.9152542372881356,0.934381864710012,0.9029015088879703,0.896265560165975,0.8852459016393444,0.7195645048725584
1962,0.9808333333333333,0.9389111579138076,0.8861788617886179,0.923728813559322,0.9389111579138076,0.9107871710073033,0.9045643153526971,0.8934426229508198,0.6619992112165155
1963,0.98,0.934846117263401,0.8780487804878049,0.9230769230769231,0.934846117263401,0.906812851782364,0.9,0.8866995073891627,0.6907815248789411
1964,0.9825,0.9434404511176031,0.8943089430894309,0.9322033898305084,0.9434404511176032,0.9186728331266363,0.9128630705394191,0.9016393442622951,0.6044339175604726
1965,0.9841666666666666,0.951570532418416,0.9105691056910569,0.9333333333333333,0.9515705324184162,0.9265345528455284,0.9218106995884775,0.9150326797385622,0.5468692902356214
1966,0.9825,0.9470412392146206,0.9024390243902439,0.925,0.9470412392146206,0.9187195121951219,0.9135802469135802,0.9068627450980392,0.6044345838916644
1967,0.98,0.942047693457436,0.8943089430894309,0.9090909090909091,0.9420476934574359,0.9071165927568366,0.9016393442622952,0.897226753670473,0.6907828575413248
1968,0.9825,0.9434404511176031,0.8943089430894309,0.9322033898305084,0.9434404511176032,0.9186728331266363,0.9128630705394191,0.9016393442622951,0.6044339175604725
1969,0.98,0.942047693457436,0.8943089430894309,0.9090909090909091,0.9420476934574359,0.9071165927568366,0.9016393442622952,0.897226753670473,0.6907828575413248
1970,0.9791666666666666,0.934381864710012,0.8780487804878049,0.9152542372881356,0.934381864710012,0.9029015088879703,0.896265560165975,0.8852459016393444,0.7195645048725584
1971,0.9808333333333333,0.9353103698167902,0.8780487804878049,0.9310344827586207,0.93531036981679,0.9107916316232127,0.903765690376569,0.8881578947368419,0.6619985448853236
1972,0.9808333333333333,0.9389111579138076,0.8861788617886179,0.923728813559322,0.9389111579138076,0.9107871710073033,0.9045643153526971,0.8934426229508198,0.6619992112165155
1973,0.98,0.934846117263401,0.8780487804878049,0.9230769230769231,0.934846117263401,0.906812851782364,0.9,0.8866995073891627,0.6907815248789411
1974,0.9775,0.926251783409199,0.8617886178861789,0.9137931034482759,0.926251783409199,0.8948741940005607,0.887029288702929,0.8717105263157895,0.7771291321974094
1975,0.9833333333333333,0.9475054917680097,0.9024390243902439,0.9327731092436975,0.9475054917680096,0.9226060668169707,0.9173553719008264,0.9083469721767595,0.5756516038980469
1976,0.9816666666666667,0.942976198564214,0.8943089430894309,0.9243697478991597,0.9429761985642141,0.9147560121609619,0.9090909090909092,0.9001636661211129,0.6332168975540899
1977,0.9808333333333333,0.9389111579138076,0.8861788617886179,0.923728813559322,0.9389111579138076,0.9107871710073033,0.9045643153526971,0.8934426229508198,0.6619992112165155
1978,0.98,0.9384469053604185,0.8861788617886179,0.9159663865546218,0.9384469053604185,0.9069059575049532,0.9008264462809917,0.8919803600654663,0.6907821912101328
1979,0.9791666666666666,0.934381864710012,0.8780487804878049,0.9152542372881356,0.934381864710012,0.9029015088879703,0.896265560165975,0.8852459016393444,0.7195645048725584
1980,0.98,0.9384469053604185,0.8861788617886179,0.9159663865546218,0.9384469053604185,0.9069059575049532,0.9008264462809917,0.8919803600654663,0.6907821912101328
1981,0.9808333333333333,0.9353103698167902,0.8780487804878049,0.9310344827586207,0.93531036981679,0.9107916316232127,0.903765690376569,0.8881578947368419,0.6619985448853236
1982,0.9816666666666667,0.942976198564214,0.8943089430894309,0.9243697478991597,0.9429761985642141,0.9147560121609619,0.9090909090909092,0.9001636661211129,0.6332168975540899
1983,0.9816666666666667,0.942976198564214,0.8943089430894309,0.9243697478991597,0.9429761985642141,0.9147560121609619,0.9090909090909092,0.9001636661211129,0.6332168975540899
1984,0.9825,0.9470412392146206,0.9024390243902439,0.925,0.9470412392146206,0.9187195121951219,0.9135802469135802,0.9068627450980392,0.6044345838916644
1985,0.98,0.934846117263401,0.8780487804878049,0.9230769230769231,0.934846117263401,0.906812851782364,0.9,0.8866995073891627,0.6907815248789411
1986,0.9783333333333334,0.9303168240596055,0.8699186991869918,0.9145299145299145,0.9303168240596055,0.8988909735251197,0.8916666666666666,0.8784893267651888,0.748346818534984
1987,0.9783333333333334,0.9267160359625881,0.8617886178861789,0.9217391304347826,0.9267160359625881,0.8988472074938141,0.8907563025210083,0.8731466227347612,0.7483461522037921
1988,0.9783333333333334,0.9303168240596055,0.8699186991869918,0.9145299145299145,0.9303168240596055,0.8988909735251197,0.8916666666666666,0.8784893267651888,0.7483468185349841
1989,0.9825,0.9434404511176031,0.8943089430894309,0.9322033898305084,0.9434404511176032,0.9186728331266363,0.9128630705394191,0.9016393442622951,0.6044339175604725
1990,0.9791666666666666,0.9307810766129945,0.8699186991869918,0.9224137931034483,0.9307810766129946,0.9028329128118868,0.8953974895397491,0.8799342105263158,0.7195638385413665
1991,0.9833333333333333,0.9475054917680097,0.9024390243902439,0.9327731092436975,0.9475054917680096,0.9226060668169707,0.9173553719008264,0.9083469721767595,0.5756516038980469
1992,0.9825,0.9398396630205856,0.8861788617886179,0.9396551724137931,0.9398396630205856,0.9187503504345389,0.9121338912133892,0.8963815789473685,0.6044332512292806
1993,0.9791666666666666,0.9307810766129945,0.8699186991869918,0.9224137931034483,0.9307810766129946,0.9028329128118868,0.8953974895397491,0.8799342105263158,0.7195638385413665
1994,0.9808333333333333,0.942511946010825,0.8943089430894309,0.9166666666666666,0.942511946010825,0.9109044715447153,0.9053497942386831,0.8986928104575165,0.6619998775477073
1995,0.9825,0.9470412392146206,0.9024390243902439,0.925,0.9470412392146206,0.9187195121951219,0.9135802469135802,0.9068627450980392,0.6044345838916643
1996,0.9816666666666667,0.9393754104671966,0.8861788617886179,0.9316239316239316,0.9393754104671966,0.9147347300396081,0.9083333333333333,0.8949096880131364,0.633216231222898
1997,0.9825,0.9434404511176031,0.8943089430894309,0.9322033898305084,0.9434404511176032,0.9186728331266363,0.9128630705394191,0.9016393442622951,0.6044339175604725
1998,0.9833333333333333,0.9475054917680097,0.9024390243902439,0.9327731092436975,0.9475054917680096,0.9226060668169707,0.9173553719008264,0.9083469721767595,0.5756516038980468
1999,0.9833333333333333,0.9403039155739747,0.8861788617886179,0.9478260869565217,0.9403039155739746,0.9228358077059031,0.9159663865546218,0.8978583196046129,0.5756502712356633
2000,0.9783333333333334,0.9267160359625881,0.8617886178861789,0.9217391304347826,0.9267160359625881,0.8988472074938141,0.8907563025210083,0.8731466227347612,0.7483461522037921
2001,0.9808333333333333,0.942511946010825,0.8943089430894309,0.9166666666666666,0.942511946010825,0.9109044715447153,0.9053497942386831,0.8986928104575165,0.6619998775477074
2002,0.9816666666666667,0.942976198564214,0.8943089430894309,0.9243697478991597,0.9429761985642141,0.9147560121609619,0.9090909090909092,0.9001636661211129,0.6332168975540899
2003,0.9825,0.9470412392146206,0.9024390243902439,0.925,0.9470412392146206,0.9187195121951219,0.9135802469135802,0.9068627450980392,0.6044345838916644
2004,0.98,0.9384469053604185,0.8861788617886179,0.9159663865546218,0.9384469053604185,0.9069059575049532,0.9008264462809917,0.8919803600654663,0.690782191210133
2005,0.98,0.934846117263401,0.8780487804878049,0.9230769230769231,0.934846117263401,0.906812851782364,0.9,0.8866995073891627,0.6907815248789411
2006,0.9841666666666666,0.9479697443213986,0.9024390243902439,0.940677966101695,0.9479697443213986,0.9265584952459696,0.9211618257261411,0.9098360655737704,0.5468686239044295
2007,0.9816666666666667,0.9393754104671966,0.8861788617886179,0.9316239316239316,0.9393754104671966,0.9147347300396081,0.9083333333333333,0.8949096880131364,0.633216231222898
2008,0.98,0.9276445410693661,0.8617886178861789,0.9380530973451328,0.927644541069366,0.9070041909489892,0.8983050847457628,0.8760330578512395,0.6907801922165574
2009,0.9816666666666667,0.9465769866612315,0.9024390243902439,0.9173553719008265,0.9465769866612315,0.9148971981455352,0.9098360655737705,0.9053833605220227,0.6332175638852817
2010,0.9825,0.9434404511176031,0.8943089430894309,0.9322033898305084,0.9434404511176032,0.9186728331266363,0.9128630705394191,0.9016393442622951,0.6044339175604725
2011,0.9808333333333333,0.9389111579138076,0.8861788617886179,0.923728813559322,0.9389111579138076,0.9107871710073033,0.9045643153526971,0.8934426229508198,0.6619992112165155
2012,0.9825,0.9434404511176031,0.8943089430894309,0.9322033898305084,0.9434404511176032,0.9186728331266363,0.9128630705394191,0.9016393442622951,0.6044339175604726
2013,0.9841666666666666,0.951570532418416,0.9105691056910569,0.9333333333333333,0.9515705324184162,0.9265345528455284,0.9218106995884775,0.9150326797385622,0.5468692902356214
2014,0.9816666666666667,0.942976198564214,0.8943089430894309,0.9243697478991597,0.9429761985642141,0.9147560121609619,0.9090909090909092,0.9001636661211129,0.6332168975540899
2015,0.9825,0.9398396630205856,0.8861788617886179,0.9396551724137931,0.9398396630205856,0.9187503504345389,0.9121338912133892,0.8963815789473685,0.6044332512292806
2016,0.9808333333333333,0.9461127341078425,0.9024390243902439,0.9098360655737705,0.9461127341078424,0.9111375449820073,0.9061224489795918,0.9039087947882738,0.6620005438788992
2017,0.9833333333333333,0.9439047036709921,0.8943089430894309,0.9401709401709402,0.9439047036709921,0.9226566082968523,0.9166666666666666,0.9031198686371099,0.575650937566855
2018,0.9825,0.9470412392146206,0.9024390243902439,0.925,0.9470412392146206,0.9187195121951219,0.9135802469135802,0.9068627450980392,0.6044345838916644
2019,0.98,0.9384469053604185,0.8861788617886179,0.9159663865546218,0.9384469053604185,0.9069059575049532,0.9008264462809917,0.8919803600654663,0.690782191210133
2020,0.9841666666666666,0.9479697443213986,0.9024390243902439,0.940677966101695,0.9479697443213986,0.9265584952459696,0.9211618257261411,0.9098360655737704,0.5468686239044295
2021,0.98,0.9384469053604185,0.8861788617886179,0.9159663865546218,0.9384469053604185,0.9069059575049532,0.9008264462809917,0.8919803600654663,0.6907821912101328
2022,0.9833333333333333,0.9475054917680097,0.9024390243902439,0.9327731092436975,0.9475054917680096,0.9226060668169707,0.9173553719008264,0.9083469721767595,0.5756516038980469
2023,0.9833333333333333,0.9475054917680097,0.9024390243902439,0.9327731092436975,0.9475054917680096,0.9226060668169707,0.9173553719008264,0.9083469721767595,0.575651603898047
2024,0.9808333333333333,0.9389111579138076,0.8861788617886179,0.923728813559322,0.9389111579138076,0.9107871710073033,0.9045643153526971,0.8934426229508198,0.6619992112165155
2025,0.98,0.942047693457436,0.8943089430894309,0.9090909090909091,0.9420476934574359,0.9071165927568366,0.9016393442622952,0.897226753670473,0.6907828575413248
2026,0.9816666666666667,0.9393754104671966,0.8861788617886179,0.9316239316239316,0.9393754104671966,0.9147347300396081,0.9083333333333333,0.8949096880131364,0.6332162312228982
2027,0.9833333333333333,0.9475054917680097,0.9024390243902439,0.9327731092436975,0.9475054917680096,0.9226060668169707,0.9173553719008264,0.9083469721767595,0.5756516038980469
2028,0.9816666666666667,0.9501777747582489,0.9105691056910569,0.9105691056910569,0.950177774758249,0.9151524390243903,0.9105691056910569,0.910569105691057,0.6332182302164736
2029,0.98,0.934846117263401,0.8780487804878049,0.9230769230769231,0.934846117263401,0.906812851782364,0.9,0.8866995073891627,0.6907815248789411
2030,0.9808333333333333,0.9353103698167902,0.8780487804878049,0.9310344827586207,0.93531036981679,0.9107916316232127,0.903765690376569,0.8881578947368419,0.6619985448853236
2031,0.9816666666666667,0.942976198564214,0.8943089430894309,0.9243697478991597,0.9429761985642141,0.9147560121609619,0.9090909090909092,0.9001636661211129,0.6332168975540899
2032,0.985,0.9592363611658401,0.926829268292683,0.926829268292683,0.9592363611658401,0.930579268292683,0.926829268292683,0.926829268292683,0.5180876429043877
2033,0.9816666666666667,0.935774622370179,0.8780487804878049,0.9391304347826087,0.9357746223701789,0.9148396076352068,0.907563025210084,0.8896210873146623,0.6332155648917062
2034,0.9808333333333333,0.9317095817197726,0.8699186991869918,0.9385964912280702,0.9317095817197726,0.9109242618741977,0.9029535864978903,0.8828382838283828,0.6619978785541318
2035,0.9825,0.9398396630205856,0.8861788617886179,0.9396551724137931,0.9398396630205856,0.9187503504345389,0.9121338912133892,0.8963815789473685,0.6044332512292806
2036,0.9816666666666667,0.935774622370179,0.8780487804878049,0.9391304347826087,0.9357746223701789,0.9148396076352068,0.907563025210084,0.8896210873146623,0.6332155648917063
2037,0.9833333333333333,0.9475054917680097,0.9024390243902439,0.9327731092436975,0.9475054917680096,0.9226060668169707,0.9173553719008264,0.9083469721767595,0.5756516038980469
2038,0.9825,0.9470412392146206,0.9024390243902439,0.925,0.9470412392146206,0.9187195121951219,0.9135802469135802,0.9068627450980392,0.6044345838916644
2039,0.9816666666666667,0.9393754104671966,0.8861788617886179,0.9316239316239316,0.9393754104671966,0.9147347300396081,0.9083333333333333,0.8949096880131364,0.6332162312228982
2040,0.9825,0.9434404511176031,0.8943089430894309,0.9322033898305084,0.9434404511176032,0.9186728331266363,0.9128630705394191,0.9016393442622951,0.6044339175604725
2041,0.9783333333333334,0.9303168240596055,0.8699186991869918,0.9145299145299145,0.9303168240596055,0.8988909735251197,0.8916666666666666,0.8784893267651888,0.7483468185349841
2042,0.9816666666666667,0.942976198564214,0.8943089430894309,0.9243697478991597,0.9429761985642141,0.9147560121609619,0.9090909090909092,0.9001636661211129,0.6332168975540899
2043,0.9816666666666667,0.9393754104671966,0.8861788617886179,0.9316239316239316,0.9393754104671966,0.9147347300396081,0.9083333333333333,0.8949096880131364,0.6332162312228982
2044,0.9833333333333333,0.951106279865027,0.9105691056910569,0.9256198347107438,0.9511062798650272,0.9226778035342337,0.9180327868852458,0.9135399673735728,0.5756522702292388
2045,0.9808333333333333,0.9353103698167902,0.8780487804878049,0.9310344827586207,0.93531036981679,0.9107916316232127,0.903765690376569,0.8881578947368419,0.6619985448853236
2046,0.9816666666666667,0.942976198564214,0.8943089430894309,0.9243697478991597,0.9429761985642141,0.9147560121609619,0.9090909090909092,0.9001636661211129,0.6332168975540898
2047,0.9816666666666667,0.9393754104671966,0.8861788617886179,0.9316239316239316,0.9393754104671966,0.9147347300396081,0.9083333333333333,0.8949096880131364,0.6332162312228982
2048,0.9833333333333333,0.9439047036709921,0.8943089430894309,0.9401709401709402,0.9439047036709921,0.9226566082968523,0.9166666666666666,0.9031198686371099,0.5756509375668551
2049,0.9825,0.9470412392146206,0.9024390243902439,0.925,0.9470412392146206,0.9187195121951219,0.9135802469135802,0.9068627450980392,0.6044345838916643
2050,0.9825,0.9434404511176031,0.8943089430894309,0.9322033898305084,0.9434404511176032,0.9186728331266363,0.9128630705394191,0.9016393442622951,0.6044339175604725
2051,0.9783333333333334,0.933917612156623,0.8780487804878049,0.907563025210084,0.9339176121566228,0.8990559028489444,0.8925619834710744,0.8837970540098199,0.7483474848661759
2052,0.9833333333333333,0.9475054917680097,0.9024390243902439,0.9327731092436975,0.9475054917680096,0.9226060668169707,0.9173553719008264,0.9083469721767595,0.5756516038980469
2053,0.9833333333333333,0.9403039155739747,0.8861788617886179,0.9478260869565217,0.9403039155739746,0.9228358077059031,0.9159663865546218,0.8978583196046129,0.5756502712356633
2054,0.98,0.9384469053604185,0.8861788617886179,0.9159663865546218,0.9384469053604185,0.9069059575049532,0.9008264462809917,0.8919803600654663,0.690782191210133
2055,0.9775,0.9298525715062165,0.8699186991869918,0.9067796610169492,0.9298525715062165,0.8950158467686372,0.8879668049792531,0.8770491803278687,0.7771297985286014
2056,0.9808333333333333,0.9353103698167902,0.8780487804878049,0.9310344827586207,0.93531036981679,0.9107916316232127,0.903765690376569,0.8881578947368419,0.6619985448853236
2057,0.9816666666666667,0.9393754104671966,0.8861788617886179,0.9316239316239316,0.9393754104671966,0.9147347300396081,0.9083333333333333,0.8949096880131364,0.6332162312228982
2058,0.9791666666666666,0.9307810766129945,0.8699186991869918,0.9224137931034483,0.9307810766129946,0.9028329128118868,0.8953974895397491,0.8799342105263158,0.7195638385413665
2059,0.985,0.9520347849718052,0.9105691056910569,0.9411764705882353,0.9520347849718052,0.9304561214729794,0.9256198347107438,0.916530278232406,0.5180863102420039
2060,0.9825,0.950642027311638,0.9105691056910569,0.9180327868852459,0.950642027311638,0.9188842796214848,0.9142857142857143,0.9120521172638435,0.6044352502228562
2061,0.9833333333333333,0.9475054917680097,0.9024390243902439,0.9327731092436975,0.9475054917680096,0.9226060668169707,0.9173553719008264,0.9083469721767595,0.575651603898047
2062,0.9833333333333333,0.9475054917680097,0.9024390243902439,0.9327731092436975,0.9475054917680096,0.9226060668169707,0.9173553719008264,0.9083469721767595,0.5756516038980469
2063,0.9825,0.9434404511176031,0.8943089430894309,0.9322033898305084,0.9434404511176032,0.9186728331266363,0.9128630705394191,0.9016393442622951,0.6044339175604726
2064,0.9833333333333333,0.951106279865027,0.9105691056910569,0.9256198347107438,0.9511062798650272,0.9226778035342337,0.9180327868852458,0.9135399673735728,0.5756522702292388
2065,0.9825,0.9434404511176031,0.8943089430894309,0.9322033898305084,0.9434404511176032,0.9186728331266363,0.9128630705394191,0.9016393442622951,0.6044339175604725
2066,0.9825,0.950642027311638,0.9105691056910569,0.9180327868852459,0.950642027311638,0.9188842796214848,0.9142857142857143,0.9120521172638435,0.6044352502228562
2067,0.9791666666666666,0.9307810766129945,0.8699186991869918,0.9224137931034483,0.9307810766129946,0.9028329128118868,0.8953974895397491,0.8799342105263158,0.7195638385413665
2068,0.9791666666666666,0.9307810766129945,0.8699186991869918,0.9224137931034483,0.9307810766129946,0.9028329128118868,0.8953974895397491,0.8799342105263158,0.7195638385413665
2069,0.9841666666666666,0.9551713205154335,0.9186991869918699,0.9262295081967213,0.9551713205154336,0.9266310142609623,0.9224489795918367,0.9201954397394136,0.5468699565668131
2070,0.9783333333333334,0.9303168240596055,0.8699186991869918,0.9145299145299145,0.9303168240596055,0.8988909735251197,0.8916666666666666,0.8784893267651888,0.748346818534984
2071,0.9816666666666667,0.935774622370179,0.8780487804878049,0.9391304347826087,0.9357746223701789,0.9148396076352068,0.907563025210084,0.8896210873146623,0.6332155648917062
2072,0.985,0.9592363611658401,0.926829268292683,0.926829268292683,0.9592363611658401,0.930579268292683,0.926829268292683,0.926829268292683,0.5180876429043877
2073,0.9783333333333334,0.9267160359625881,0.8617886178861789,0.9217391304347826,0.9267160359625881,0.8988472074938141,0.8907563025210083,0.8731466227347612,0.7483461522037921
2074,0.9783333333333334,0.9303168240596055,0.8699186991869918,0.9145299145299145,0.9303168240596055,0.8988909735251197,0.8916666666666666,0.8784893267651888,0.748346818534984
2075,0.9816666666666667,0.9465769866612315,0.9024390243902439,0.9173553719008265,0.9465769866612315,0.9148971981455352,0.9098360655737705,0.9053833605220227,0.6332175638852817
2076,0.9841666666666666,0.9479697443213986,0.9024390243902439,0.940677966101695,0.9479697443213986,0.9265584952459696,0.9211618257261411,0.9098360655737704,0.5468686239044295
2077,0.9775,0.926251783409199,0.8617886178861789,0.9137931034482759,0.926251783409199,0.8948741940005607,0.887029288702929,0.8717105263157895,0.7771291321974096
2078,0.9808333333333333,0.942511946010825,0.8943089430894309,0.9166666666666666,0.942511946010825,0.9109044715447153,0.9053497942386831,0.8986928104575165,0.6619998775477073
2079,0.9825,0.9470412392146206,0.9024390243902439,0.925,0.9470412392146206,0.9187195121951219,0.9135802469135802,0.9068627450980392,0.6044345838916644
2080,0.9833333333333333,0.9475054917680097,0.9024390243902439,0.9327731092436975,0.9475054917680096,0.9226060668169707,0.9173553719008264,0.9083469721767595,0.5756516038980469
2081,0.9791666666666666,0.934381864710012,0.8780487804878049,0.9152542372881356,0.934381864710012,0.9029015088879703,0.896265560165975,0.8852459016393444,0.7195645048725584
2082,0.9825,0.9434404511176031,0.8943089430894309,0.9322033898305084,0.9434404511176032,0.9186728331266363,0.9128630705394191,0.9016393442622951,0.6044339175604725
2083,0.9825,0.9434404511176031,0.8943089430894309,0.9322033898305084,0.9434404511176032,0.9186728331266363,0.9128630705394191,0.9016393442622951,0.6044339175604725
2084,0.98,0.934846117263401,0.8780487804878049,0.9230769230769231,0.934846117263401,0.906812851782364,0.9,0.8866995073891627,0.6907815248789411
2085,0.985,0.9556355730688226,0.9186991869918699,0.9338842975206612,0.9556355730688226,0.9304584089229322,0.9262295081967213,0.9216965742251224,0.5180869765731958
2086,0.9841666666666666,0.9479697443213986,0.9024390243902439,0.940677966101695,0.9479697443213986,0.9265584952459696,0.9211618257261411,0.9098360655737704,0.5468686239044296
2087,0.9783333333333334,0.9267160359625881,0.8617886178861789,0.9217391304347826,0.9267160359625881,0.8988472074938141,0.8907563025210083,0.8731466227347612,0.7483461522037923
2088,0.9825,0.9434404511176031,0.8943089430894309,0.9322033898305084,0.9434404511176032,0.9186728331266363,0.9128630705394191,0.9016393442622951,0.6044339175604726
2089,0.9808333333333333,0.9317095817197726,0.8699186991869918,0.9385964912280702,0.9317095817197726,0.9109242618741977,0.9029535864978903,0.8828382838283828,0.6619978785541318
2090,0.9841666666666666,0.951570532418416,0.9105691056910569,0.9333333333333333,0.9515705324184162,0.9265345528455284,0.9218106995884775,0.9150326797385622,0.5468692902356213
2091,0.9841666666666666,0.9479697443213986,0.9024390243902439,0.940677966101695,0.9479697443213986,0.9265584952459696,0.9211618257261411,0.9098360655737704,0.5468686239044295
2092,0.9816666666666667,0.942976198564214,0.8943089430894309,0.9243697478991597,0.9429761985642141,0.9147560121609619,0.9090909090909092,0.9001636661211129,0.6332168975540899
2093,0.9808333333333333,0.9353103698167902,0.8780487804878049,0.9310344827586207,0.93531036981679,0.9107916316232127,0.903765690376569,0.8881578947368419,0.6619985448853236
2094,0.9808333333333333,0.9353103698167902,0.8780487804878049,0.9310344827586207,0.93531036981679,0.9107916316232127,0.903765690376569,0.8881578947368419,0.6619985448853236
2095,0.9791666666666666,0.9271802885159771,0.8617886178861789,0.9298245614035088,0.9271802885159771,0.9028899229781772,0.8945147679324894,0.8745874587458744,0.7195631722101747
2096,0.9825,0.9470412392146206,0.9024390243902439,0.925,0.9470412392146206,0.9187195121951219,0.9135802469135802,0.9068627450980392,0.6044345838916644
2097,0.9825,0.9434404511176031,0.8943089430894309,0.9322033898305084,0.9434404511176032,0.9186728331266363,0.9128630705394191,0.9016393442622951,0.6044339175604725
2098,0.9808333333333333,0.9317095817197726,0.8699186991869918,0.9385964912280702,0.9317095817197726,0.9109242618741977,0.9029535864978903,0.8828382838283828,0.6619978785541318
2099,0.9808333333333333,0.9389111579138076,0.8861788617886179,0.923728813559322,0.9389111579138076,0.9107871710073033,0.9045643153526971,0.8934426229508198,0.6619992112165154
2100,0.9816666666666667,0.942976198564214,0.8943089430894309,0.9243697478991597,0.9429761985642141,0.9147560121609619,0.9090909090909092,0.9001636661211129,0.6332168975540899
2101,0.9791666666666666,0.934381864710012,0.8780487804878049,0.9152542372881356,0.934381864710012,0.9029015088879703,0.896265560165975,0.8852459016393444,0.7195645048725584
2102,0.98,0.9312453291663836,0.8699186991869918,0.9304347826086956,0.9312453291663836,0.9068434075645104,0.8991596638655462,0.8813838550247116,0.6907808585477492
2103,0.9808333333333333,0.942511946010825,0.8943089430894309,0.9166666666666666,0.942511946010825,0.9109044715447153,0.9053497942386831,0.8986928104575165,0.6619998775477074
2104,0.9791666666666666,0.9307810766129945,0.8699186991869918,0.9224137931034483,0.9307810766129946,0.9028329128118868,0.8953974895397491,0.8799342105263158,0.7195638385413665
2105,0.9808333333333333,0.9389111579138076,0.8861788617886179,0.923728813559322,0.9389111579138076,0.9107871710073033,0.9045643153526971,0.8934426229508198,0.6619992112165155
2106,0.9808333333333333,0.9389111579138076,0.8861788617886179,0.923728813559322,0.9389111579138076,0.9107871710073033,0.9045643153526971,0.8934426229508198,0.6619992112165155
2107,0.98,0.9312453291663836,0.8699186991869918,0.9304347826086956,0.9312453291663836,0.9068434075645104,0.8991596638655462,0.8813838550247116,0.6907808585477491
2108,0.9791666666666666,0.9379826528070294,0.8861788617886179,0.9083333333333333,0.9379826528070294,0.9030894308943089,0.897119341563786,0.8905228758169936,0.7195651712037503
2109,0.9841666666666666,0.9551713205154335,0.9186991869918699,0.9262295081967213,0.9551713205154336,0.9266310142609623,0.9224489795918367,0.9201954397394136,0.5468699565668133
2110,0.9816666666666667,0.942976198564214,0.8943089430894309,0.9243697478991597,0.9429761985642141,0.9147560121609619,0.9090909090909092,0.9001636661211129,0.6332168975540899
2111,0.9816666666666667,0.942976198564214,0.8943089430894309,0.9243697478991597,0.9429761985642141,0.9147560121609619,0.9090909090909092,0.9001636661211129,0.63321689755409
2112,0.9816666666666667,0.9465769866612315,0.9024390243902439,0.9173553719008265,0.9465769866612315,0.9148971981455352,0.9098360655737705,0.9053833605220227,0.6332175638852817
2113,0.9833333333333333,0.9475054917680097,0.9024390243902439,0.9327731092436975,0.9475054917680096,0.9226060668169707,0.9173553719008264,0.9083469721767595,0.5756516038980469
2114,0.9825,0.950642027311638,0.9105691056910569,0.9180327868852459,0.950642027311638,0.9188842796214848,0.9142857142857143,0.9120521172638435,0.6044352502228562
2115,0.9816666666666667,0.942976198564214,0.8943089430894309,0.9243697478991597,0.9429761985642141,0.9147560121609619,0.9090909090909092,0.9001636661211129,0.6332168975540899
2116,0.98,0.9384469053604185,0.8861788617886179,0.9159663865546218,0.9384469053604185,0.9069059575049532,0.9008264462809917,0.8919803600654663,0.690782191210133
2117,0.98,0.934846117263401,0.8780487804878049,0.9230769230769231,0.934846117263401,0.906812851782364,0.9,0.8866995073891627,0.6907815248789411
2118,0.9808333333333333,0.942511946010825,0.8943089430894309,0.9166666666666666,0.942511946010825,0.9109044715447153,0.9053497942386831,0.8986928104575165,0.6619998775477073
2119,0.9791666666666666,0.934381864710012,0.8780487804878049,0.9152542372881356,0.934381864710012,0.9029015088879703,0.896265560165975,0.8852459016393444,0.7195645048725585
2120,0.9791666666666666,0.9271802885159771,0.8617886178861789,0.9298245614035088,0.9271802885159771,0.9028899229781772,0.8945147679324894,0.8745874587458744,0.7195631722101747
2121,0.9825,0.9398396630205856,0.8861788617886179,0.9396551724137931,0.9398396630205856,0.9187503504345389,0.9121338912133892,0.8963815789473685,0.6044332512292807
2122,0.9791666666666666,0.934381864710012,0.8780487804878049,0.9152542372881356,0.934381864710012,0.9029015088879703,0.896265560165975,0.8852459016393444,0.7195645048725585
2123,0.9791666666666666,0.934381864710012,0.8780487804878049,0.9152542372881356,0.934381864710012,0.9029015088879703,0.896265560165975,0.8852459016393444,0.7195645048725584
2124,0.9808333333333333,0.9389111579138076,0.8861788617886179,0.923728813559322,0.9389111579138076,0.9107871710073033,0.9045643153526971,0.8934426229508198,0.6619992112165155
2125,0.9808333333333333,0.942511946010825,0.8943089430894309,0.9166666666666666,0.942511946010825,0.9109044715447153,0.9053497942386831,0.8986928104575165,0.6619998775477073
2126,0.9808333333333333,0.942511946010825,0.8943089430894309,0.9166666666666666,0.942511946010825,0.9109044715447153,0.9053497942386831,0.8986928104575165,0.6619998775477073
2127,0.9833333333333333,0.9403039155739747,0.8861788617886179,0.9478260869565217,0.9403039155739746,0.9228358077059031,0.9159663865546218,0.8978583196046129,0.5756502712356633
2128,0.9791666666666666,0.934381864710012,0.8780487804878049,0.9152542372881356,0.934381864710012,0.9029015088879703,0.896265560165975,0.8852459016393444,0.7195645048725584
2129,0.9808333333333333,0.9389111579138076,0.8861788617886179,0.923728813559322,0.9389111579138076,0.9107871710073033,0.9045643153526971,0.8934426229508198,0.6619992112165155
2130,0.9808333333333333,0.9389111579138076,0.8861788617886179,0.923728813559322,0.9389111579138076,0.9107871710073033,0.9045643153526971,0.8934426229508198,0.6619992112165155
2131,0.9808333333333333,0.9461127341078425,0.9024390243902439,0.9098360655737705,0.9461127341078424,0.9111375449820073,0.9061224489795918,0.9039087947882738,0.6620005438788992
2132,0.9833333333333333,0.9439047036709921,0.8943089430894309,0.9401709401709402,0.9439047036709921,0.9226566082968523,0.9166666666666666,0.9031198686371099,0.575650937566855
2133,0.9816666666666667,0.9393754104671966,0.8861788617886179,0.9316239316239316,0.9393754104671966,0.9147347300396081,0.9083333333333333,0.8949096880131364,0.6332162312228982
2134,0.98,0.9312453291663836,0.8699186991869918,0.9304347826086956,0.9312453291663836,0.9068434075645104,0.8991596638655462,0.8813838550247116,0.6907808585477492
2135,0.98,0.9384469053604185,0.8861788617886179,0.9159663865546218,0.9384469053604185,0.9069059575049532,0.9008264462809917,0.8919803600654663,0.6907821912101328
2136,0.9808333333333333,0.9389111579138076,0.8861788617886179,0.923728813559322,0.9389111579138076,0.9107871710073033,0.9045643153526971,0.8934426229508198,0.6619992112165155
2137,0.9816666666666667,0.935774622370179,0.8780487804878049,0.9391304347826087,0.9357746223701789,0.9148396076352068,0.907563025210084,0.8896210873146623,0.6332155648917063
2138,0.9833333333333333,0.951106279865027,0.9105691056910569,0.9256198347107438,0.9511062798650272,0.9226778035342337,0.9180327868852458,0.9135399673735728,0.5756522702292387
2139,0.9816666666666667,0.9393754104671966,0.8861788617886179,0.9316239316239316,0.9393754104671966,0.9147347300396081,0.9083333333333333,0.8949096880131364,0.633216231222898
2140,0.9808333333333333,0.9389111579138076,0.8861788617886179,0.923728813559322,0.9389111579138076,0.9107871710073033,0.9045643153526971,0.8934426229508198,0.6619992112165155
2141,0.9866666666666667,0.9565640781756006,0.9186991869918699,0.9495798319327731,0.9565640781756007,0.9383061761289883,0.9338842975206612,0.9247135842880524,0.46052101658596106
2142,0.9825,0.9470412392146206,0.9024390243902439,0.925,0.9470412392146206,0.9187195121951219,0.9135802469135802,0.9068627450980392,0.6044345838916643
2143,0.9808333333333333,0.9353103698167902,0.8780487804878049,0.9310344827586207,0.93531036981679,0.9107916316232127,0.903765690376569,0.8881578947368419,0.6619985448853236
2144,0.9825,0.9470412392146206,0.9024390243902439,0.925,0.9470412392146206,0.9187195121951219,0.9135802469135802,0.9068627450980392,0.6044345838916644
2145,0.9791666666666666,0.934381864710012,0.8780487804878049,0.9152542372881356,0.934381864710012,0.9029015088879703,0.896265560165975,0.8852459016393444,0.7195645048725584
2146,0.9816666666666667,0.9501777747582489,0.9105691056910569,0.9105691056910569,0.950177774758249,0.9151524390243903,0.9105691056910569,0.910569105691057,0.6332182302164736
2147,0.9791666666666666,0.9307810766129945,0.8699186991869918,0.9224137931034483,0.9307810766129946,0.9028329128118868,0.8953974895397491,0.8799342105263158,0.7195638385413665
2148,0.9833333333333333,0.951106279865027,0.9105691056910569,0.9256198347107438,0.9511062798650272,0.9226778035342337,0.9180327868852458,0.9135399673735728,0.5756522702292387
2149,0.9808333333333333,0.9389111579138076,0.8861788617886179,0.923728813559322,0.9389111579138076,0.9107871710073033,0.9045643153526971,0.8934426229508198,0.6619992112165155
2150,0.98,0.934846117263401,0.8780487804878049,0.9230769230769231,0.934846117263401,0.906812851782364,0.9,0.8866995073891627,0.6907815248789411
2151,0.9825,0.9398396630205856,0.8861788617886179,0.9396551724137931,0.9398396630205856,0.9187503504345389,0.9121338912133892,0.8963815789473685,0.6044332512292806
2152,0.9825,0.9434404511176031,0.8943089430894309,0.9322033898305084,0.9434404511176032,0.9186728331266363,0.9128630705394191,0.9016393442622951,0.6044339175604725
2153,0.9816666666666667,0.942976198564214,0.8943089430894309,0.9243697478991597,0.9429761985642141,0.9147560121609619,0.9090909090909092,0.9001636661211129,0.6332168975540899
2154,0.9816666666666667,0.9393754104671966,0.8861788617886179,0.9316239316239316,0.9393754104671966,0.9147347300396081,0.9083333333333333,0.8949096880131364,0.6332162312228982
2155,0.9816666666666667,0.9393754104671966,0.8861788617886179,0.9316239316239316,0.9393754104671966,0.9147347300396081,0.9083333333333333,0.8949096880131364,0.6332162312228982
2156,0.9808333333333333,0.9353103698167902,0.8780487804878049,0.9310344827586207,0.93531036981679,0.9107916316232127,0.903765690376569,0.8881578947368419,0.6619985448853236
2157,0.9816666666666667,0.935774622370179,0.8780487804878049,0.9391304347826087,0.9357746223701789,0.9148396076352068,0.907563025210084,0.8896210873146623,0.6332155648917063
2158,0.98,0.9384469053604185,0.8861788617886179,0.9159663865546218,0.9384469053604185,0.9069059575049532,0.9008264462809917,0.8919803600654663,0.6907821912101328
2159,0.9833333333333333,0.9439047036709921,0.8943089430894309,0.9401709401709402,0.9439047036709921,0.9226566082968523,0.9166666666666666,0.9031198686371099,0.575650937566855
2160,0.9825,0.9434404511176031,0.8943089430894309,0.9322033898305084,0.9434404511176032,0.9186728331266363,0.9128630705394191,0.9016393442622951,0.6044339175604725
2161,0.9816666666666667,0.942976198564214,0.8943089430894309,0.9243697478991597,0.9429761985642141,0.9147560121609619,0.9090909090909092,0.9001636661211129,0.6332168975540898
2162,0.9833333333333333,0.9475054917680097,0.9024390243902439,0.9327731092436975,0.9475054917680096,0.9226060668169707,0.9173553719008264,0.9083469721767595,0.5756516038980469
2163,0.98,0.942047693457436,0.8943089430894309,0.9090909090909091,0.9420476934574359,0.9071165927568366,0.9016393442622952,0.897226753670473,0.6907828575413246
2164,0.9808333333333333,0.9389111579138076,0.8861788617886179,0.923728813559322,0.9389111579138076,0.9107871710073033,0.9045643153526971,0.8934426229508198,0.6619992112165155
2165,0.9825,0.9470412392146206,0.9024390243902439,0.925,0.9470412392146206,0.9187195121951219,0.9135802469135802,0.9068627450980392,0.6044345838916644
2166,0.9841666666666666,0.9551713205154335,0.9186991869918699,0.9262295081967213,0.9551713205154336,0.9266310142609623,0.9224489795918367,0.9201954397394136,0.5468699565668131
2167,0.9808333333333333,0.9353103698167902,0.8780487804878049,0.9310344827586207,0.93531036981679,0.9107916316232127,0.903765690376569,0.8881578947368419,0.6619985448853236
2168,0.9808333333333333,0.9389111579138076,0.8861788617886179,0.923728813559322,0.9389111579138076,0.9107871710073033,0.9045643153526971,0.8934426229508198,0.6619992112165155
2169,0.9825,0.950642027311638,0.9105691056910569,0.9180327868852459,0.950642027311638,0.9188842796214848,0.9142857142857143,0.9120521172638435,0.6044352502228562
2170,0.9825,0.950642027311638,0.9105691056910569,0.9180327868852459,0.950642027311638,0.9188842796214848,0.9142857142857143,0.9120521172638435,0.6044352502228562
2171,0.9808333333333333,0.9317095817197726,0.8699186991869918,0.9385964912280702,0.9317095817197726,0.9109242618741977,0.9029535864978903,0.8828382838283828,0.6619978785541317
2172,0.9825,0.9470412392146206,0.9024390243902439,0.925,0.9470412392146206,0.9187195121951219,0.9135802469135802,0.9068627450980392,0.6044345838916644
2173,0.9816666666666667,0.9465769866612315,0.9024390243902439,0.9173553719008265,0.9465769866612315,0.9148971981455352,0.9098360655737705,0.9053833605220227,0.6332175638852817
2174,0.985,0.9592363611658401,0.926829268292683,0.926829268292683,0.9592363611658401,0.930579268292683,0.926829268292683,0.926829268292683,0.5180876429043877
2175,0.98,0.934846117263401,0.8780487804878049,0.9230769230769231,0.934846117263401,0.906812851782364,0.9,0.8866995073891627,0.6907815248789411
2176,0.9816666666666667,0.9393754104671966,0.8861788617886179,0.9316239316239316,0.9393754104671966,0.9147347300396081,0.9083333333333333,0.8949096880131364,0.6332162312228982
2177,0.9825,0.9434404511176031,0.8943089430894309,0.9322033898305084,0.9434404511176032,0.9186728331266363,0.9128630705394191,0.9016393442622951,0.6044339175604726
2178,0.9808333333333333,0.942511946010825,0.8943089430894309,0.9166666666666666,0.942511946010825,0.9109044715447153,0.9053497942386831,0.8986928104575165,0.6619998775477073
2179,0.9808333333333333,0.942511946010825,0.8943089430894309,0.9166666666666666,0.942511946010825,0.9109044715447153,0.9053497942386831,0.8986928104575165,0.6619998775477073
2180,0.9825,0.9470412392146206,0.9024390243902439,0.925,0.9470412392146206,0.9187195121951219,0.9135802469135802,0.9068627450980392,0.6044345838916644
2181,0.9825,0.9434404511176031,0.8943089430894309,0.9322033898305084,0.9434404511176032,0.9186728331266363,0.9128630705394191,0.9016393442622951,0.6044339175604726
2182,0.9775,0.926251783409199,0.8617886178861789,0.9137931034482759,0.926251783409199,0.8948741940005607,0.887029288702929,0.8717105263157895,0.7771291321974094
2183,0.9841666666666666,0.9479697443213986,0.9024390243902439,0.940677966101695,0.9479697443213986,0.9265584952459696,0.9211618257261411,0.9098360655737704,0.5468686239044295
2184,0.9816666666666667,0.942976198564214,0.8943089430894309,0.9243697478991597,0.9429761985642141,0.9147560121609619,0.9090909090909092,0.9001636661211129,0.6332168975540899
2185,0.9791666666666666,0.934381864710012,0.8780487804878049,0.9152542372881356,0.934381864710012,0.9029015088879703,0.896265560165975,0.8852459016393444,0.7195645048725584
2186,0.9808333333333333,0.9389111579138076,0.8861788617886179,0.923728813559322,0.9389111579138076,0.9107871710073033,0.9045643153526971,0.8934426229508198,0.6619992112165155
2187,0.9766666666666667,0.9221867427587924,0.8536585365853658,0.9130434782608695,0.9221867427587924,0.8908510074231177,0.8823529411764706,0.8649093904448104,0.8059114458598352
2188,0.9808333333333333,0.9353103698167902,0.8780487804878049,0.9310344827586207,0.93531036981679,0.9107916316232127,0.903765690376569,0.8881578947368419,0.6619985448853236
2189,0.9825,0.9470412392146206,0.9024390243902439,0.925,0.9470412392146206,0.9187195121951219,0.9135802469135802,0.9068627450980392,0.6044345838916643
2190,0.98,0.934846117263401,0.8780487804878049,0.9230769230769231,0.934846117263401,0.906812851782364,0.9,0.8866995073891627,0.6907815248789411
2191,0.9833333333333333,0.9439047036709921,0.8943089430894309,0.9401709401709402,0.9439047036709921,0.9226566082968523,0.9166666666666666,0.9031198686371099,0.5756509375668551
2192,0.9841666666666666,0.9479697443213986,0.9024390243902439,0.940677966101695,0.9479697443213986,0.9265584952459696,0.9211618257261411,0.9098360655737704,0.5468686239044295
2193,0.9783333333333334,0.9231152478655706,0.8536585365853658,0.9292035398230089,0.9231152478655705,0.8989310382041873,0.8898305084745762,0.8677685950413223,0.7483454858726003
2194,0.9808333333333333,0.942511946010825,0.8943089430894309,0.9166666666666666,0.942511946010825,0.9109044715447153,0.9053497942386831,0.8986928104575165,0.6619998775477074
2195,0.9808333333333333,0.9389111579138076,0.8861788617886179,0.923728813559322,0.9389111579138076,0.9107871710073033,0.9045643153526971,0.8934426229508198,0.6619992112165155
2196,0.9825,0.9470412392146206,0.9024390243902439,0.925,0.9470412392146206,0.9187195121951219,0.9135802469135802,0.9068627450980392,0.6044345838916643
2197,0.98,0.9384469053604185,0.8861788617886179,0.9159663865546218,0.9384469053604185,0.9069059575049532,0.9008264462809917,0.8919803600654663,0.6907821912101328
2198,0.9816666666666667,0.942976198564214,0.8943089430894309,0.9243697478991597,0.9429761985642141,0.9147560121609619,0.9090909090909092,0.9001636661211129,0.6332168975540898
2199,0.9791666666666666,0.9271802885159771,0.8617886178861789,0.9298245614035088,0.9271802885159771,0.9028899229781772,0.8945147679324894,0.8745874587458744,0.7195631722101747
2200,0.98,0.934846117263401,0.8780487804878049,0.9230769230769231,0.934846117263401,0.906812851782364,0.9,0.8866995073891627,0.6907815248789411
2201,0.9825,0.9470412392146206,0.9024390243902439,0.925,0.9470412392146206,0.9187195121951219,0.9135802469135802,0.9068627450980392,0.6044345838916644
2202,0.9775,0.9226509953121815,0.8536585365853658,0.9210526315789473,0.9226509953121815,0.8948555840821566,0.8860759493670887,0.8663366336633662,0.7771284658662178
2203,0.9833333333333333,0.9547070679620445,0.9186991869918699,0.9186991869918699,0.9547070679620445,0.9228658536585366,0.91869918699187,0.9186991869918698,0.5756529365604306
2204,0.9833333333333333,0.9439047036709921,0.8943089430894309,0.9401709401709402,0.9439047036709921,0.9226566082968523,0.9166666666666666,0.9031198686371099,0.575650937566855
2205,0.9775,0.926251783409199,0.8617886178861789,0.9137931034482759,0.926251783409199,0.8948741940005607,0.887029288702929,0.8717105263157895,0.7771291321974095
2206,0.9825,0.9398396630205856,0.8861788617886179,0.9396551724137931,0.9398396630205856,0.9187503504345389,0.9121338912133892,0.8963815789473685,0.6044332512292806
2207,0.98,0.9384469053604185,0.8861788617886179,0.9159663865546218,0.9384469053604185,0.9069059575049532,0.9008264462809917,0.8919803600654663,0.6907821912101328
2208,0.9808333333333333,0.9353103698167902,0.8780487804878049,0.9310344827586207,0.93531036981679,0.9107916316232127,0.903765690376569,0.8881578947368419,0.6619985448853236
2209,0.98,0.9276445410693661,0.8617886178861789,0.9380530973451328,0.927644541069366,0.9070041909489892,0.8983050847457628,0.8760330578512395,0.6907801922165574
2210,0.9783333333333334,0.9267160359625881,0.8617886178861789,0.9217391304347826,0.9267160359625881,0.8988472074938141,0.8907563025210083,0.8731466227347612,0.7483461522037921
2211,0.9833333333333333,0.951106279865027,0.9105691056910569,0.9256198347107438,0.9511062798650272,0.9226778035342337,0.9180327868852458,0.9135399673735728,0.5756522702292388
2212,0.98,0.9276445410693661,0.8617886178861789,0.9380530973451328,0.927644541069366,0.9070041909489892,0.8983050847457628,0.8760330578512395,0.6907801922165574
2213,0.9791666666666666,0.9379826528070294,0.8861788617886179,0.9083333333333333,0.9379826528070294,0.9030894308943089,0.897119341563786,0.8905228758169936,0.7195651712037503
2214,0.9816666666666667,0.935774622370179,0.8780487804878049,0.9391304347826087,0.9357746223701789,0.9148396076352068,0.907563025210084,0.8896210873146623,0.6332155648917063
2215,0.9791666666666666,0.9307810766129945,0.8699186991869918,0.9224137931034483,0.9307810766129946,0.9028329128118868,0.8953974895397491,0.8799342105263158,0.7195638385413665
2216,0.9808333333333333,0.9317095817197726,0.8699186991869918,0.9385964912280702,0.9317095817197726,0.9109242618741977,0.9029535864978903,0.8828382838283828,0.6619978785541317
2217,0.9766666666666667,0.9221867427587924,0.8536585365853658,0.9130434782608695,0.9221867427587924,0.8908510074231177,0.8823529411764706,0.8649093904448104,0.805911445859835
2218,0.98,0.9276445410693661,0.8617886178861789,0.9380530973451328,0.927644541069366,0.9070041909489892,0.8983050847457628,0.8760330578512395,0.6907801922165574
2219,0.9791666666666666,0.9307810766129945,0.8699186991869918,0.9224137931034483,0.9307810766129946,0.9028329128118868,0.8953974895397491,0.8799342105263158,0.7195638385413665
2220,0.9833333333333333,0.9403039155739747,0.8861788617886179,0.9478260869565217,0.9403039155739746,0.9228358077059031,0.9159663865546218,0.8978583196046129,0.5756502712356633
2221,0.9816666666666667,0.9393754104671966,0.8861788617886179,0.9316239316239316,0.9393754104671966,0.9147347300396081,0.9083333333333333,0.8949096880131364,0.633216231222898
2222,0.9808333333333333,0.9389111579138076,0.8861788617886179,0.923728813559322,0.9389111579138076,0.9107871710073033,0.9045643153526971,0.8934426229508198,0.6619992112165155
2223,0.9825,0.9434404511176031,0.8943089430894309,0.9322033898305084,0.9434404511176032,0.9186728331266363,0.9128630705394191,0.9016393442622951,0.6044339175604726
2224,0.9841666666666666,0.9443689562243811,0.8943089430894309,0.9482758620689655,0.9443689562243812,0.9267090692458648,0.9205020920502092,0.9046052631578947,0.5468679575732377
2225,0.9808333333333333,0.942511946010825,0.8943089430894309,0.9166666666666666,0.942511946010825,0.9109044715447153,0.9053497942386831,0.8986928104575165,0.6619998775477074
2226,0.9816666666666667,0.942976198564214,0.8943089430894309,0.9243697478991597,0.9429761985642141,0.9147560121609619,0.9090909090909092,0.9001636661211129,0.6332168975540899
2227,0.98,0.9312453291663836,0.8699186991869918,0.9304347826086956,0.9312453291663836,0.9068434075645104,0.8991596638655462,0.8813838550247116,0.6907808585477492
2228,0.9825,0.9470412392146206,0.9024390243902439,0.925,0.9470412392146206,0.9187195121951219,0.9135802469135802,0.9068627450980392,0.6044345838916644
2229,0.9825,0.9434404511176031,0.8943089430894309,0.9322033898305084,0.9434404511176032,0.9186728331266363,0.9128630705394191,0.9016393442622951,0.6044339175604725
2230,0.9808333333333333,0.9353103698167902,0.8780487804878049,0.9310344827586207,0.93531036981679,0.9107916316232127,0.903765690376569,0.8881578947368419,0.6619985448853236
2231,0.9841666666666666,0.9551713205154335,0.9186991869918699,0.9262295081967213,0.9551713205154336,0.9266310142609623,0.9224489795918367,0.9201954397394136,0.5468699565668133
2232,0.9808333333333333,0.9353103698167902,0.8780487804878049,0.9310344827586207,0.93531036981679,0.9107916316232127,0.903765690376569,0.8881578947368419,0.6619985448853236
2233,0.9808333333333333,0.9389111579138076,0.8861788617886179,0.923728813559322,0.9389111579138076,0.9107871710073033,0.9045643153526971,0.8934426229508198,0.6619992112165155
2234,0.985,0.9520347849718052,0.9105691056910569,0.9411764705882353,0.9520347849718052,0.9304561214729794,0.9256198347107438,0.916530278232406,0.5180863102420039
2235,0.9808333333333333,0.9353103698167902,0.8780487804878049,0.9310344827586207,0.93531036981679,0.9107916316232127,0.903765690376569,0.8881578947368419,0.6619985448853236
2236,0.9841666666666666,0.9443689562243811,0.8943089430894309,0.9482758620689655,0.9443689562243812,0.9267090692458648,0.9205020920502092,0.9046052631578947,0.5468679575732377
2237,0.9791666666666666,0.9235795004189595,0.8536585365853658,0.9375,0.9235795004189595,0.9030792682926829,0.8936170212765958,0.869205298013245,0.719562505878983
2238,0.98,0.934846117263401,0.8780487804878049,0.9230769230769231,0.934846117263401,0.906812851782364,0.9,0.8866995073891627,0.6907815248789411
2239,0.9833333333333333,0.9475054917680097,0.9024390243902439,0.9327731092436975,0.9475054917680096,0.9226060668169707,0.9173553719008264,0.9083469721767595,0.5756516038980469
2240,0.9816666666666667,0.942976198564214,0.8943089430894309,0.9243697478991597,0.9429761985642141,0.9147560121609619,0.9090909090909092,0.9001636661211129,0.6332168975540899
2241,0.98,0.934846117263401,0.8780487804878049,0.9230769230769231,0.934846117263401,0.906812851782364,0.9,0.8866995073891627,0.6907815248789411
2242,0.9775,0.9226509953121815,0.8536585365853658,0.9210526315789473,0.9226509953121815,0.8948555840821566,0.8860759493670887,0.8663366336633662,0.7771284658662178
2243,0.9808333333333333,0.9389111579138076,0.8861788617886179,0.923728813559322,0.9389111579138076,0.9107871710073033,0.9045643153526971,0.8934426229508198,0.6619992112165155
2244,0.9816666666666667,0.9393754104671966,0.8861788617886179,0.9316239316239316,0.9393754104671966,0.9147347300396081,0.9083333333333333,0.8949096880131364,0.633216231222898
2245,0.9825,0.9470412392146206,0.9024390243902439,0.925,0.9470412392146206,0.9187195121951219,0.9135802469135802,0.9068627450980392,0.6044345838916644
2246,0.9833333333333333,0.951106279865027,0.9105691056910569,0.9256198347107438,0.9511062798650272,0.9226778035342337,0.9180327868852458,0.9135399673735728,0.5756522702292387
2247,0.9816666666666667,0.9393754104671966,0.8861788617886179,0.9316239316239316,0.9393754104671966,0.9147347300396081,0.9083333333333333,0.8949096880131364,0.6332162312228982
2248,0.9825,0.9470412392146206,0.9024390243902439,0.925,0.9470412392146206,0.9187195121951219,0.9135802469135802,0.9068627450980392,0.6044345838916643
2249,0.9816666666666667,0.9393754104671966,0.8861788617886179,0.9316239316239316,0.9393754104671966,0.9147347300396081,0.9083333333333333,0.8949096880131364,0.633216231222898
2250,0.9808333333333333,0.9389111579138076,0.8861788617886179,0.923728813559322,0.9389111579138076,0.9107871710073033,0.9045643153526971,0.8934426229508198,0.6619992112165154
2251,0.9775,0.9190502072151641,0.8455284552845529,0.9285714285714286,0.9190502072151642,0.8949666085946575,0.8851063829787236,0.8609271523178809,0.777127799535026
2252,0.9808333333333333,0.942511946010825,0.8943089430894309,0.9166666666666666,0.942511946010825,0.9109044715447153,0.9053497942386831,0.8986928104575165,0.6619998775477073
2253,0.9808333333333333,0.9353103698167902,0.8780487804878049,0.9310344827586207,0.93531036981679,0.9107916316232127,0.903765690376569,0.8881578947368419,0.6619985448853236
2254,0.9791666666666666,0.9307810766129945,0.8699186991869918,0.9224137931034483,0.9307810766129946,0.9028329128118868,0.8953974895397491,0.8799342105263158,0.7195638385413665
2255,0.9816666666666667,0.942976198564214,0.8943089430894309,0.9243697478991597,0.9429761985642141,0.9147560121609619,0.9090909090909092,0.9001636661211129,0.6332168975540899
2256,0.98,0.9384469053604185,0.8861788617886179,0.9159663865546218,0.9384469053604185,0.9069059575049532,0.9008264462809917,0.8919803600654663,0.690782191210133
2257,0.9816666666666667,0.942976198564214,0.8943089430894309,0.9243697478991597,0.9429761985642141,0.9147560121609619,0.9090909090909092,0.9001636661211129,0.6332168975540899
2258,0.9775,0.9298525715062165,0.8699186991869918,0.9067796610169492,0.9298525715062165,0.8950158467686372,0.8879668049792531,0.8770491803278687,0.7771297985286014
2259,0.9825,0.9398396630205856,0.8861788617886179,0.9396551724137931,0.9398396630205856,0.9187503504345389,0.9121338912133892,0.8963815789473685,0.6044332512292807
2260,0.9816666666666667,0.942976198564214,0.8943089430894309,0.9243697478991597,0.9429761985642141,0.9147560121609619,0.9090909090909092,0.9001636661211129,0.6332168975540899
2261,0.9791666666666666,0.9307810766129945,0.8699186991869918,0.9224137931034483,0.9307810766129946,0.9028329128118868,0.8953974895397491,0.8799342105263158,0.7195638385413665
2262,0.9816666666666667,0.942976198564214,0.8943089430894309,0.9243697478991597,0.9429761985642141,0.9147560121609619,0.9090909090909092,0.9001636661211129,0.6332168975540898
2263,0.9816666666666667,0.9465769866612315,0.9024390243902439,0.9173553719008265,0.9465769866612315,0.9148971981455352,0.9098360655737705,0.9053833605220227,0.6332175638852817
2264,0.98,0.9312453291663836,0.8699186991869918,0.9304347826086956,0.9312453291663836,0.9068434075645104,0.8991596638655462,0.8813838550247116,0.6907808585477492
2265,0.9816666666666667,0.942976198564214,0.8943089430894309,0.9243697478991597,0.9429761985642141,0.9147560121609619,0.9090909090909092,0.9001636661211129,0.6332168975540899
2266,0.9775,0.9226509953121815,0.8536585365853658,0.9210526315789473,0.9226509953121815,0.8948555840821566,0.8860759493670887,0.8663366336633662,0.7771284658662176
2267,0.9775,0.926251783409199,0.8617886178861789,0.9137931034482759,0.926251783409199,0.8948741940005607,0.887029288702929,0.8717105263157895,0.7771291321974095
2268,0.98,0.9312453291663836,0.8699186991869918,0.9304347826086956,0.9312453291663836,0.9068434075645104,0.8991596638655462,0.8813838550247116,0.6907808585477491
2269,0.98,0.9384469053604185,0.8861788617886179,0.9159663865546218,0.9384469053604185,0.9069059575049532,0.9008264462809917,0.8919803600654663,0.690782191210133
2270,0.98,0.9384469053604185,0.8861788617886179,0.9159663865546218,0.9384469053604185,0.9069059575049532,0.9008264462809917,0.8919803600654663,0.690782191210133
2271,0.9791666666666666,0.9271802885159771,0.8617886178861789,0.9298245614035088,0.9271802885159771,0.9028899229781772,0.8945147679324894,0.8745874587458744,0.7195631722101747
2272,0.9825,0.9434404511176031,0.8943089430894309,0.9322033898305084,0.9434404511176032,0.9186728331266363,0.9128630705394191,0.9016393442622951,0.6044339175604725
2273,0.9783333333333334,0.9303168240596055,0.8699186991869918,0.9145299145299145,0.9303168240596055,0.8988909735251197,0.8916666666666666,0.8784893267651888,0.748346818534984
2274,0.98,0.9276445410693661,0.8617886178861789,0.9380530973451328,0.927644541069366,0.9070041909489892,0.8983050847457628,0.8760330578512395,0.6907801922165572
2275,0.9816666666666667,0.942976198564214,0.8943089430894309,0.9243697478991597,0.9429761985642141,0.9147560121609619,0.9090909090909092,0.9001636661211129,0.6332168975540899
2276,0.9825,0.9434404511176031,0.8943089430894309,0.9322033898305084,0.9434404511176032,0.9186728331266363,0.9128630705394191,0.9016393442622951,0.6044339175604725
2277,0.9808333333333333,0.9389111579138076,0.8861788617886179,0.923728813559322,0.9389111579138076,0.9107871710073033,0.9045643153526971,0.8934426229508198,0.6619992112165155
2278,0.9825,0.9398396630205856,0.8861788617886179,0.9396551724137931,0.9398396630205856,0.9187503504345389,0.9121338912133892,0.8963815789473685,0.6044332512292807
2279,0.9758333333333333,0.9217224902054034,0.8536585365853658,0.9051724137931034,0.9217224902054034,0.8869154751892346,0.8786610878661086,0.8634868421052632,0.8346944258534525
2280,0.9841666666666666,0.951570532418416,0.9105691056910569,0.9333333333333333,0.9515705324184162,0.9265345528455284,0.9218106995884775,0.9150326797385622,0.5468692902356213
2281,0.9808333333333333,0.9353103698167902,0.8780487804878049,0.9310344827586207,0.93531036981679,0.9107916316232127,0.903765690376569,0.8881578947368419,0.6619985448853236
2282,0.9808333333333333,0.942511946010825,0.8943089430894309,0.9166666666666666,0.942511946010825,0.9109044715447153,0.9053497942386831,0.8986928104575165,0.6619998775477074
2283,0.98,0.9312453291663836,0.8699186991869918,0.9304347826086956,0.9312453291663836,0.9068434075645104,0.8991596638655462,0.8813838550247116,0.6907808585477491
2284,0.9833333333333333,0.9475054917680097,0.9024390243902439,0.9327731092436975,0.9475054917680096,0.9226060668169707,0.9173553719008264,0.9083469721767595,0.5756516038980469
2285,0.9808333333333333,0.9389111579138076,0.8861788617886179,0.923728813559322,0.9389111579138076,0.9107871710073033,0.9045643153526971,0.8934426229508198,0.6619992112165155
2286,0.9808333333333333,0.9389111579138076,0.8861788617886179,0.923728813559322,0.9389111579138076,0.9107871710073033,0.9045643153526971,0.8934426229508198,0.6619992112165155
2287,0.98,0.9384469053604185,0.8861788617886179,0.9159663865546218,0.9384469053604185,0.9069059575049532,0.9008264462809917,0.8919803600654663,0.690782191210133
2288,0.9783333333333334,0.9267160359625881,0.8617886178861789,0.9217391304347826,0.9267160359625881,0.8988472074938141,0.8907563025210083,0.8731466227347612,0.7483461522037921
2289,0.9816666666666667,0.9465769866612315,0.9024390243902439,0.9173553719008265,0.9465769866612315,0.9148971981455352,0.9098360655737705,0.9053833605220227,0.6332175638852817
2290,0.9825,0.9398396630205856,0.8861788617886179,0.9396551724137931,0.9398396630205856,0.9187503504345389,0.9121338912133892,0.8963815789473685,0.6044332512292806
2291,0.9825,0.9434404511176031,0.8943089430894309,0.9322033898305084,0.9434404511176032,0.9186728331266363,0.9128630705394191,0.9016393442622951,0.6044339175604725
2292,0.9783333333333334,0.9303168240596055,0.8699186991869918,0.9145299145299145,0.9303168240596055,0.8988909735251197,0.8916666666666666,0.8784893267651888,0.748346818534984
2293,0.9816666666666667,0.9393754104671966,0.8861788617886179,0.9316239316239316,0.9393754104671966,0.9147347300396081,0.9083333333333333,0.8949096880131364,0.6332162312228982
2294,0.9791666666666666,0.9307810766129945,0.8699186991869918,0.9224137931034483,0.9307810766129946,0.9028329128118868,0.8953974895397491,0.8799342105263158,0.7195638385413665
2295,0.9816666666666667,0.9393754104671966,0.8861788617886179,0.9316239316239316,0.9393754104671966,0.9147347300396081,0.9083333333333333,0.8949096880131364,0.633216231222898
2296,0.9775,0.9190502072151641,0.8455284552845529,0.9285714285714286,0.9190502072151642,0.8949666085946575,0.8851063829787236,0.8609271523178809,0.7771277995350259
2297,0.98,0.934846117263401,0.8780487804878049,0.9230769230769231,0.934846117263401,0.906812851782364,0.9,0.8866995073891627,0.6907815248789411
2298,0.9816666666666667,0.942976198564214,0.8943089430894309,0.9243697478991597,0.9429761985642141,0.9147560121609619,0.9090909090909092,0.9001636661211129,0.6332168975540899
2299,0.98,0.9312453291663836,0.8699186991869918,0.9304347826086956,0.9312453291663836,0.9068434075645104,0.8991596638655462,0.8813838550247116,0.6907808585477492
2300,0.9775,0.9226509953121815,0.8536585365853658,0.9210526315789473,0.9226509953121815,0.8948555840821566,0.8860759493670887,0.8663366336633662,0.7771284658662178
2301,0.9833333333333333,0.9439047036709921,0.8943089430894309,0.9401709401709402,0.9439047036709921,0.9226566082968523,0.9166666666666666,0.9031198686371099,0.575650937566855
2302,0.9791666666666666,0.9271802885159771,0.8617886178861789,0.9298245614035088,0.9271802885159771,0.9028899229781772,0.8945147679324894,0.8745874587458744,0.7195631722101747
2303,0.9783333333333334,0.9231152478655706,0.8536585365853658,0.9292035398230089,0.9231152478655705,0.8989310382041873,0.8898305084745762,0.8677685950413223,0.7483454858726003
2304,0.9825,0.9470412392146206,0.9024390243902439,0.925,0.9470412392146206,0.9187195121951219,0.9135802469135802,0.9068627450980392,0.6044345838916644
2305,0.98,0.934846117263401,0.8780487804878049,0.9230769230769231,0.934846117263401,0.906812851782364,0.9,0.8866995073891627,0.6907815248789411
2306,0.98,0.934846117263401,0.8780487804878049,0.9230769230769231,0.934846117263401,0.906812851782364,0.9,0.8866995073891627,0.6907815248789411
2307,0.9791666666666666,0.9271802885159771,0.8617886178861789,0.9298245614035088,0.9271802885159771,0.9028899229781772,0.8945147679324894,0.8745874587458744,0.7195631722101747
2308,0.98,0.934846117263401,0.8780487804878049,0.9230769230769231,0.934846117263401,0.906812851782364,0.9,0.8866995073891627,0.6907815248789411
2309,0.9808333333333333,0.9317095817197726,0.8699186991869918,0.9385964912280702,0.9317095817197726,0.9109242618741977,0.9029535864978903,0.8828382838283828,0.6619978785541317
2310,0.975,0.910455873360962,0.8292682926829268,0.918918918918919,0.910455873360962,0.8828436058009229,0.8717948717948718,0.8457711442786069,0.8634754068534944
2311,0.9825,0.9434404511176031,0.8943089430894309,0.9322033898305084,0.9434404511176032,0.9186728331266363,0.9128630705394191,0.9016393442622951,0.6044339175604725
2312,0.9816666666666667,0.942976198564214,0.8943089430894309,0.9243697478991597,0.9429761985642141,0.9147560121609619,0.9090909090909092,0.9001636661211129,0.6332168975540899
2313,0.9791666666666666,0.9271802885159771,0.8617886178861789,0.9298245614035088,0.9271802885159771,0.9028899229781772,0.8945147679324894,0.8745874587458744,0.7195631722101747
2314,0.98,0.934846117263401,0.8780487804878049,0.9230769230769231,0.934846117263401,0.906812851782364,0.9,0.8866995073891627,0.6907815248789411
2315,0.9816666666666667,0.942976198564214,0.8943089430894309,0.9243697478991597,0.9429761985642141,0.9147560121609619,0.9090909090909092,0.9001636661211129,0.6332168975540899
2316,0.9825,0.9470412392146206,0.9024390243902439,0.925,0.9470412392146206,0.9187195121951219,0.9135802469135802,0.9068627450980392,0.6044345838916644
2317,0.9833333333333333,0.9475054917680097,0.9024390243902439,0.9327731092436975,0.9475054917680096,0.9226060668169707,0.9173553719008264,0.9083469721767595,0.5756516038980469
2318,0.9791666666666666,0.9307810766129945,0.8699186991869918,0.9224137931034483,0.9307810766129946,0.9028329128118868,0.8953974895397491,0.8799342105263158,0.7195638385413665
2319,0.9775,0.9226509953121815,0.8536585365853658,0.9210526315789473,0.9226509953121815,0.8948555840821566,0.8860759493670887,0.8663366336633662,0.7771284658662178
2320,0.9816666666666667,0.942976198564214,0.8943089430894309,0.9243697478991597,0.9429761985642141,0.9147560121609619,0.9090909090909092,0.9001636661211129,0.6332168975540899
2321,0.98,0.9384469053604185,0.8861788617886179,0.9159663865546218,0.9384469053604185,0.9069059575049532,0.9008264462809917,0.8919803600654663,0.6907821912101328
2322,0.9808333333333333,0.9389111579138076,0.8861788617886179,0.923728813559322,0.9389111579138076,0.9107871710073033,0.9045643153526971,0.8934426229508198,0.6619992112165156
2323,0.9825,0.9434404511176031,0.8943089430894309,0.9322033898305084,0.9434404511176032,0.9186728331266363,0.9128630705394191,0.9016393442622951,0.6044339175604725
2324,0.9775,0.9226509953121815,0.8536585365853658,0.9210526315789473,0.9226509953121815,0.8948555840821566,0.8860759493670887,0.8663366336633662,0.7771284658662176
2325,0.9825,0.9470412392146206,0.9024390243902439,0.925,0.9470412392146206,0.9187195121951219,0.9135802469135802,0.9068627450980392,0.6044345838916644
2326,0.9791666666666666,0.9307810766129945,0.8699186991869918,0.9224137931034483,0.9307810766129946,0.9028329128118868,0.8953974895397491,0.8799342105263158,0.7195638385413665
2327,0.9833333333333333,0.951106279865027,0.9105691056910569,0.9256198347107438,0.9511062798650272,0.9226778035342337,0.9180327868852458,0.9135399673735728,0.5756522702292388
2328,0.9791666666666666,0.9235795004189595,0.8536585365853658,0.9375,0.9235795004189595,0.9030792682926829,0.8936170212765958,0.869205298013245,0.719562505878983
2329,0.9791666666666666,0.9307810766129945,0.8699186991869918,0.9224137931034483,0.9307810766129946,0.9028329128118868,0.8953974895397491,0.8799342105263158,0.7195638385413665
2330,0.98,0.9276445410693661,0.8617886178861789,0.9380530973451328,0.927644541069366,0.9070041909489892,0.8983050847457628,0.8760330578512395,0.6907801922165574
2331,0.98,0.9312453291663836,0.8699186991869918,0.9304347826086956,0.9312453291663836,0.9068434075645104,0.8991596638655462,0.8813838550247116,0.6907808585477492
2332,0.9775,0.9298525715062165,0.8699186991869918,0.9067796610169492,0.9298525715062165,0.8950158467686372,0.8879668049792531,0.8770491803278687,0.7771297985286014
2333,0.9833333333333333,0.9403039155739747,0.8861788617886179,0.9478260869565217,0.9403039155739746,0.9228358077059031,0.9159663865546218,0.8978583196046129,0.5756502712356633
2334,0.9783333333333334,0.9303168240596055,0.8699186991869918,0.9145299145299145,0.9303168240596055,0.8988909735251197,0.8916666666666666,0.8784893267651888,0.748346818534984
2335,0.9783333333333334,0.9231152478655706,0.8536585365853658,0.9292035398230089,0.9231152478655705,0.8989310382041873,0.8898305084745762,0.8677685950413223,0.7483454858726003
2336,0.9783333333333334,0.9267160359625881,0.8617886178861789,0.9217391304347826,0.9267160359625881,0.8988472074938141,0.8907563025210083,0.8731466227347612,0.7483461522037921
2337,0.9816666666666667,0.9465769866612315,0.9024390243902439,0.9173553719008265,0.9465769866612315,0.9148971981455352,0.9098360655737705,0.9053833605220227,0.6332175638852817
2338,0.98,0.934846117263401,0.8780487804878049,0.9230769230769231,0.934846117263401,0.906812851782364,0.9,0.8866995073891627,0.6907815248789411
2339,0.9816666666666667,0.942976198564214,0.8943089430894309,0.9243697478991597,0.9429761985642141,0.9147560121609619,0.9090909090909092,0.9001636661211129,0.6332168975540899
2340,0.9808333333333333,0.9353103698167902,0.8780487804878049,0.9310344827586207,0.93531036981679,0.9107916316232127,0.903765690376569,0.8881578947368419,0.6619985448853236
2341,0.9816666666666667,0.942976198564214,0.8943089430894309,0.9243697478991597,0.9429761985642141,0.9147560121609619,0.9090909090909092,0.9001636661211129,0.6332168975540899
2342,0.9833333333333333,0.9403039155739747,0.8861788617886179,0.9478260869565217,0.9403039155739746,0.9228358077059031,0.9159663865546218,0.8978583196046129,0.5756502712356633
2343,0.9816666666666667,0.942976198564214,0.8943089430894309,0.9243697478991597,0.9429761985642141,0.9147560121609619,0.9090909090909092,0.9001636661211129,0.6332168975540899
2344,0.98,0.9312453291663836,0.8699186991869918,0.9304347826086956,0.9312453291663836,0.9068434075645104,0.8991596638655462,0.8813838550247116,0.6907808585477492
2345,0.9808333333333333,0.9353103698167902,0.8780487804878049,0.9310344827586207,0.93531036981679,0.9107916316232127,0.903765690376569,0.8881578947368419,0.6619985448853236
2346,0.9825,0.9470412392146206,0.9024390243902439,0.925,0.9470412392146206,0.9187195121951219,0.9135802469135802,0.9068627450980392,0.6044345838916644
2347,0.98,0.934846117263401,0.8780487804878049,0.9230769230769231,0.934846117263401,0.906812851782364,0.9,0.8866995073891627,0.6907815248789411
2348,0.9783333333333334,0.9267160359625881,0.8617886178861789,0.9217391304347826,0.9267160359625881,0.8988472074938141,0.8907563025210083,0.8731466227347612,0.7483461522037922
2349,0.9825,0.9362388749235682,0.8780487804878049,0.9473684210526315,0.9362388749235682,0.9189586007702182,0.9113924050632912,0.8910891089108909,0.6044325848980888
2350,0.9791666666666666,0.9307810766129945,0.8699186991869918,0.9224137931034483,0.9307810766129946,0.9028329128118868,0.8953974895397491,0.8799342105263158,0.7195638385413665
2351,0.9825,0.9434404511176031,0.8943089430894309,0.9322033898305084,0.9434404511176032,0.9186728331266363,0.9128630705394191,0.9016393442622951,0.6044339175604724
2352,0.9808333333333333,0.9389111579138076,0.8861788617886179,0.923728813559322,0.9389111579138076,0.9107871710073033,0.9045643153526971,0.8934426229508198,0.6619992112165155
2353,0.9825,0.9434404511176031,0.8943089430894309,0.9322033898305084,0.9434404511176032,0.9186728331266363,0.9128630705394191,0.9016393442622951,0.6044339175604725
2354,0.98,0.9384469053604185,0.8861788617886179,0.9159663865546218,0.9384469053604185,0.9069059575049532,0.9008264462809917,0.8919803600654663,0.690782191210133
2355,0.9808333333333333,0.9353103698167902,0.8780487804878049,0.9310344827586207,0.93531036981679,0.9107916316232127,0.903765690376569,0.8881578947368419,0.6619985448853236
2356,0.9808333333333333,0.942511946010825,0.8943089430894309,0.9166666666666666,0.942511946010825,0.9109044715447153,0.9053497942386831,0.8986928104575165,0.6619998775477073
2357,0.9816666666666667,0.942976198564214,0.8943089430894309,0.9243697478991597,0.9429761985642141,0.9147560121609619,0.9090909090909092,0.9001636661211129,0.6332168975540899
2358,0.9758333333333333,0.9253232783024209,0.8617886178861789,0.8983050847457628,0.9253232783024209,0.8871301846493042,0.8796680497925312,0.8688524590163935,0.8346950921846444
2359,0.9825,0.9470412392146206,0.9024390243902439,0.925,0.9470412392146206,0.9187195121951219,0.9135802469135802,0.9068627450980392,0.6044345838916644
2360,0.9783333333333334,0.9303168240596055,0.8699186991869918,0.9145299145299145,0.9303168240596055,0.8988909735251197,0.8916666666666666,0.8784893267651888,0.7483468185349841
2361,0.9816666666666667,0.942976198564214,0.8943089430894309,0.9243697478991597,0.9429761985642141,0.9147560121609619,0.9090909090909092,0.9001636661211129,0.6332168975540899
2362,0.9808333333333333,0.9353103698167902,0.8780487804878049,0.9310344827586207,0.93531036981679,0.9107916316232127,0.903765690376569,0.8881578947368419,0.6619985448853236
2363,0.98,0.934846117263401,0.8780487804878049,0.9230769230769231,0.934846117263401,0.906812851782364,0.9,0.8866995073891627,0.6907815248789411
2364,0.9808333333333333,0.9461127341078425,0.9024390243902439,0.9098360655737705,0.9461127341078424,0.9111375449820073,0.9061224489795918,0.9039087947882738,0.6620005438788993
2365,0.9808333333333333,0.9353103698167902,0.8780487804878049,0.9310344827586207,0.93531036981679,0.9107916316232127,0.903765690376569,0.8881578947368419,0.6619985448853236
2366,0.9791666666666666,0.934381864710012,0.8780487804878049,0.9152542372881356,0.934381864710012,0.9029015088879703,0.896265560165975,0.8852459016393444,0.7195645048725585
2367,0.9791666666666666,0.9307810766129945,0.8699186991869918,0.9224137931034483,0.9307810766129946,0.9028329128118868,0.8953974895397491,0.8799342105263158,0.7195638385413665
2368,0.9825,0.9398396630205856,0.8861788617886179,0.9396551724137931,0.9398396630205856,0.9187503504345389,0.9121338912133892,0.8963815789473685,0.6044332512292806
2369,0.9775,0.9298525715062165,0.8699186991869918,0.9067796610169492,0.9298525715062165,0.8950158467686372,0.8879668049792531,0.8770491803278687,0.7771297985286014
2370,0.9833333333333333,0.9475054917680097,0.9024390243902439,0.9327731092436975,0.9475054917680096,0.9226060668169707,0.9173553719008264,0.9083469721767595,0.5756516038980469
2371,0.9816666666666667,0.942976198564214,0.8943089430894309,0.9243697478991597,0.9429761985642141,0.9147560121609619,0.9090909090909092,0.9001636661211129,0.6332168975540899
2372,0.9775,0.9226509953121815,0.8536585365853658,0.9210526315789473,0.9226509953121815,0.8948555840821566,0.8860759493670887,0.8663366336633662,0.7771284658662176
2373,0.9816666666666667,0.9465769866612315,0.9024390243902439,0.9173553719008265,0.9465769866612315,0.9148971981455352,0.9098360655737705,0.9053833605220227,0.6332175638852817
2374,0.9816666666666667,0.9465769866612315,0.9024390243902439,0.9173553719008265,0.9465769866612315,0.9148971981455352,0.9098360655737705,0.9053833605220227,0.6332175638852818
2375,0.98,0.934846117263401,0.8780487804878049,0.9230769230769231,0.934846117263401,0.906812851782364,0.9,0.8866995073891627,0.6907815248789411
2376,0.9808333333333333,0.9317095817197726,0.8699186991869918,0.9385964912280702,0.9317095817197726,0.9109242618741977,0.9029535864978903,0.8828382838283828,0.6619978785541318
2377,0.9816666666666667,0.9393754104671966,0.8861788617886179,0.9316239316239316,0.9393754104671966,0.9147347300396081,0.9083333333333333,0.8949096880131364,0.6332162312228982
2378,0.9808333333333333,0.9389111579138076,0.8861788617886179,0.923728813559322,0.9389111579138076,0.9107871710073033,0.9045643153526971,0.8934426229508198,0.6619992112165156
2379,0.9791666666666666,0.9271802885159771,0.8617886178861789,0.9298245614035088,0.9271802885159771,0.9028899229781772,0.8945147679324894,0.8745874587458744,0.7195631722101747
2380,0.9841666666666666,0.9479697443213986,0.9024390243902439,0.940677966101695,0.9479697443213986,0.9265584952459696,0.9211618257261411,0.9098360655737704,0.5468686239044296
2381,0.98,0.934846117263401,0.8780487804878049,0.9230769230769231,0.934846117263401,0.906812851782364,0.9,0.8866995073891627,0.6907815248789411
2382,0.9775,0.9226509953121815,0.8536585365853658,0.9210526315789473,0.9226509953121815,0.8948555840821566,0.8860759493670887,0.8663366336633662,0.7771284658662176
2383,0.9816666666666667,0.942976198564214,0.8943089430894309,0.9243697478991597,0.9429761985642141,0.9147560121609619,0.9090909090909092,0.9001636661211129,0.6332168975540899
2384,0.9825,0.9398396630205856,0.8861788617886179,0.9396551724137931,0.9398396630205856,0.9187503504345389,0.9121338912133892,0.8963815789473685,0.6044332512292807
2385,0.9833333333333333,0.9475054917680097,0.9024390243902439,0.9327731092436975,0.9475054917680096,0.9226060668169707,0.9173553719008264,0.9083469721767595,0.5756516038980469
2386,0.98,0.934846117263401,0.8780487804878049,0.9230769230769231,0.934846117263401,0.906812851782364,0.9,0.8866995073891627,0.6907815248789411
2387,0.9783333333333334,0.9303168240596055,0.8699186991869918,0.9145299145299145,0.9303168240596055,0.8988909735251197,0.8916666666666666,0.8784893267651888,0.7483468185349841
2388,0.98,0.934846117263401,0.8780487804878049,0.9230769230769231,0.934846117263401,0.906812851782364,0.9,0.8866995073891627,0.6907815248789411
2389,0.9816666666666667,0.935774622370179,0.8780487804878049,0.9391304347826087,0.9357746223701789,0.9148396076352068,0.907563025210084,0.8896210873146623,0.6332155648917063
2390,0.9808333333333333,0.9389111579138076,0.8861788617886179,0.923728813559322,0.9389111579138076,0.9107871710073033,0.9045643153526971,0.8934426229508198,0.6619992112165155
2391,0.9816666666666667,0.9393754104671966,0.8861788617886179,0.9316239316239316,0.9393754104671966,0.9147347300396081,0.9083333333333333,0.8949096880131364,0.6332162312228982
2392,0.9783333333333334,0.9267160359625881,0.8617886178861789,0.9217391304347826,0.9267160359625881,0.8988472074938141,0.8907563025210083,0.8731466227347612,0.7483461522037922
2393,0.9833333333333333,0.9475054917680097,0.9024390243902439,0.9327731092436975,0.9475054917680096,0.9226060668169707,0.9173553719008264,0.9083469721767595,0.5756516038980469
2394,0.9791666666666666,0.9235795004189595,0.8536585365853658,0.9375,0.9235795004189595,0.9030792682926829,0.8936170212765958,0.869205298013245,0.719562505878983
2395,0.9783333333333334,0.9267160359625881,0.8617886178861789,0.9217391304347826,0.9267160359625881,0.8988472074938141,0.8907563025210083,0.8731466227347612,0.7483461522037922
2396,0.9808333333333333,0.942511946010825,0.8943089430894309,0.9166666666666666,0.942511946010825,0.9109044715447153,0.9053497942386831,0.8986928104575165,0.6619998775477074
2397,0.9791666666666666,0.9307810766129945,0.8699186991869918,0.9224137931034483,0.9307810766129946,0.9028329128118868,0.8953974895397491,0.8799342105263158,0.7195638385413665
2398,0.9783333333333334,0.9303168240596055,0.8699186991869918,0.9145299145299145,0.9303168240596055,0.8988909735251197,0.8916666666666666,0.8784893267651888,0.748346818534984
2399,0.9816666666666667,0.935774622370179,0.8780487804878049,0.9391304347826087,0.9357746223701789,0.9148396076352068,0.907563025210084,0.8896210873146623,0.6332155648917062
2400,0.9841666666666666,0.9479697443213986,0.9024390243902439,0.940677966101695,0.9479697443213986,0.9265584952459696,0.9211618257261411,0.9098360655737704,0.5468686239044295
2401,0.9783333333333334,0.933917612156623,0.8780487804878049,0.907563025210084,0.9339176121566228,0.8990559028489444,0.8925619834710744,0.8837970540098199,0.7483474848661759
2402,0.9783333333333334,0.9303168240596055,0.8699186991869918,0.9145299145299145,0.9303168240596055,0.8988909735251197,0.8916666666666666,0.8784893267651888,0.748346818534984
2403,0.9808333333333333,0.942511946010825,0.8943089430894309,0.9166666666666666,0.942511946010825,0.9109044715447153,0.9053497942386831,0.8986928104575165,0.6619998775477073
2404,0.9808333333333333,0.942511946010825,0.8943089430894309,0.9166666666666666,0.942511946010825,0.9109044715447153,0.9053497942386831,0.8986928104575165,0.6619998775477074
2405,0.98,0.9312453291663836,0.8699186991869918,0.9304347826086956,0.9312453291663836,0.9068434075645104,0.8991596638655462,0.8813838550247116,0.6907808585477492
2406,0.9783333333333334,0.9267160359625881,0.8617886178861789,0.9217391304347826,0.9267160359625881,0.8988472074938141,0.8907563025210083,0.8731466227347612,0.7483461522037921
2407,0.98,0.9276445410693661,0.8617886178861789,0.9380530973451328,0.927644541069366,0.9070041909489892,0.8983050847457628,0.8760330578512395,0.6907801922165574
2408,0.98,0.9312453291663836,0.8699186991869918,0.9304347826086956,0.9312453291663836,0.9068434075645104,0.8991596638655462,0.8813838550247116,0.6907808585477492
2409,0.9825,0.9434404511176031,0.8943089430894309,0.9322033898305084,0.9434404511176032,0.9186728331266363,0.9128630705394191,0.9016393442622951,0.6044339175604725
2410,0.9808333333333333,0.9389111579138076,0.8861788617886179,0.923728813559322,0.9389111579138076,0.9107871710073033,0.9045643153526971,0.8934426229508198,0.6619992112165155
2411,0.9791666666666666,0.9271802885159771,0.8617886178861789,0.9298245614035088,0.9271802885159771,0.9028899229781772,0.8945147679324894,0.8745874587458744,0.7195631722101747
2412,0.9816666666666667,0.935774622370179,0.8780487804878049,0.9391304347826087,0.9357746223701789,0.9148396076352068,0.907563025210084,0.8896210873146623,0.6332155648917063
2413,0.98,0.934846117263401,0.8780487804878049,0.9230769230769231,0.934846117263401,0.906812851782364,0.9,0.8866995073891627,0.6907815248789411
2414,0.98,0.934846117263401,0.8780487804878049,0.9230769230769231,0.934846117263401,0.906812851782364,0.9,0.8866995073891627,0.6907815248789411
2415,0.9833333333333333,0.9547070679620445,0.9186991869918699,0.9186991869918699,0.9547070679620445,0.9228658536585366,0.91869918699187,0.9186991869918698,0.5756529365604306
2416,0.98,0.942047693457436,0.8943089430894309,0.9090909090909091,0.9420476934574359,0.9071165927568366,0.9016393442622952,0.897226753670473,0.6907828575413246
2417,0.9808333333333333,0.9389111579138076,0.8861788617886179,0.923728813559322,0.9389111579138076,0.9107871710073033,0.9045643153526971,0.8934426229508198,0.6619992112165155
2418,0.9816666666666667,0.942976198564214,0.8943089430894309,0.9243697478991597,0.9429761985642141,0.9147560121609619,0.9090909090909092,0.9001636661211129,0.6332168975540898
2419,0.9816666666666667,0.935774622370179,0.8780487804878049,0.9391304347826087,0.9357746223701789,0.9148396076352068,0.907563025210084,0.8896210873146623,0.6332155648917063
2420,0.9833333333333333,0.9475054917680097,0.9024390243902439,0.9327731092436975,0.9475054917680096,0.9226060668169707,0.9173553719008264,0.9083469721767595,0.5756516038980468
2421,0.98,0.9312453291663836,0.8699186991869918,0.9304347826086956,0.9312453291663836,0.9068434075645104,0.8991596638655462,0.8813838550247116,0.6907808585477492
2422,0.98,0.9312453291663836,0.8699186991869918,0.9304347826086956,0.9312453291663836,0.9068434075645104,0.8991596638655462,0.8813838550247116,0.6907808585477492
2423,0.9816666666666667,0.942976198564214,0.8943089430894309,0.9243697478991597,0.9429761985642141,0.9147560121609619,0.9090909090909092,0.9001636661211129,0.6332168975540899
2424,0.9833333333333333,0.9439047036709921,0.8943089430894309,0.9401709401709402,0.9439047036709921,0.9226566082968523,0.9166666666666666,0.9031198686371099,0.5756509375668551
2425,0.9816666666666667,0.9393754104671966,0.8861788617886179,0.9316239316239316,0.9393754104671966,0.9147347300396081,0.9083333333333333,0.8949096880131364,0.6332162312228982
2426,0.9775,0.926251783409199,0.8617886178861789,0.9137931034482759,0.926251783409199,0.8948741940005607,0.887029288702929,0.8717105263157895,0.7771291321974095
2427,0.9833333333333333,0.9439047036709921,0.8943089430894309,0.9401709401709402,0.9439047036709921,0.9226566082968523,0.9166666666666666,0.9031198686371099,0.575650937566855
2428,0.98,0.934846117263401,0.8780487804878049,0.9230769230769231,0.934846117263401,0.906812851782364,0.9,0.8866995073891627,0.6907815248789411
2429,0.9816666666666667,0.942976198564214,0.8943089430894309,0.9243697478991597,0.9429761985642141,0.9147560121609619,0.9090909090909092,0.9001636661211129,0.6332168975540899
2430,0.98,0.934846117263401,0.8780487804878049,0.9230769230769231,0.934846117263401,0.906812851782364,0.9,0.8866995073891627,0.6907815248789411
2431,0.9766666666666667,0.9185859546617751,0.8455284552845529,0.9203539823008849,0.9185859546617752,0.8908578854593857,0.8813559322033898,0.8595041322314051,0.8059107795286433
2432,0.9816666666666667,0.9393754104671966,0.8861788617886179,0.9316239316239316,0.9393754104671966,0.9147347300396081,0.9083333333333333,0.8949096880131364,0.633216231222898
2433,0.985,0.9520347849718052,0.9105691056910569,0.9411764705882353,0.9520347849718052,0.9304561214729794,0.9256198347107438,0.916530278232406,0.5180863102420039
2434,0.98,0.9312453291663836,0.8699186991869918,0.9304347826086956,0.9312453291663836,0.9068434075645104,0.8991596638655462,0.8813838550247116,0.6907808585477492
2435,0.9775,0.926251783409199,0.8617886178861789,0.9137931034482759,0.926251783409199,0.8948741940005607,0.887029288702929,0.8717105263157895,0.7771291321974096
2436,0.9775,0.9226509953121815,0.8536585365853658,0.9210526315789473,0.9226509953121815,0.8948555840821566,0.8860759493670887,0.8663366336633662,0.7771284658662178
2437,0.9808333333333333,0.9389111579138076,0.8861788617886179,0.923728813559322,0.9389111579138076,0.9107871710073033,0.9045643153526971,0.8934426229508198,0.6619992112165155
2438,0.9808333333333333,0.9317095817197726,0.8699186991869918,0.9385964912280702,0.9317095817197726,0.9109242618741977,0.9029535864978903,0.8828382838283828,0.6619978785541317
2439,0.9816666666666667,0.942976198564214,0.8943089430894309,0.9243697478991597,0.9429761985642141,0.9147560121609619,0.9090909090909092,0.9001636661211129,0.6332168975540899
2440,0.98,0.9312453291663836,0.8699186991869918,0.9304347826086956,0.9312453291663836,0.9068434075645104,0.8991596638655462,0.8813838550247116,0.6907808585477492
2441,0.9841666666666666,0.951570532418416,0.9105691056910569,0.9333333333333333,0.9515705324184162,0.9265345528455284,0.9218106995884775,0.9150326797385622,0.5468692902356214
2442,0.9791666666666666,0.934381864710012,0.8780487804878049,0.9152542372881356,0.934381864710012,0.9029015088879703,0.896265560165975,0.8852459016393444,0.7195645048725584
2443,0.9766666666666667,0.9257875308558099,0.8617886178861789,0.905982905982906,0.9257875308558099,0.8909690952678757,0.8833333333333334,0.8702791461412152,0.805912112191027
2444,0.9808333333333333,0.942511946010825,0.8943089430894309,0.9166666666666666,0.942511946010825,0.9109044715447153,0.9053497942386831,0.8986928104575165,0.6619998775477073
2445,0.9816666666666667,0.942976198564214,0.8943089430894309,0.9243697478991597,0.9429761985642141,0.9147560121609619,0.9090909090909092,0.9001636661211129,0.6332168975540898
2446,0.9791666666666666,0.9307810766129945,0.8699186991869918,0.9224137931034483,0.9307810766129946,0.9028329128118868,0.8953974895397491,0.8799342105263158,0.7195638385413665
2447,0.9783333333333334,0.9303168240596055,0.8699186991869918,0.9145299145299145,0.9303168240596055,0.8988909735251197,0.8916666666666666,0.8784893267651888,0.748346818534984
2448,0.98,0.934846117263401,0.8780487804878049,0.9230769230769231,0.934846117263401,0.906812851782364,0.9,0.8866995073891627,0.6907815248789411
2449,0.9775,0.9298525715062165,0.8699186991869918,0.9067796610169492,0.9298525715062165,0.8950158467686372,0.8879668049792531,0.8770491803278687,0.7771297985286013
2450,0.9766666666666667,0.9221867427587924,0.8536585365853658,0.9130434782608695,0.9221867427587924,0.8908510074231177,0.8823529411764706,0.8649093904448104,0.8059114458598352
2451,0.9833333333333333,0.9439047036709921,0.8943089430894309,0.9401709401709402,0.9439047036709921,0.9226566082968523,0.9166666666666666,0.9031198686371099,0.5756509375668551
2452,0.9808333333333333,0.9353103698167902,0.8780487804878049,0.9310344827586207,0.93531036981679,0.9107916316232127,0.903765690376569,0.8881578947368419,0.6619985448853236
2453,0.9816666666666667,0.942976198564214,0.8943089430894309,0.9243697478991597,0.9429761985642141,0.9147560121609619,0.9090909090909092,0.9001636661211129,0.6332168975540899
2454,0.9825,0.9398396630205856,0.8861788617886179,0.9396551724137931,0.9398396630205856,0.9187503504345389,0.9121338912133892,0.8963815789473685,0.6044332512292806
2455,0.9766666666666667,0.9149851665647576,0.8373983739837398,0.9279279279279279,0.9149851665647576,0.8909964842891671,0.8803418803418804,0.8540630182421227,0.8059101131974514
2456,0.9808333333333333,0.9389111579138076,0.8861788617886179,0.923728813559322,0.9389111579138076,0.9107871710073033,0.9045643153526971,0.8934426229508198,0.6619992112165155
2457,0.9841666666666666,0.9551713205154335,0.9186991869918699,0.9262295081967213,0.9551713205154336,0.9266310142609623,0.9224489795918367,0.9201954397394136,0.5468699565668131
2458,0.9791666666666666,0.9379826528070294,0.8861788617886179,0.9083333333333333,0.9379826528070294,0.9030894308943089,0.897119341563786,0.8905228758169936,0.7195651712037503
2459,0.9791666666666666,0.934381864710012,0.8780487804878049,0.9152542372881356,0.934381864710012,0.9029015088879703,0.896265560165975,0.8852459016393444,0.7195645048725584
2460,0.9775,0.926251783409199,0.8617886178861789,0.9137931034482759,0.926251783409199,0.8948741940005607,0.887029288702929,0.8717105263157895,0.7771291321974095
2461,0.9783333333333334,0.9267160359625881,0.8617886178861789,0.9217391304347826,0.9267160359625881,0.8988472074938141,0.8907563025210083,0.8731466227347612,0.7483461522037922
2462,0.9833333333333333,0.9475054917680097,0.9024390243902439,0.9327731092436975,0.9475054917680096,0.9226060668169707,0.9173553719008264,0.9083469721767595,0.5756516038980469
2463,0.9808333333333333,0.9353103698167902,0.8780487804878049,0.9310344827586207,0.93531036981679,0.9107916316232127,0.903765690376569,0.8881578947368419,0.6619985448853236
2464,0.9783333333333334,0.9303168240596055,0.8699186991869918,0.9145299145299145,0.9303168240596055,0.8988909735251197,0.8916666666666666,0.8784893267651888,0.7483468185349841
2465,0.98,0.9312453291663836,0.8699186991869918,0.9304347826086956,0.9312453291663836,0.9068434075645104,0.8991596638655462,0.8813838550247116,0.6907808585477492
2466,0.9808333333333333,0.9389111579138076,0.8861788617886179,0.923728813559322,0.9389111579138076,0.9107871710073033,0.9045643153526971,0.8934426229508198,0.6619992112165155
2467,0.9791666666666666,0.934381864710012,0.8780487804878049,0.9152542372881356,0.934381864710012,0.9029015088879703,0.896265560165975,0.8852459016393444,0.7195645048725584
2468,0.9808333333333333,0.9389111579138076,0.8861788617886179,0.923728813559322,0.9389111579138076,0.9107871710073033,0.9045643153526971,0.8934426229508198,0.6619992112165155
2469,0.9783333333333334,0.9267160359625881,0.8617886178861789,0.9217391304347826,0.9267160359625881,0.8988472074938141,0.8907563025210083,0.8731466227347612,0.7483461522037921
2470,0.9783333333333334,0.9231152478655706,0.8536585365853658,0.9292035398230089,0.9231152478655705,0.8989310382041873,0.8898305084745762,0.8677685950413223,0.7483454858726003
2471,0.9783333333333334,0.9267160359625881,0.8617886178861789,0.9217391304347826,0.9267160359625881,0.8988472074938141,0.8907563025210083,0.8731466227347612,0.7483461522037921
2472,0.9783333333333334,0.9231152478655706,0.8536585365853658,0.9292035398230089,0.9231152478655705,0.8989310382041873,0.8898305084745762,0.8677685950413223,0.7483454858726003
2473,0.9783333333333334,0.9303168240596055,0.8699186991869918,0.9145299145299145,0.9303168240596055,0.8988909735251197,0.8916666666666666,0.8784893267651888,0.748346818534984
2474,0.9833333333333333,0.9475054917680097,0.9024390243902439,0.9327731092436975,0.9475054917680096,0.9226060668169707,0.9173553719008264,0.9083469721767595,0.5756516038980469
2475,0.9808333333333333,0.9353103698167902,0.8780487804878049,0.9310344827586207,0.93531036981679,0.9107916316232127,0.903765690376569,0.8881578947368419,0.6619985448853236
2476,0.9816666666666667,0.942976198564214,0.8943089430894309,0.9243697478991597,0.9429761985642141,0.9147560121609619,0.9090909090909092,0.9001636661211129,0.6332168975540899
2477,0.9816666666666667,0.942976198564214,0.8943089430894309,0.9243697478991597,0.9429761985642141,0.9147560121609619,0.9090909090909092,0.9001636661211129,0.6332168975540899
2478,0.9808333333333333,0.9389111579138076,0.8861788617886179,0.923728813559322,0.9389111579138076,0.9107871710073033,0.9045643153526971,0.8934426229508198,0.6619992112165155
2479,0.9783333333333334,0.9303168240596055,0.8699186991869918,0.9145299145299145,0.9303168240596055,0.8988909735251197,0.8916666666666666,0.8784893267651888,0.7483468185349841
2480,0.9783333333333334,0.9303168240596055,0.8699186991869918,0.9145299145299145,0.9303168240596055,0.8988909735251197,0.8916666666666666,0.8784893267651888,0.7483468185349839
2481,0.9791666666666666,0.9307810766129945,0.8699186991869918,0.9224137931034483,0.9307810766129946,0.9028329128118868,0.8953974895397491,0.8799342105263158,0.7195638385413667
2482,0.9775,0.9226509953121815,0.8536585365853658,0.9210526315789473,0.9226509953121815,0.8948555840821566,0.8860759493670887,0.8663366336633662,0.7771284658662178
2483,0.9783333333333334,0.9231152478655706,0.8536585365853658,0.9292035398230089,0.9231152478655705,0.8989310382041873,0.8898305084745762,0.8677685950413223,0.7483454858726003
2484,0.9783333333333334,0.9267160359625881,0.8617886178861789,0.9217391304347826,0.9267160359625881,0.8988472074938141,0.8907563025210083,0.8731466227347612,0.7483461522037922
2485,0.9783333333333334,0.9231152478655706,0.8536585365853658,0.9292035398230089,0.9231152478655705,0.8989310382041873,0.8898305084745762,0.8677685950413223,0.7483454858726003
2486,0.9791666666666666,0.934381864710012,0.8780487804878049,0.9152542372881356,0.934381864710012,0.9029015088879703,0.896265560165975,0.8852459016393444,0.7195645048725585
2487,0.9775,0.9190502072151641,0.8455284552845529,0.9285714285714286,0.9190502072151642,0.8949666085946575,0.8851063829787236,0.8609271523178809,0.7771277995350259
2488,0.9808333333333333,0.9389111579138076,0.8861788617886179,0.923728813559322,0.9389111579138076,0.9107871710073033,0.9045643153526971,0.8934426229508198,0.6619992112165156
2489,0.9775,0.9226509953121815,0.8536585365853658,0.9210526315789473,0.9226509953121815,0.8948555840821566,0.8860759493670887,0.8663366336633662,0.7771284658662176
2490,0.9833333333333333,0.9475054917680097,0.9024390243902439,0.9327731092436975,0.9475054917680096,0.9226060668169707,0.9173553719008264,0.9083469721767595,0.5756516038980469
2491,0.9816666666666667,0.9393754104671966,0.8861788617886179,0.9316239316239316,0.9393754104671966,0.9147347300396081,0.9083333333333333,0.8949096880131364,0.6332162312228982
2492,0.9808333333333333,0.9389111579138076,0.8861788617886179,0.923728813559322,0.9389111579138076,0.9107871710073033,0.9045643153526971,0.8934426229508198,0.6619992112165155
2493,0.9791666666666666,0.9307810766129945,0.8699186991869918,0.9224137931034483,0.9307810766129946,0.9028329128118868,0.8953974895397491,0.8799342105263158,0.7195638385413665
2494,0.9816666666666667,0.9393754104671966,0.8861788617886179,0.9316239316239316,0.9393754104671966,0.9147347300396081,0.9083333333333333,0.8949096880131364,0.633216231222898
2495,0.9816666666666667,0.935774622370179,0.8780487804878049,0.9391304347826087,0.9357746223701789,0.9148396076352068,0.907563025210084,0.8896210873146623,0.6332155648917063
2496,0.9808333333333333,0.942511946010825,0.8943089430894309,0.9166666666666666,0.942511946010825,0.9109044715447153,0.9053497942386831,0.8986928104575165,0.6619998775477073
2497,0.9783333333333334,0.9303168240596055,0.8699186991869918,0.9145299145299145,0.9303168240596055,0.8988909735251197,0.8916666666666666,0.8784893267651888,0.7483468185349841
2498,0.9791666666666666,0.934381864710012,0.8780487804878049,0.9152542372881356,0.934381864710012,0.9029015088879703,0.896265560165975,0.8852459016393444,0.7195645048725584
2499,0.9791666666666666,0.934381864710012,0.8780487804878049,0.9152542372881356,0.934381864710012,0.9029015088879703,0.896265560165975,0.8852459016393444,0.7195645048725584
2500,0.9808333333333333,0.9317095817197726,0.8699186991869918,0.9385964912280702,0.9317095817197726,0.9109242618741977,0.9029535864978903,0.8828382838283828,0.6619978785541318
2501,0.9758333333333333,0.9145209140113686,0.8373983739837398,0.9196428571428571,0.9145209140113686,0.8868539488966318,0.876595744680851,0.8526490066225165,0.8346930931910689
2502,0.9766666666666667,0.9149851665647576,0.8373983739837398,0.9279279279279279,0.9149851665647576,0.8909964842891671,0.8803418803418804,0.8540630182421227,0.8059101131974515
2503,0.9791666666666666,0.9271802885159771,0.8617886178861789,0.9298245614035088,0.9271802885159771,0.9028899229781772,0.8945147679324894,0.8745874587458744,0.7195631722101747
2504,0.9816666666666667,0.9393754104671966,0.8861788617886179,0.9316239316239316,0.9393754104671966,0.9147347300396081,0.9083333333333333,0.8949096880131364,0.6332162312228982
2505,0.9775,0.9190502072151641,0.8455284552845529,0.9285714285714286,0.9190502072151642,0.8949666085946575,0.8851063829787236,0.8609271523178809,0.7771277995350259
2506,0.9783333333333334,0.9267160359625881,0.8617886178861789,0.9217391304347826,0.9267160359625881,0.8988472074938141,0.8907563025210083,0.8731466227347612,0.7483461522037921
2507,0.9791666666666666,0.9271802885159771,0.8617886178861789,0.9298245614035088,0.9271802885159771,0.9028899229781772,0.8945147679324894,0.8745874587458744,0.7195631722101747
2508,0.9808333333333333,0.9353103698167902,0.8780487804878049,0.9310344827586207,0.93531036981679,0.9107916316232127,0.903765690376569,0.8881578947368419,0.6619985448853236
2509,0.98,0.9312453291663836,0.8699186991869918,0.9304347826086956,0.9312453291663836,0.9068434075645104,0.8991596638655462,0.8813838550247116,0.6907808585477491
2510,0.9825,0.9434404511176031,0.8943089430894309,0.9322033898305084,0.9434404511176032,0.9186728331266363,0.9128630705394191,0.9016393442622951,0.6044339175604725
2511,0.9791666666666666,0.9307810766129945,0.8699186991869918,0.9224137931034483,0.9307810766129946,0.9028329128118868,0.8953974895397491,0.8799342105263158,0.7195638385413666
2512,0.9775,0.926251783409199,0.8617886178861789,0.9137931034482759,0.926251783409199,0.8948741940005607,0.887029288702929,0.8717105263157895,0.7771291321974096
2513,0.9783333333333334,0.9231152478655706,0.8536585365853658,0.9292035398230089,0.9231152478655705,0.8989310382041873,0.8898305084745762,0.8677685950413223,0.7483454858726003
2514,0.9783333333333334,0.9267160359625881,0.8617886178861789,0.9217391304347826,0.9267160359625881,0.8988472074938141,0.8907563025210083,0.8731466227347612,0.7483461522037921
2515,0.98,0.9312453291663836,0.8699186991869918,0.9304347826086956,0.9312453291663836,0.9068434075645104,0.8991596638655462,0.8813838550247116,0.6907808585477492
2516,0.98,0.9312453291663836,0.8699186991869918,0.9304347826086956,0.9312453291663836,0.9068434075645104,0.8991596638655462,0.8813838550247116,0.6907808585477492
2517,0.9783333333333334,0.9267160359625881,0.8617886178861789,0.9217391304347826,0.9267160359625881,0.8988472074938141,0.8907563025210083,0.8731466227347612,0.7483461522037921
2518,0.9791666666666666,0.9307810766129945,0.8699186991869918,0.9224137931034483,0.9307810766129946,0.9028329128118868,0.8953974895397491,0.8799342105263158,0.7195638385413665
2519,0.9791666666666666,0.934381864710012,0.8780487804878049,0.9152542372881356,0.934381864710012,0.9029015088879703,0.896265560165975,0.8852459016393444,0.7195645048725584
2520,0.9783333333333334,0.9231152478655706,0.8536585365853658,0.9292035398230089,0.9231152478655705,0.8989310382041873,0.8898305084745762,0.8677685950413223,0.7483454858726004
2521,0.9816666666666667,0.9393754104671966,0.8861788617886179,0.9316239316239316,0.9393754104671966,0.9147347300396081,0.9083333333333333,0.8949096880131364,0.6332162312228982
2522,0.9816666666666667,0.9393754104671966,0.8861788617886179,0.9316239316239316,0.9393754104671966,0.9147347300396081,0.9083333333333333,0.8949096880131364,0.6332162312228982
2523,0.9841666666666666,0.9479697443213986,0.9024390243902439,0.940677966101695,0.9479697443213986,0.9265584952459696,0.9211618257261411,0.9098360655737704,0.5468686239044295
2524,0.98,0.934846117263401,0.8780487804878049,0.9230769230769231,0.934846117263401,0.906812851782364,0.9,0.8866995073891627,0.6907815248789411
2525,0.9783333333333334,0.9267160359625881,0.8617886178861789,0.9217391304347826,0.9267160359625881,0.8988472074938141,0.8907563025210083,0.8731466227347612,0.7483461522037922
2526,0.9816666666666667,0.942976198564214,0.8943089430894309,0.9243697478991597,0.9429761985642141,0.9147560121609619,0.9090909090909092,0.9001636661211129,0.6332168975540899
2527,0.98,0.9312453291663836,0.8699186991869918,0.9304347826086956,0.9312453291663836,0.9068434075645104,0.8991596638655462,0.8813838550247116,0.6907808585477492
2528,0.98,0.934846117263401,0.8780487804878049,0.9230769230769231,0.934846117263401,0.906812851782364,0.9,0.8866995073891627,0.6907815248789411
2529,0.9783333333333334,0.9267160359625881,0.8617886178861789,0.9217391304347826,0.9267160359625881,0.8988472074938141,0.8907563025210083,0.8731466227347612,0.7483461522037921
2530,0.9816666666666667,0.9393754104671966,0.8861788617886179,0.9316239316239316,0.9393754104671966,0.9147347300396081,0.9083333333333333,0.8949096880131364,0.633216231222898
2531,0.9791666666666666,0.934381864710012,0.8780487804878049,0.9152542372881356,0.934381864710012,0.9029015088879703,0.896265560165975,0.8852459016393444,0.7195645048725584
2532,0.9783333333333334,0.9267160359625881,0.8617886178861789,0.9217391304347826,0.9267160359625881,0.8988472074938141,0.8907563025210083,0.8731466227347612,0.7483461522037922
2533,0.9791666666666666,0.934381864710012,0.8780487804878049,0.9152542372881356,0.934381864710012,0.9029015088879703,0.896265560165975,0.8852459016393444,0.7195645048725584
2534,0.98,0.9312453291663836,0.8699186991869918,0.9304347826086956,0.9312453291663836,0.9068434075645104,0.8991596638655462,0.8813838550247116,0.6907808585477492
2535,0.9791666666666666,0.9235795004189595,0.8536585365853658,0.9375,0.9235795004189595,0.9030792682926829,0.8936170212765958,0.869205298013245,0.719562505878983
2536,0.9783333333333334,0.933917612156623,0.8780487804878049,0.907563025210084,0.9339176121566228,0.8990559028489444,0.8925619834710744,0.8837970540098199,0.7483474848661757
2537,0.9808333333333333,0.942511946010825,0.8943089430894309,0.9166666666666666,0.942511946010825,0.9109044715447153,0.9053497942386831,0.8986928104575165,0.6619998775477073
2538,0.9775,0.9154494191181466,0.8373983739837398,0.9363636363636364,0.9154494191181466,0.8952143385070215,0.8841201716738197,0.8554817275747508,0.7771271332038341
2539,0.9791666666666666,0.9271802885159771,0.8617886178861789,0.9298245614035088,0.9271802885159771,0.9028899229781772,0.8945147679324894,0.8745874587458744,0.7195631722101747
2540,0.9791666666666666,0.9271802885159771,0.8617886178861789,0.9298245614035088,0.9271802885159771,0.9028899229781772,0.8945147679324894,0.8745874587458744,0.7195631722101747
2541,0.9758333333333333,0.9181217021083861,0.8455284552845529,0.9122807017543859,0.9181217021083861,0.886821245186136,0.8776371308016878,0.8580858085808581,0.8346937595222608
2542,0.9791666666666666,0.9307810766129945,0.8699186991869918,0.9224137931034483,0.9307810766129946,0.9028329128118868,0.8953974895397491,0.8799342105263158,0.7195638385413666
2543,0.9791666666666666,0.9307810766129945,0.8699186991869918,0.9224137931034483,0.9307810766129946,0.9028329128118868,0.8953974895397491,0.8799342105263158,0.7195638385413667
2544,0.9775,0.9190502072151641,0.8455284552845529,0.9285714285714286,0.9190502072151642,0.8949666085946575,0.8851063829787236,0.8609271523178809,0.777127799535026
2545,0.9775,0.9190502072151641,0.8455284552845529,0.9285714285714286,0.9190502072151642,0.8949666085946575,0.8851063829787236,0.8609271523178809,0.777127799535026
2546,0.9808333333333333,0.9389111579138076,0.8861788617886179,0.923728813559322,0.9389111579138076,0.9107871710073033,0.9045643153526971,0.8934426229508198,0.6619992112165155
2547,0.98,0.9276445410693661,0.8617886178861789,0.9380530973451328,0.927644541069366,0.9070041909489892,0.8983050847457628,0.8760330578512395,0.6907801922165574
2548,0.98,0.9276445410693661,0.8617886178861789,0.9380530973451328,0.927644541069366,0.9070041909489892,0.8983050847457628,0.8760330578512395,0.6907801922165574
2549,0.98,0.9384469053604185,0.8861788617886179,0.9159663865546218,0.9384469053604185,0.9069059575049532,0.9008264462809917,0.8919803600654663,0.690782191210133
2550,0.9766666666666667,0.9149851665647576,0.8373983739837398,0.9279279279279279,0.9149851665647576,0.8909964842891671,0.8803418803418804,0.8540630182421227,0.8059101131974515
2551,0.9808333333333333,0.9389111579138076,0.8861788617886179,0.923728813559322,0.9389111579138076,0.9107871710073033,0.9045643153526971,0.8934426229508198,0.6619992112165154
2552,0.9783333333333334,0.9303168240596055,0.8699186991869918,0.9145299145299145,0.9303168240596055,0.8988909735251197,0.8916666666666666,0.8784893267651888,0.7483468185349839
2553,0.9808333333333333,0.9317095817197726,0.8699186991869918,0.9385964912280702,0.9317095817197726,0.9109242618741977,0.9029535864978903,0.8828382838283828,0.6619978785541317
2554,0.98,0.9384469053604185,0.8861788617886179,0.9159663865546218,0.9384469053604185,0.9069059575049532,0.9008264462809917,0.8919803600654663,0.6907821912101328
2555,0.9816666666666667,0.942976198564214,0.8943089430894309,0.9243697478991597,0.9429761985642141,0.9147560121609619,0.9090909090909092,0.9001636661211129,0.6332168975540899
2556,0.9775,0.9226509953121815,0.8536585365853658,0.9210526315789473,0.9226509953121815,0.8948555840821566,0.8860759493670887,0.8663366336633662,0.7771284658662176
2557,0.9775,0.9226509953121815,0.8536585365853658,0.9210526315789473,0.9226509953121815,0.8948555840821566,0.8860759493670887,0.8663366336633662,0.7771284658662176
2558,0.9833333333333333,0.951106279865027,0.9105691056910569,0.9256198347107438,0.9511062798650272,0.9226778035342337,0.9180327868852458,0.9135399673735728,0.5756522702292387
2559,0.9766666666666667,0.9149851665647576,0.8373983739837398,0.9279279279279279,0.9149851665647576,0.8909964842891671,0.8803418803418804,0.8540630182421227,0.8059101131974514
2560,0.9758333333333333,0.9217224902054034,0.8536585365853658,0.9051724137931034,0.9217224902054034,0.8869154751892346,0.8786610878661086,0.8634868421052632,0.8346944258534525
2561,0.9825,0.9434404511176031,0.8943089430894309,0.9322033898305084,0.9434404511176032,0.9186728331266363,0.9128630705394191,0.9016393442622951,0.6044339175604726
2562,0.985,0.9556355730688226,0.9186991869918699,0.9338842975206612,0.9556355730688226,0.9304584089229322,0.9262295081967213,0.9216965742251224,0.5180869765731958
2563,0.9791666666666666,0.9235795004189595,0.8536585365853658,0.9375,0.9235795004189595,0.9030792682926829,0.8936170212765958,0.869205298013245,0.7195625058789828
2564,0.98,0.934846117263401,0.8780487804878049,0.9230769230769231,0.934846117263401,0.906812851782364,0.9,0.8866995073891627,0.6907815248789411
2565,0.9783333333333334,0.9303168240596055,0.8699186991869918,0.9145299145299145,0.9303168240596055,0.8988909735251197,0.8916666666666666,0.8784893267651888,0.748346818534984
2566,0.9791666666666666,0.9307810766129945,0.8699186991869918,0.9224137931034483,0.9307810766129946,0.9028329128118868,0.8953974895397491,0.8799342105263158,0.7195638385413665
2567,0.9816666666666667,0.935774622370179,0.8780487804878049,0.9391304347826087,0.9357746223701789,0.9148396076352068,0.907563025210084,0.8896210873146623,0.6332155648917062
2568,0.9783333333333334,0.9303168240596055,0.8699186991869918,0.9145299145299145,0.9303168240596055,0.8988909735251197,0.8916666666666666,0.8784893267651888,0.7483468185349841
2569,0.98,0.934846117263401,0.8780487804878049,0.9230769230769231,0.934846117263401,0.906812851782364,0.9,0.8866995073891627,0.6907815248789411
2570,0.9808333333333333,0.9389111579138076,0.8861788617886179,0.923728813559322,0.9389111579138076,0.9107871710073033,0.9045643153526971,0.8934426229508198,0.6619992112165155
2571,0.98,0.934846117263401,0.8780487804878049,0.9230769230769231,0.934846117263401,0.906812851782364,0.9,0.8866995073891627,0.6907815248789411
2572,0.9808333333333333,0.9353103698167902,0.8780487804878049,0.9310344827586207,0.93531036981679,0.9107916316232127,0.903765690376569,0.8881578947368419,0.6619985448853236
2573,0.9775,0.926251783409199,0.8617886178861789,0.9137931034482759,0.926251783409199,0.8948741940005607,0.887029288702929,0.8717105263157895,0.7771291321974096
2574,0.9775,0.9298525715062165,0.8699186991869918,0.9067796610169492,0.9298525715062165,0.8950158467686372,0.8879668049792531,0.8770491803278687,0.7771297985286014
2575,0.9808333333333333,0.9389111579138076,0.8861788617886179,0.923728813559322,0.9389111579138076,0.9107871710073033,0.9045643153526971,0.8934426229508198,0.6619992112165155
2576,0.9825,0.9398396630205856,0.8861788617886179,0.9396551724137931,0.9398396630205856,0.9187503504345389,0.9121338912133892,0.8963815789473685,0.6044332512292807
2577,0.9825,0.9434404511176031,0.8943089430894309,0.9322033898305084,0.9434404511176032,0.9186728331266363,0.9128630705394191,0.9016393442622951,0.6044339175604725
2578,0.9791666666666666,0.9307810766129945,0.8699186991869918,0.9224137931034483,0.9307810766129946,0.9028329128118868,0.8953974895397491,0.8799342105263158,0.7195638385413665
2579,0.98,0.9312453291663836,0.8699186991869918,0.9304347826086956,0.9312453291663836,0.9068434075645104,0.8991596638655462,0.8813838550247116,0.6907808585477491
2580,0.9791666666666666,0.9307810766129945,0.8699186991869918,0.9224137931034483,0.9307810766129946,0.9028329128118868,0.8953974895397491,0.8799342105263158,0.7195638385413665
2581,0.9833333333333333,0.9475054917680097,0.9024390243902439,0.9327731092436975,0.9475054917680096,0.9226060668169707,0.9173553719008264,0.9083469721767595,0.5756516038980469
2582,0.9791666666666666,0.934381864710012,0.8780487804878049,0.9152542372881356,0.934381864710012,0.9029015088879703,0.896265560165975,0.8852459016393444,0.7195645048725585
2583,0.9808333333333333,0.9317095817197726,0.8699186991869918,0.9385964912280702,0.9317095817197726,0.9109242618741977,0.9029535864978903,0.8828382838283828,0.6619978785541318
2584,0.9791666666666666,0.9307810766129945,0.8699186991869918,0.9224137931034483,0.9307810766129946,0.9028329128118868,0.8953974895397491,0.8799342105263158,0.7195638385413665
2585,0.9808333333333333,0.942511946010825,0.8943089430894309,0.9166666666666666,0.942511946010825,0.9109044715447153,0.9053497942386831,0.8986928104575165,0.6619998775477073
2586,0.9775,0.9298525715062165,0.8699186991869918,0.9067796610169492,0.9298525715062165,0.8950158467686372,0.8879668049792531,0.8770491803278687,0.7771297985286013
2587,0.9791666666666666,0.9307810766129945,0.8699186991869918,0.9224137931034483,0.9307810766129946,0.9028329128118868,0.8953974895397491,0.8799342105263158,0.7195638385413665
2588,0.9758333333333333,0.9145209140113686,0.8373983739837398,0.9196428571428571,0.9145209140113686,0.8868539488966318,0.876595744680851,0.8526490066225165,0.8346930931910689
2589,0.9758333333333333,0.9217224902054034,0.8536585365853658,0.9051724137931034,0.9217224902054034,0.8869154751892346,0.8786610878661086,0.8634868421052632,0.8346944258534525
2590,0.9816666666666667,0.935774622370179,0.8780487804878049,0.9391304347826087,0.9357746223701789,0.9148396076352068,0.907563025210084,0.8896210873146623,0.6332155648917063
2591,0.98,0.9312453291663836,0.8699186991869918,0.9304347826086956,0.9312453291663836,0.9068434075645104,0.8991596638655462,0.8813838550247116,0.6907808585477492
2592,0.98,0.934846117263401,0.8780487804878049,0.9230769230769231,0.934846117263401,0.906812851782364,0.9,0.8866995073891627,0.6907815248789411
2593,0.9816666666666667,0.935774622370179,0.8780487804878049,0.9391304347826087,0.9357746223701789,0.9148396076352068,0.907563025210084,0.8896210873146623,0.6332155648917063
2594,0.9825,0.9434404511176031,0.8943089430894309,0.9322033898305084,0.9434404511176032,0.9186728331266363,0.9128630705394191,0.9016393442622951,0.6044339175604725
2595,0.9808333333333333,0.9389111579138076,0.8861788617886179,0.923728813559322,0.9389111579138076,0.9107871710073033,0.9045643153526971,0.8934426229508198,0.6619992112165155
2596,0.9791666666666666,0.934381864710012,0.8780487804878049,0.9152542372881356,0.934381864710012,0.9029015088879703,0.896265560165975,0.8852459016393444,0.7195645048725584
2597,0.9825,0.9398396630205856,0.8861788617886179,0.9396551724137931,0.9398396630205856,0.9187503504345389,0.9121338912133892,0.8963815789473685,0.6044332512292807
2598,0.9758333333333333,0.9145209140113686,0.8373983739837398,0.9196428571428571,0.9145209140113686,0.8868539488966318,0.876595744680851,0.8526490066225165,0.8346930931910689
2599,0.9758333333333333,0.9073193378173336,0.8211382113821138,0.9351851851851852,0.9073193378173335,0.8873283649503162,0.8744588744588745,0.8416666666666668,0.8346917605286851
2600,0.9783333333333334,0.9267160359625881,0.8617886178861789,0.9217391304347826,0.9267160359625881,0.8988472074938141,0.8907563025210083,0.8731466227347612,0.7483461522037922
2601,0.9791666666666666,0.9307810766129945,0.8699186991869918,0.9224137931034483,0.9307810766129946,0.9028329128118868,0.8953974895397491,0.8799342105263158,0.7195638385413666
2602,0.9808333333333333,0.9353103698167902,0.8780487804878049,0.9310344827586207,0.93531036981679,0.9107916316232127,0.903765690376569,0.8881578947368419,0.6619985448853236
2603,0.9833333333333333,0.9403039155739747,0.8861788617886179,0.9478260869565217,0.9403039155739746,0.9228358077059031,0.9159663865546218,0.8978583196046129,0.5756502712356633
2604,0.9791666666666666,0.9307810766129945,0.8699186991869918,0.9224137931034483,0.9307810766129946,0.9028329128118868,0.8953974895397491,0.8799342105263158,0.7195638385413665
2605,0.98,0.934846117263401,0.8780487804878049,0.9230769230769231,0.934846117263401,0.906812851782364,0.9,0.8866995073891627,0.6907815248789411
2606,0.9783333333333334,0.9267160359625881,0.8617886178861789,0.9217391304347826,0.9267160359625881,0.8988472074938141,0.8907563025210083,0.8731466227347612,0.7483461522037921
2607,0.9791666666666666,0.9271802885159771,0.8617886178861789,0.9298245614035088,0.9271802885159771,0.9028899229781772,0.8945147679324894,0.8745874587458744,0.7195631722101747
2608,0.9791666666666666,0.934381864710012,0.8780487804878049,0.9152542372881356,0.934381864710012,0.9029015088879703,0.896265560165975,0.8852459016393444,0.7195645048725584
2609,0.9825,0.9470412392146206,0.9024390243902439,0.925,0.9470412392146206,0.9187195121951219,0.9135802469135802,0.9068627450980392,0.6044345838916644
2610,0.9816666666666667,0.9393754104671966,0.8861788617886179,0.9316239316239316,0.9393754104671966,0.9147347300396081,0.9083333333333333,0.8949096880131364,0.6332162312228982
2611,0.9816666666666667,0.9393754104671966,0.8861788617886179,0.9316239316239316,0.9393754104671966,0.9147347300396081,0.9083333333333333,0.8949096880131364,0.633216231222898
2612,0.9775,0.9226509953121815,0.8536585365853658,0.9210526315789473,0.9226509953121815,0.8948555840821566,0.8860759493670887,0.8663366336633662,0.7771284658662179
2613,0.9808333333333333,0.9389111579138076,0.8861788617886179,0.923728813559322,0.9389111579138076,0.9107871710073033,0.9045643153526971,0.8934426229508198,0.6619992112165155
2614,0.9783333333333334,0.9267160359625881,0.8617886178861789,0.9217391304347826,0.9267160359625881,0.8988472074938141,0.8907563025210083,0.8731466227347612,0.7483461522037922
2615,0.98,0.934846117263401,0.8780487804878049,0.9230769230769231,0.934846117263401,0.906812851782364,0.9,0.8866995073891627,0.6907815248789411
2616,0.98,0.9384469053604185,0.8861788617886179,0.9159663865546218,0.9384469053604185,0.9069059575049532,0.9008264462809917,0.8919803600654663,0.6907821912101328
2617,0.9791666666666666,0.9307810766129945,0.8699186991869918,0.9224137931034483,0.9307810766129946,0.9028329128118868,0.8953974895397491,0.8799342105263158,0.7195638385413666
2618,0.9833333333333333,0.951106279865027,0.9105691056910569,0.9256198347107438,0.9511062798650272,0.9226778035342337,0.9180327868852458,0.9135399673735728,0.5756522702292388
2619,0.9783333333333334,0.9231152478655706,0.8536585365853658,0.9292035398230089,0.9231152478655705,0.8989310382041873,0.8898305084745762,0.8677685950413223,0.7483454858726003
2620,0.9783333333333334,0.9267160359625881,0.8617886178861789,0.9217391304347826,0.9267160359625881,0.8988472074938141,0.8907563025210083,0.8731466227347612,0.7483461522037921
2621,0.9775,0.9190502072151641,0.8455284552845529,0.9285714285714286,0.9190502072151642,0.8949666085946575,0.8851063829787236,0.8609271523178809,0.7771277995350259
2622,0.9808333333333333,0.942511946010825,0.8943089430894309,0.9166666666666666,0.942511946010825,0.9109044715447153,0.9053497942386831,0.8986928104575165,0.6619998775477073
2623,0.9808333333333333,0.9353103698167902,0.8780487804878049,0.9310344827586207,0.93531036981679,0.9107916316232127,0.903765690376569,0.8881578947368419,0.6619985448853236
2624,0.9816666666666667,0.9393754104671966,0.8861788617886179,0.9316239316239316,0.9393754104671966,0.9147347300396081,0.9083333333333333,0.8949096880131364,0.6332162312228982
2625,0.9775,0.9226509953121815,0.8536585365853658,0.9210526315789473,0.9226509953121815,0.8948555840821566,0.8860759493670887,0.8663366336633662,0.7771284658662176
2626,0.9816666666666667,0.935774622370179,0.8780487804878049,0.9391304347826087,0.9357746223701789,0.9148396076352068,0.907563025210084,0.8896210873146623,0.6332155648917062
2627,0.9775,0.9226509953121815,0.8536585365853658,0.9210526315789473,0.9226509953121815,0.8948555840821566,0.8860759493670887,0.8663366336633662,0.7771284658662176
2628,0.9791666666666666,0.9235795004189595,0.8536585365853658,0.9375,0.9235795004189595,0.9030792682926829,0.8936170212765958,0.869205298013245,0.719562505878983
2629,0.9791666666666666,0.9271802885159771,0.8617886178861789,0.9298245614035088,0.9271802885159771,0.9028899229781772,0.8945147679324894,0.8745874587458744,0.7195631722101747
2630,0.9791666666666666,0.9199787123219422,0.8455284552845529,0.9454545454545454,0.9199787123219422,0.9034081670362158,0.8927038626609443,0.8637873754152826,0.7195618395477912
2631,0.9783333333333334,0.9303168240596055,0.8699186991869918,0.9145299145299145,0.9303168240596055,0.8988909735251197,0.8916666666666666,0.8784893267651888,0.748346818534984
2632,0.9791666666666666,0.9379826528070294,0.8861788617886179,0.9083333333333333,0.9379826528070294,0.9030894308943089,0.897119341563786,0.8905228758169936,0.7195651712037503
2633,0.9783333333333334,0.9267160359625881,0.8617886178861789,0.9217391304347826,0.9267160359625881,0.8988472074938141,0.8907563025210083,0.8731466227347612,0.7483461522037922
2634,0.9808333333333333,0.9281087936227552,0.8617886178861789,0.9464285714285714,0.9281087936227551,0.9111919279907085,0.902127659574468,0.8774834437086091,0.6619972122229398
2635,0.9766666666666667,0.9185859546617751,0.8455284552845529,0.9203539823008849,0.9185859546617752,0.8908578854593857,0.8813559322033898,0.8595041322314051,0.8059107795286432
2636,0.9766666666666667,0.9185859546617751,0.8455284552845529,0.9203539823008849,0.9185859546617752,0.8908578854593857,0.8813559322033898,0.8595041322314051,0.8059107795286432
2637,0.98,0.9276445410693661,0.8617886178861789,0.9380530973451328,0.927644541069366,0.9070041909489892,0.8983050847457628,0.8760330578512395,0.6907801922165574
2638,0.98,0.9312453291663836,0.8699186991869918,0.9304347826086956,0.9312453291663836,0.9068434075645104,0.8991596638655462,0.8813838550247116,0.6907808585477492
2639,0.9766666666666667,0.9221867427587924,0.8536585365853658,0.9130434782608695,0.9221867427587924,0.8908510074231177,0.8823529411764706,0.8649093904448104,0.8059114458598352
2640,0.9808333333333333,0.942511946010825,0.8943089430894309,0.9166666666666666,0.942511946010825,0.9109044715447153,0.9053497942386831,0.8986928104575165,0.6619998775477074
2641,0.9791666666666666,0.9235795004189595,0.8536585365853658,0.9375,0.9235795004189595,0.9030792682926829,0.8936170212765958,0.869205298013245,0.719562505878983
2642,0.9816666666666667,0.942976198564214,0.8943089430894309,0.9243697478991597,0.9429761985642141,0.9147560121609619,0.9090909090909092,0.9001636661211129,0.6332168975540898
2643,0.98,0.9312453291663836,0.8699186991869918,0.9304347826086956,0.9312453291663836,0.9068434075645104,0.8991596638655462,0.8813838550247116,0.6907808585477492
2644,0.9783333333333334,0.933917612156623,0.8780487804878049,0.907563025210084,0.9339176121566228,0.8990559028489444,0.8925619834710744,0.8837970540098199,0.7483474848661759
2645,0.9783333333333334,0.9267160359625881,0.8617886178861789,0.9217391304347826,0.9267160359625881,0.8988472074938141,0.8907563025210083,0.8731466227347612,0.7483461522037921
2646,0.985,0.9484339968747877,0.9024390243902439,0.9487179487179487,0.9484339968747877,0.9305784865540963,0.9249999999999999,0.9113300492610837,0.5180856439108121
2647,0.9816666666666667,0.9393754104671966,0.8861788617886179,0.9316239316239316,0.9393754104671966,0.9147347300396081,0.9083333333333333,0.8949096880131364,0.633216231222898
2648,0.9808333333333333,0.9389111579138076,0.8861788617886179,0.923728813559322,0.9389111579138076,0.9107871710073033,0.9045643153526971,0.8934426229508198,0.6619992112165155
2649,0.9808333333333333,0.9317095817197726,0.8699186991869918,0.9385964912280702,0.9317095817197726,0.9109242618741977,0.9029535864978903,0.8828382838283828,0.6619978785541317
2650,0.98,0.9276445410693661,0.8617886178861789,0.9380530973451328,0.927644541069366,0.9070041909489892,0.8983050847457628,0.8760330578512395,0.6907801922165574
2651,0.9816666666666667,0.935774622370179,0.8780487804878049,0.9391304347826087,0.9357746223701789,0.9148396076352068,0.907563025210084,0.8896210873146623,0.6332155648917063
2652,0.9808333333333333,0.9353103698167902,0.8780487804878049,0.9310344827586207,0.93531036981679,0.9107916316232127,0.903765690376569,0.8881578947368419,0.6619985448853236
2653,0.98,0.9312453291663836,0.8699186991869918,0.9304347826086956,0.9312453291663836,0.9068434075645104,0.8991596638655462,0.8813838550247116,0.6907808585477492
2654,0.9825,0.9434404511176031,0.8943089430894309,0.9322033898305084,0.9434404511176032,0.9186728331266363,0.9128630705394191,0.9016393442622951,0.6044339175604726
2655,0.9783333333333334,0.9231152478655706,0.8536585365853658,0.9292035398230089,0.9231152478655705,0.8989310382041873,0.8898305084745762,0.8677685950413223,0.7483454858726003
2656,0.9833333333333333,0.951106279865027,0.9105691056910569,0.9256198347107438,0.9511062798650272,0.9226778035342337,0.9180327868852458,0.9135399673735728,0.5756522702292388
2657,0.98,0.9276445410693661,0.8617886178861789,0.9380530973451328,0.927644541069366,0.9070041909489892,0.8983050847457628,0.8760330578512395,0.6907801922165574
2658,0.9791666666666666,0.9307810766129945,0.8699186991869918,0.9224137931034483,0.9307810766129946,0.9028329128118868,0.8953974895397491,0.8799342105263158,0.7195638385413665
2659,0.9783333333333334,0.9231152478655706,0.8536585365853658,0.9292035398230089,0.9231152478655705,0.8989310382041873,0.8898305084745762,0.8677685950413223,0.7483454858726003
2660,0.98,0.9312453291663836,0.8699186991869918,0.9304347826086956,0.9312453291663836,0.9068434075645104,0.8991596638655462,0.8813838550247116,0.6907808585477491
2661,0.9808333333333333,0.9389111579138076,0.8861788617886179,0.923728813559322,0.9389111579138076,0.9107871710073033,0.9045643153526971,0.8934426229508198,0.6619992112165155
2662,0.98,0.9312453291663836,0.8699186991869918,0.9304347826086956,0.9312453291663836,0.9068434075645104,0.8991596638655462,0.8813838550247116,0.6907808585477492
2663,0.98,0.9276445410693661,0.8617886178861789,0.9380530973451328,0.927644541069366,0.9070041909489892,0.8983050847457628,0.8760330578512395,0.6907801922165574
2664,0.9791666666666666,0.9307810766129945,0.8699186991869918,0.9224137931034483,0.9307810766129946,0.9028329128118868,0.8953974895397491,0.8799342105263158,0.7195638385413665
2665,0.9783333333333334,0.9267160359625881,0.8617886178861789,0.9217391304347826,0.9267160359625881,0.8988472074938141,0.8907563025210083,0.8731466227347612,0.7483461522037922
2666,0.9808333333333333,0.9353103698167902,0.8780487804878049,0.9310344827586207,0.93531036981679,0.9107916316232127,0.903765690376569,0.8881578947368419,0.6619985448853236
2667,0.9775,0.9226509953121815,0.8536585365853658,0.9210526315789473,0.9226509953121815,0.8948555840821566,0.8860759493670887,0.8663366336633662,0.7771284658662178
2668,0.98,0.934846117263401,0.8780487804878049,0.9230769230769231,0.934846117263401,0.906812851782364,0.9,0.8866995073891627,0.6907815248789411
2669,0.9816666666666667,0.935774622370179,0.8780487804878049,0.9391304347826087,0.9357746223701789,0.9148396076352068,0.907563025210084,0.8896210873146623,0.6332155648917063
2670,0.9816666666666667,0.9393754104671966,0.8861788617886179,0.9316239316239316,0.9393754104671966,0.9147347300396081,0.9083333333333333,0.8949096880131364,0.6332162312228982
2671,0.9783333333333334,0.9267160359625881,0.8617886178861789,0.9217391304347826,0.9267160359625881,0.8988472074938141,0.8907563025210083,0.8731466227347612,0.7483461522037922
2672,0.9766666666666667,0.9185859546617751,0.8455284552845529,0.9203539823008849,0.9185859546617752,0.8908578854593857,0.8813559322033898,0.8595041322314051,0.8059107795286432
2673,0.9808333333333333,0.9389111579138076,0.8861788617886179,0.923728813559322,0.9389111579138076,0.9107871710073033,0.9045643153526971,0.8934426229508198,0.6619992112165155
2674,0.9825,0.9434404511176031,0.8943089430894309,0.9322033898305084,0.9434404511176032,0.9186728331266363,0.9128630705394191,0.9016393442622951,0.6044339175604726
2675,0.9775,0.9154494191181466,0.8373983739837398,0.9363636363636364,0.9154494191181466,0.8952143385070215,0.8841201716738197,0.8554817275747508,0.7771271332038341
2676,0.98,0.9312453291663836,0.8699186991869918,0.9304347826086956,0.9312453291663836,0.9068434075645104,0.8991596638655462,0.8813838550247116,0.6907808585477492
2677,0.9783333333333334,0.9231152478655706,0.8536585365853658,0.9292035398230089,0.9231152478655705,0.8989310382041873,0.8898305084745762,0.8677685950413223,0.7483454858726003
2678,0.9791666666666666,0.9199787123219422,0.8455284552845529,0.9454545454545454,0.9199787123219422,0.9034081670362158,0.8927038626609443,0.8637873754152826,0.719561839547791
2679,0.9758333333333333,0.9217224902054034,0.8536585365853658,0.9051724137931034,0.9217224902054034,0.8869154751892346,0.8786610878661086,0.8634868421052632,0.8346944258534523
2680,0.9783333333333334,0.9267160359625881,0.8617886178861789,0.9217391304347826,0.9267160359625881,0.8988472074938141,0.8907563025210083,0.8731466227347612,0.7483461522037921
2681,0.9791666666666666,0.9307810766129945,0.8699186991869918,0.9224137931034483,0.9307810766129946,0.9028329128118868,0.8953974895397491,0.8799342105263158,0.7195638385413666
2682,0.9783333333333334,0.9231152478655706,0.8536585365853658,0.9292035398230089,0.9231152478655705,0.8989310382041873,0.8898305084745762,0.8677685950413223,0.7483454858726003
2683,0.9775,0.926251783409199,0.8617886178861789,0.9137931034482759,0.926251783409199,0.8948741940005607,0.887029288702929,0.8717105263157895,0.7771291321974096
2684,0.9833333333333333,0.9475054917680097,0.9024390243902439,0.9327731092436975,0.9475054917680096,0.9226060668169707,0.9173553719008264,0.9083469721767595,0.5756516038980469
2685,0.98,0.9312453291663836,0.8699186991869918,0.9304347826086956,0.9312453291663836,0.9068434075645104,0.8991596638655462,0.8813838550247116,0.6907808585477492
2686,0.98,0.9384469053604185,0.8861788617886179,0.9159663865546218,0.9384469053604185,0.9069059575049532,0.9008264462809917,0.8919803600654663,0.690782191210133
2687,0.9766666666666667,0.9221867427587924,0.8536585365853658,0.9130434782608695,0.9221867427587924,0.8908510074231177,0.8823529411764706,0.8649093904448104,0.8059114458598351
2688,0.98,0.934846117263401,0.8780487804878049,0.9230769230769231,0.934846117263401,0.906812851782364,0.9,0.8866995073891627,0.6907815248789411
2689,0.9783333333333334,0.933917612156623,0.8780487804878049,0.907563025210084,0.9339176121566228,0.8990559028489444,0.8925619834710744,0.8837970540098199,0.7483474848661757
2690,0.9816666666666667,0.9465769866612315,0.9024390243902439,0.9173553719008265,0.9465769866612315,0.9148971981455352,0.9098360655737705,0.9053833605220227,0.6332175638852817
2691,0.9791666666666666,0.9271802885159771,0.8617886178861789,0.9298245614035088,0.9271802885159771,0.9028899229781772,0.8945147679324894,0.8745874587458744,0.7195631722101747
2692,0.9783333333333334,0.9303168240596055,0.8699186991869918,0.9145299145299145,0.9303168240596055,0.8988909735251197,0.8916666666666666,0.8784893267651888,0.748346818534984
2693,0.9783333333333334,0.9231152478655706,0.8536585365853658,0.9292035398230089,0.9231152478655705,0.8989310382041873,0.8898305084745762,0.8677685950413223,0.7483454858726004
2694,0.975,0.9140566614579795,0.8373983739837398,0.911504424778761,0.9140566614579795,0.8827847327145837,0.8728813559322035,0.8512396694214875,0.8634760731846863
2695,0.98,0.934846117263401,0.8780487804878049,0.9230769230769231,0.934846117263401,0.906812851782364,0.9,0.8866995073891627,0.6907815248789411
2696,0.9808333333333333,0.9353103698167902,0.8780487804878049,0.9310344827586207,0.93531036981679,0.9107916316232127,0.903765690376569,0.8881578947368419,0.6619985448853236
2697,0.98,0.9384469053604185,0.8861788617886179,0.9159663865546218,0.9384469053604185,0.9069059575049532,0.9008264462809917,0.8919803600654663,0.6907821912101328
2698,0.9791666666666666,0.9271802885159771,0.8617886178861789,0.9298245614035088,0.9271802885159771,0.9028899229781772,0.8945147679324894,0.8745874587458744,0.7195631722101747
2699,0.9808333333333333,0.9353103698167902,0.8780487804878049,0.9310344827586207,0.93531036981679,0.9107916316232127,0.903765690376569,0.8881578947368419,0.6619985448853236
2700,0.9775,0.933453359603234,0.8780487804878049,0.9,0.9334533596032338,0.8952743902439024,0.888888888888889,0.8823529411764705,0.7771304648597932
2701,0.9783333333333334,0.9231152478655706,0.8536585365853658,0.9292035398230089,0.9231152478655705,0.8989310382041873,0.8898305084745762,0.8677685950413223,0.7483454858726003
2702,0.9758333333333333,0.9145209140113686,0.8373983739837398,0.9196428571428571,0.9145209140113686,0.8868539488966318,0.876595744680851,0.8526490066225165,0.8346930931910688
2703,0.98,0.9312453291663836,0.8699186991869918,0.9304347826086956,0.9312453291663836,0.9068434075645104,0.8991596638655462,0.8813838550247116,0.6907808585477492
2704,0.98,0.9276445410693661,0.8617886178861789,0.9380530973451328,0.927644541069366,0.9070041909489892,0.8983050847457628,0.8760330578512395,0.6907801922165574
2705,0.9783333333333334,0.9231152478655706,0.8536585365853658,0.9292035398230089,0.9231152478655705,0.8989310382041873,0.8898305084745762,0.8677685950413223,0.7483454858726003
2706,0.9808333333333333,0.9317095817197726,0.8699186991869918,0.9385964912280702,0.9317095817197726,0.9109242618741977,0.9029535864978903,0.8828382838283828,0.6619978785541317
2707,0.98,0.934846117263401,0.8780487804878049,0.9230769230769231,0.934846117263401,0.906812851782364,0.9,0.8866995073891627,0.6907815248789411
2708,0.9808333333333333,0.9353103698167902,0.8780487804878049,0.9310344827586207,0.93531036981679,0.9107916316232127,0.903765690376569,0.8881578947368419,0.6619985448853236
2709,0.9766666666666667,0.9149851665647576,0.8373983739837398,0.9279279279279279,0.9149851665647576,0.8909964842891671,0.8803418803418804,0.8540630182421227,0.8059101131974514
2710,0.9758333333333333,0.9217224902054034,0.8536585365853658,0.9051724137931034,0.9217224902054034,0.8869154751892346,0.8786610878661086,0.8634868421052632,0.8346944258534525
2711,0.9825,0.9398396630205856,0.8861788617886179,0.9396551724137931,0.9398396630205856,0.9187503504345389,0.9121338912133892,0.8963815789473685,0.6044332512292807
2712,0.9775,0.9226509953121815,0.8536585365853658,0.9210526315789473,0.9226509953121815,0.8948555840821566,0.8860759493670887,0.8663366336633662,0.7771284658662179
2713,0.9808333333333333,0.9389111579138076,0.8861788617886179,0.923728813559322,0.9389111579138076,0.9107871710073033,0.9045643153526971,0.8934426229508198,0.6619992112165155
2714,0.9791666666666666,0.9307810766129945,0.8699186991869918,0.9224137931034483,0.9307810766129946,0.9028329128118868,0.8953974895397491,0.8799342105263158,0.7195638385413665
2715,0.98,0.9312453291663836,0.8699186991869918,0.9304347826086956,0.9312453291663836,0.9068434075645104,0.8991596638655462,0.8813838550247116,0.6907808585477492
2716,0.9791666666666666,0.9235795004189595,0.8536585365853658,0.9375,0.9235795004189595,0.9030792682926829,0.8936170212765958,0.869205298013245,0.7195625058789828
2717,0.98,0.9276445410693661,0.8617886178861789,0.9380530973451328,0.927644541069366,0.9070041909489892,0.8983050847457628,0.8760330578512395,0.6907801922165574
2718,0.9775,0.9226509953121815,0.8536585365853658,0.9210526315789473,0.9226509953121815,0.8948555840821566,0.8860759493670887,0.8663366336633662,0.7771284658662176
2719,0.9783333333333334,0.9231152478655706,0.8536585365853658,0.9292035398230089,0.9231152478655705,0.8989310382041873,0.8898305084745762,0.8677685950413223,0.7483454858726004
2720,0.9808333333333333,0.9353103698167902,0.8780487804878049,0.9310344827586207,0.93531036981679,0.9107916316232127,0.903765690376569,0.8881578947368419,0.6619985448853236
2721,0.9791666666666666,0.9271802885159771,0.8617886178861789,0.9298245614035088,0.9271802885159771,0.9028899229781772,0.8945147679324894,0.8745874587458744,0.7195631722101747
2722,0.98,0.9276445410693661,0.8617886178861789,0.9380530973451328,0.927644541069366,0.9070041909489892,0.8983050847457628,0.8760330578512395,0.6907801922165572
2723,0.9791666666666666,0.934381864710012,0.8780487804878049,0.9152542372881356,0.934381864710012,0.9029015088879703,0.896265560165975,0.8852459016393444,0.7195645048725585
2724,0.9791666666666666,0.9307810766129945,0.8699186991869918,0.9224137931034483,0.9307810766129946,0.9028329128118868,0.8953974895397491,0.8799342105263158,0.7195638385413665
2725,0.98,0.9276445410693661,0.8617886178861789,0.9380530973451328,0.927644541069366,0.9070041909489892,0.8983050847457628,0.8760330578512395,0.6907801922165574
2726,0.98,0.9312453291663836,0.8699186991869918,0.9304347826086956,0.9312453291663836,0.9068434075645104,0.8991596638655462,0.8813838550247116,0.6907808585477492
2727,0.9783333333333334,0.9267160359625881,0.8617886178861789,0.9217391304347826,0.9267160359625881,0.8988472074938141,0.8907563025210083,0.8731466227347612,0.7483461522037922
2728,0.9775,0.9298525715062165,0.8699186991869918,0.9067796610169492,0.9298525715062165,0.8950158467686372,0.8879668049792531,0.8770491803278687,0.7771297985286013
2729,0.9825,0.9434404511176031,0.8943089430894309,0.9322033898305084,0.9434404511176032,0.9186728331266363,0.9128630705394191,0.9016393442622951,0.6044339175604726
2730,0.9783333333333334,0.9231152478655706,0.8536585365853658,0.9292035398230089,0.9231152478655705,0.8989310382041873,0.8898305084745762,0.8677685950413223,0.7483454858726004
2731,0.9766666666666667,0.9185859546617751,0.8455284552845529,0.9203539823008849,0.9185859546617752,0.8908578854593857,0.8813559322033898,0.8595041322314051,0.8059107795286432
2732,0.9775,0.926251783409199,0.8617886178861789,0.9137931034482759,0.926251783409199,0.8948741940005607,0.887029288702929,0.8717105263157895,0.7771291321974096
2733,0.9816666666666667,0.935774622370179,0.8780487804878049,0.9391304347826087,0.9357746223701789,0.9148396076352068,0.907563025210084,0.8896210873146623,0.6332155648917063
2734,0.98,0.9312453291663836,0.8699186991869918,0.9304347826086956,0.9312453291663836,0.9068434075645104,0.8991596638655462,0.8813838550247116,0.6907808585477492
2735,0.9766666666666667,0.91138437846774,0.8292682926829268,0.9357798165137615,0.91138437846774,0.8912740545983442,0.8793103448275862,0.8485856905158069,0.8059094468662596
2736,0.9766666666666667,0.9185859546617751,0.8455284552845529,0.9203539823008849,0.9185859546617752,0.8908578854593857,0.8813559322033898,0.8595041322314051,0.8059107795286432
2737,0.9791666666666666,0.9307810766129945,0.8699186991869918,0.9224137931034483,0.9307810766129946,0.9028329128118868,0.8953974895397491,0.8799342105263158,0.7195638385413665
2738,0.9791666666666666,0.9307810766129945,0.8699186991869918,0.9224137931034483,0.9307810766129946,0.9028329128118868,0.8953974895397491,0.8799342105263158,0.7195638385413665
2739,0.9791666666666666,0.9271802885159771,0.8617886178861789,0.9298245614035088,0.9271802885159771,0.9028899229781772,0.8945147679324894,0.8745874587458744,0.7195631722101747
2740,0.9783333333333334,0.9267160359625881,0.8617886178861789,0.9217391304347826,0.9267160359625881,0.8988472074938141,0.8907563025210083,0.8731466227347612,0.7483461522037921
2741,0.9791666666666666,0.9379826528070294,0.8861788617886179,0.9083333333333333,0.9379826528070294,0.9030894308943089,0.897119341563786,0.8905228758169936,0.7195651712037503
2742,0.98,0.9312453291663836,0.8699186991869918,0.9304347826086956,0.9312453291663836,0.9068434075645104,0.8991596638655462,0.8813838550247116,0.6907808585477492
2743,0.9766666666666667,0.9221867427587924,0.8536585365853658,0.9130434782608695,0.9221867427587924,0.8908510074231177,0.8823529411764706,0.8649093904448104,0.8059114458598351
2744,0.9825,0.9434404511176031,0.8943089430894309,0.9322033898305084,0.9434404511176032,0.9186728331266363,0.9128630705394191,0.9016393442622951,0.6044339175604725
2745,0.98,0.9276445410693661,0.8617886178861789,0.9380530973451328,0.927644541069366,0.9070041909489892,0.8983050847457628,0.8760330578512395,0.6907801922165574
2746,0.9775,0.926251783409199,0.8617886178861789,0.9137931034482759,0.926251783409199,0.8948741940005607,0.887029288702929,0.8717105263157895,0.7771291321974095
2747,0.9758333333333333,0.9145209140113686,0.8373983739837398,0.9196428571428571,0.9145209140113686,0.8868539488966318,0.876595744680851,0.8526490066225165,0.8346930931910689
2748,0.98,0.9384469053604185,0.8861788617886179,0.9159663865546218,0.9384469053604185,0.9069059575049532,0.9008264462809917,0.8919803600654663,0.690782191210133
2749,0.9783333333333334,0.9231152478655706,0.8536585365853658,0.9292035398230089,0.9231152478655705,0.8989310382041873,0.8898305084745762,0.8677685950413223,0.7483454858726003
2750,0.98,0.9276445410693661,0.8617886178861789,0.9380530973451328,0.927644541069366,0.9070041909489892,0.8983050847457628,0.8760330578512395,0.6907801922165574
2751,0.98,0.9312453291663836,0.8699186991869918,0.9304347826086956,0.9312453291663836,0.9068434075645104,0.8991596638655462,0.8813838550247116,0.6907808585477492
2752,0.9766666666666667,0.9221867427587924,0.8536585365853658,0.9130434782608695,0.9221867427587924,0.8908510074231177,0.8823529411764706,0.8649093904448104,0.8059114458598352
2753,0.9783333333333334,0.9267160359625881,0.8617886178861789,0.9217391304347826,0.9267160359625881,0.8988472074938141,0.8907563025210083,0.8731466227347612,0.7483461522037922
2754,0.98,0.9312453291663836,0.8699186991869918,0.9304347826086956,0.9312453291663836,0.9068434075645104,0.8991596638655462,0.8813838550247116,0.6907808585477492
2755,0.9783333333333334,0.9303168240596055,0.8699186991869918,0.9145299145299145,0.9303168240596055,0.8988909735251197,0.8916666666666666,0.8784893267651888,0.7483468185349839
2756,0.9816666666666667,0.942976198564214,0.8943089430894309,0.9243697478991597,0.9429761985642141,0.9147560121609619,0.9090909090909092,0.9001636661211129,0.6332168975540899
2757,0.9766666666666667,0.9149851665647576,0.8373983739837398,0.9279279279279279,0.9149851665647576,0.8909964842891671,0.8803418803418804,0.8540630182421227,0.8059101131974514
2758,0.98,0.9312453291663836,0.8699186991869918,0.9304347826086956,0.9312453291663836,0.9068434075645104,0.8991596638655462,0.8813838550247116,0.6907808585477492
2759,0.98,0.9312453291663836,0.8699186991869918,0.9304347826086956,0.9312453291663836,0.9068434075645104,0.8991596638655462,0.8813838550247116,0.6907808585477492
2760,0.9783333333333334,0.9303168240596055,0.8699186991869918,0.9145299145299145,0.9303168240596055,0.8988909735251197,0.8916666666666666,0.8784893267651888,0.7483468185349839
2761,0.9766666666666667,0.9185859546617751,0.8455284552845529,0.9203539823008849,0.9185859546617752,0.8908578854593857,0.8813559322033898,0.8595041322314051,0.8059107795286432
2762,0.9783333333333334,0.9267160359625881,0.8617886178861789,0.9217391304347826,0.9267160359625881,0.8988472074938141,0.8907563025210083,0.8731466227347612,0.7483461522037922
2763,0.9816666666666667,0.9393754104671966,0.8861788617886179,0.9316239316239316,0.9393754104671966,0.9147347300396081,0.9083333333333333,0.8949096880131364,0.6332162312228982
2764,0.9808333333333333,0.9317095817197726,0.8699186991869918,0.9385964912280702,0.9317095817197726,0.9109242618741977,0.9029535864978903,0.8828382838283828,0.6619978785541318
2765,0.9783333333333334,0.9231152478655706,0.8536585365853658,0.9292035398230089,0.9231152478655705,0.8989310382041873,0.8898305084745762,0.8677685950413223,0.7483454858726003
2766,0.9816666666666667,0.9393754104671966,0.8861788617886179,0.9316239316239316,0.9393754104671966,0.9147347300396081,0.9083333333333333,0.8949096880131364,0.6332162312228982
2767,0.9808333333333333,0.9317095817197726,0.8699186991869918,0.9385964912280702,0.9317095817197726,0.9109242618741977,0.9029535864978903,0.8828382838283828,0.6619978785541317
2768,0.9791666666666666,0.9271802885159771,0.8617886178861789,0.9298245614035088,0.9271802885159771,0.9028899229781772,0.8945147679324894,0.8745874587458744,0.7195631722101747
2769,0.9816666666666667,0.9393754104671966,0.8861788617886179,0.9316239316239316,0.9393754104671966,0.9147347300396081,0.9083333333333333,0.8949096880131364,0.633216231222898
2770,0.9791666666666666,0.9307810766129945,0.8699186991869918,0.9224137931034483,0.9307810766129946,0.9028329128118868,0.8953974895397491,0.8799342105263158,0.7195638385413665
2771,0.9758333333333333,0.9181217021083861,0.8455284552845529,0.9122807017543859,0.9181217021083861,0.886821245186136,0.8776371308016878,0.8580858085808581,0.8346937595222608
2772,0.9808333333333333,0.9353103698167902,0.8780487804878049,0.9310344827586207,0.93531036981679,0.9107916316232127,0.903765690376569,0.8881578947368419,0.6619985448853236
2773,0.98,0.9384469053604185,0.8861788617886179,0.9159663865546218,0.9384469053604185,0.9069059575049532,0.9008264462809917,0.8919803600654663,0.690782191210133
2774,0.9791666666666666,0.9271802885159771,0.8617886178861789,0.9298245614035088,0.9271802885159771,0.9028899229781772,0.8945147679324894,0.8745874587458744,0.7195631722101747
2775,0.9825,0.9470412392146206,0.9024390243902439,0.925,0.9470412392146206,0.9187195121951219,0.9135802469135802,0.9068627450980392,0.6044345838916644
2776,0.9808333333333333,0.9317095817197726,0.8699186991869918,0.9385964912280702,0.9317095817197726,0.9109242618741977,0.9029535864978903,0.8828382838283828,0.6619978785541318
2777,0.9825,0.9434404511176031,0.8943089430894309,0.9322033898305084,0.9434404511176032,0.9186728331266363,0.9128630705394191,0.9016393442622951,0.6044339175604725
2778,0.9808333333333333,0.9353103698167902,0.8780487804878049,0.9310344827586207,0.93531036981679,0.9107916316232127,0.903765690376569,0.8881578947368419,0.6619985448853236
2779,0.9825,0.9470412392146206,0.9024390243902439,0.925,0.9470412392146206,0.9187195121951219,0.9135802469135802,0.9068627450980392,0.6044345838916643
2780,0.9791666666666666,0.9199787123219422,0.8455284552845529,0.9454545454545454,0.9199787123219422,0.9034081670362158,0.8927038626609443,0.8637873754152826,0.7195618395477912
2781,0.9791666666666666,0.9307810766129945,0.8699186991869918,0.9224137931034483,0.9307810766129946,0.9028329128118868,0.8953974895397491,0.8799342105263158,0.7195638385413665
2782,0.98,0.934846117263401,0.8780487804878049,0.9230769230769231,0.934846117263401,0.906812851782364,0.9,0.8866995073891627,0.6907815248789411
2783,0.9766666666666667,0.9149851665647576,0.8373983739837398,0.9279279279279279,0.9149851665647576,0.8909964842891671,0.8803418803418804,0.8540630182421227,0.8059101131974515
2784,0.9825,0.9398396630205856,0.8861788617886179,0.9396551724137931,0.9398396630205856,0.9187503504345389,0.9121338912133892,0.8963815789473685,0.6044332512292807
2785,0.9791666666666666,0.9271802885159771,0.8617886178861789,0.9298245614035088,0.9271802885159771,0.9028899229781772,0.8945147679324894,0.8745874587458744,0.7195631722101747
2786,0.9825,0.9398396630205856,0.8861788617886179,0.9396551724137931,0.9398396630205856,0.9187503504345389,0.9121338912133892,0.8963815789473685,0.6044332512292806
2787,0.9775,0.9154494191181466,0.8373983739837398,0.9363636363636364,0.9154494191181466,0.8952143385070215,0.8841201716738197,0.8554817275747508,0.7771271332038341
2788,0.9791666666666666,0.9235795004189595,0.8536585365853658,0.9375,0.9235795004189595,0.9030792682926829,0.8936170212765958,0.869205298013245,0.719562505878983
2789,0.9791666666666666,0.9307810766129945,0.8699186991869918,0.9224137931034483,0.9307810766129946,0.9028329128118868,0.8953974895397491,0.8799342105263158,0.7195638385413665
2790,0.98,0.934846117263401,0.8780487804878049,0.9230769230769231,0.934846117263401,0.906812851782364,0.9,0.8866995073891627,0.6907815248789411
2791,0.9775,0.926251783409199,0.8617886178861789,0.9137931034482759,0.926251783409199,0.8948741940005607,0.887029288702929,0.8717105263157895,0.7771291321974095
2792,0.9783333333333334,0.9267160359625881,0.8617886178861789,0.9217391304347826,0.9267160359625881,0.8988472074938141,0.8907563025210083,0.8731466227347612,0.7483461522037921
2793,0.9816666666666667,0.935774622370179,0.8780487804878049,0.9391304347826087,0.9357746223701789,0.9148396076352068,0.907563025210084,0.8896210873146623,0.6332155648917063
2794,0.9816666666666667,0.9393754104671966,0.8861788617886179,0.9316239316239316,0.9393754104671966,0.9147347300396081,0.9083333333333333,0.8949096880131364,0.6332162312228982
2795,0.9775,0.9190502072151641,0.8455284552845529,0.9285714285714286,0.9190502072151642,0.8949666085946575,0.8851063829787236,0.8609271523178809,0.777127799535026
2796,0.975,0.910455873360962,0.8292682926829268,0.918918918918919,0.910455873360962,0.8828436058009229,0.8717948717948718,0.8457711442786069,0.8634754068534944
2797,0.9808333333333333,0.9353103698167902,0.8780487804878049,0.9310344827586207,0.93531036981679,0.9107916316232127,0.903765690376569,0.8881578947368419,0.6619985448853236
2798,0.9758333333333333,0.9217224902054034,0.8536585365853658,0.9051724137931034,0.9217224902054034,0.8869154751892346,0.8786610878661086,0.8634868421052632,0.8346944258534525
2799,0.9808333333333333,0.9389111579138076,0.8861788617886179,0.923728813559322,0.9389111579138076,0.9107871710073033,0.9045643153526971,0.8934426229508198,0.6619992112165155
2800,0.9808333333333333,0.9317095817197726,0.8699186991869918,0.9385964912280702,0.9317095817197726,0.9109242618741977,0.9029535864978903,0.8828382838283828,0.6619978785541317
2801,0.98,0.9240437529723486,0.8536585365853658,0.9459459459459459,0.9240437529723486,0.907302241265656,0.8974358974358975,0.8706467661691542,0.6907795258853654
2802,0.9775,0.9190502072151641,0.8455284552845529,0.9285714285714286,0.9190502072151642,0.8949666085946575,0.8851063829787236,0.8609271523178809,0.7771277995350259
2803,0.9758333333333333,0.9109201259143511,0.8292682926829268,0.9272727272727272,0.910920125914351,0.887020509977827,0.8755364806866953,0.8471760797342193,0.834692426859877
2804,0.9775,0.9226509953121815,0.8536585365853658,0.9210526315789473,0.9226509953121815,0.8948555840821566,0.8860759493670887,0.8663366336633662,0.7771284658662178
2805,0.98,0.9312453291663836,0.8699186991869918,0.9304347826086956,0.9312453291663836,0.9068434075645104,0.8991596638655462,0.8813838550247116,0.6907808585477492
2806,0.9783333333333334,0.9267160359625881,0.8617886178861789,0.9217391304347826,0.9267160359625881,0.8988472074938141,0.8907563025210083,0.8731466227347612,0.7483461522037921
2807,0.9816666666666667,0.942976198564214,0.8943089430894309,0.9243697478991597,0.9429761985642141,0.9147560121609619,0.9090909090909092,0.9001636661211129,0.6332168975540899
2808,0.98,0.9276445410693661,0.8617886178861789,0.9380530973451328,0.927644541069366,0.9070041909489892,0.8983050847457628,0.8760330578512395,0.6907801922165574
2809,0.9808333333333333,0.9353103698167902,0.8780487804878049,0.9310344827586207,0.93531036981679,0.9107916316232127,0.903765690376569,0.8881578947368419,0.6619985448853236
2810,0.9808333333333333,0.9317095817197726,0.8699186991869918,0.9385964912280702,0.9317095817197726,0.9109242618741977,0.9029535864978903,0.8828382838283828,0.6619978785541317
2811,0.98,0.9312453291663836,0.8699186991869918,0.9304347826086956,0.9312453291663836,0.9068434075645104,0.8991596638655462,0.8813838550247116,0.6907808585477492
2812,0.9808333333333333,0.9317095817197726,0.8699186991869918,0.9385964912280702,0.9317095817197726,0.9109242618741977,0.9029535864978903,0.8828382838283828,0.6619978785541318
2813,0.9808333333333333,0.9353103698167902,0.8780487804878049,0.9310344827586207,0.93531036981679,0.9107916316232127,0.903765690376569,0.8881578947368419,0.6619985448853236
2814,0.9766666666666667,0.9257875308558099,0.8617886178861789,0.905982905982906,0.9257875308558099,0.8909690952678757,0.8833333333333334,0.8702791461412152,0.805912112191027
2815,0.9791666666666666,0.9271802885159771,0.8617886178861789,0.9298245614035088,0.9271802885159771,0.9028899229781772,0.8945147679324894,0.8745874587458744,0.7195631722101747
2816,0.98,0.9312453291663836,0.8699186991869918,0.9304347826086956,0.9312453291663836,0.9068434075645104,0.8991596638655462,0.8813838550247116,0.6907808585477492
2817,0.9816666666666667,0.935774622370179,0.8780487804878049,0.9391304347826087,0.9357746223701789,0.9148396076352068,0.907563025210084,0.8896210873146623,0.6332155648917063
2818,0.9766666666666667,0.9221867427587924,0.8536585365853658,0.9130434782608695,0.9221867427587924,0.8908510074231177,0.8823529411764706,0.8649093904448104,0.8059114458598352
2819,0.9808333333333333,0.9281087936227552,0.8617886178861789,0.9464285714285714,0.9281087936227551,0.9111919279907085,0.902127659574468,0.8774834437086091,0.6619972122229401
2820,0.9766666666666667,0.9221867427587924,0.8536585365853658,0.9130434782608695,0.9221867427587924,0.8908510074231177,0.8823529411764706,0.8649093904448104,0.8059114458598352
2821,0.9816666666666667,0.935774622370179,0.8780487804878049,0.9391304347826087,0.9357746223701789,0.9148396076352068,0.907563025210084,0.8896210873146623,0.6332155648917063
2822,0.9775,0.9226509953121815,0.8536585365853658,0.9210526315789473,0.9226509953121815,0.8948555840821566,0.8860759493670887,0.8663366336633662,0.7771284658662178
2823,0.98,0.9312453291663836,0.8699186991869918,0.9304347826086956,0.9312453291663836,0.9068434075645104,0.8991596638655462,0.8813838550247116,0.6907808585477492
2824,0.98,0.9312453291663836,0.8699186991869918,0.9304347826086956,0.9312453291663836,0.9068434075645104,0.8991596638655462,0.8813838550247116,0.6907808585477492
2825,0.9775,0.9226509953121815,0.8536585365853658,0.9210526315789473,0.9226509953121815,0.8948555840821566,0.8860759493670887,0.8663366336633662,0.7771284658662176
2826,0.9791666666666666,0.9307810766129945,0.8699186991869918,0.9224137931034483,0.9307810766129946,0.9028329128118868,0.8953974895397491,0.8799342105263158,0.7195638385413665
2827,0.9808333333333333,0.9389111579138076,0.8861788617886179,0.923728813559322,0.9389111579138076,0.9107871710073033,0.9045643153526971,0.8934426229508198,0.6619992112165155
2828,0.9783333333333334,0.9267160359625881,0.8617886178861789,0.9217391304347826,0.9267160359625881,0.8988472074938141,0.8907563025210083,0.8731466227347612,0.7483461522037921
2829,0.9783333333333334,0.9267160359625881,0.8617886178861789,0.9217391304347826,0.9267160359625881,0.8988472074938141,0.8907563025210083,0.8731466227347612,0.7483461522037921
2830,0.9783333333333334,0.933917612156623,0.8780487804878049,0.907563025210084,0.9339176121566228,0.8990559028489444,0.8925619834710744,0.8837970540098199,0.7483474848661759
2831,0.9766666666666667,0.9185859546617751,0.8455284552845529,0.9203539823008849,0.9185859546617752,0.8908578854593857,0.8813559322033898,0.8595041322314051,0.8059107795286434
2832,0.975,0.917657449554997,0.8455284552845529,0.9043478260869565,0.917657449554997,0.8828548073524214,0.8739495798319328,0.85667215815486,0.8634767395158781
2833,0.9775,0.9226509953121815,0.8536585365853658,0.9210526315789473,0.9226509953121815,0.8948555840821566,0.8860759493670887,0.8663366336633662,0.7771284658662178
2834,0.9766666666666667,0.9221867427587924,0.8536585365853658,0.9130434782608695,0.9221867427587924,0.8908510074231177,0.8823529411764706,0.8649093904448104,0.8059114458598352
2835,0.9816666666666667,0.9393754104671966,0.8861788617886179,0.9316239316239316,0.9393754104671966,0.9147347300396081,0.9083333333333333,0.8949096880131364,0.633216231222898
2836,0.9808333333333333,0.9389111579138076,0.8861788617886179,0.923728813559322,0.9389111579138076,0.9107871710073033,0.9045643153526971,0.8934426229508198,0.6619992112165154
2837,0.9791666666666666,0.9271802885159771,0.8617886178861789,0.9298245614035088,0.9271802885159771,0.9028899229781772,0.8945147679324894,0.8745874587458744,0.7195631722101747
2838,0.9808333333333333,0.9317095817197726,0.8699186991869918,0.9385964912280702,0.9317095817197726,0.9109242618741977,0.9029535864978903,0.8828382838283828,0.6619978785541317
2839,0.9808333333333333,0.9353103698167902,0.8780487804878049,0.9310344827586207,0.93531036981679,0.9107916316232127,0.903765690376569,0.8881578947368419,0.6619985448853236
2840,0.9783333333333334,0.9231152478655706,0.8536585365853658,0.9292035398230089,0.9231152478655705,0.8989310382041873,0.8898305084745762,0.8677685950413223,0.7483454858726003
2841,0.9783333333333334,0.9195144597685532,0.8455284552845529,0.9369369369369369,0.9195144597685532,0.8991493627774115,0.888888888888889,0.8623548922056385,0.7483448195414085
2842,0.9808333333333333,0.942511946010825,0.8943089430894309,0.9166666666666666,0.942511946010825,0.9109044715447153,0.9053497942386831,0.8986928104575165,0.6619998775477073
2843,0.975,0.9212582376520144,0.8536585365853658,0.8974358974358975,0.9212582376520143,0.8830472170106316,0.875,0.8620689655172412,0.8634774058470701
2844,0.9791666666666666,0.9235795004189595,0.8536585365853658,0.9375,0.9235795004189595,0.9030792682926829,0.8936170212765958,0.869205298013245,0.719562505878983
2845,0.98,0.934846117263401,0.8780487804878049,0.9230769230769231,0.934846117263401,0.906812851782364,0.9,0.8866995073891627,0.6907815248789411
2846,0.98,0.9276445410693661,0.8617886178861789,0.9380530973451328,0.927644541069366,0.9070041909489892,0.8983050847457628,0.8760330578512395,0.6907801922165574
2847,0.9808333333333333,0.9353103698167902,0.8780487804878049,0.9310344827586207,0.93531036981679,0.9107916316232127,0.903765690376569,0.8881578947368419,0.6619985448853236
2848,0.9758333333333333,0.9109201259143511,0.8292682926829268,0.9272727272727272,0.910920125914351,0.887020509977827,0.8755364806866953,0.8471760797342193,0.834692426859877
2849,0.9791666666666666,0.9271802885159771,0.8617886178861789,0.9298245614035088,0.9271802885159771,0.9028899229781772,0.8945147679324894,0.8745874587458744,0.7195631722101747
2850,0.98,0.9276445410693661,0.8617886178861789,0.9380530973451328,0.927644541069366,0.9070041909489892,0.8983050847457628,0.8760330578512395,0.6907801922165574
2851,0.9758333333333333,0.9253232783024209,0.8617886178861789,0.8983050847457628,0.9253232783024209,0.8871301846493042,0.8796680497925312,0.8688524590163935,0.8346950921846443
2852,0.9766666666666667,0.9185859546617751,0.8455284552845529,0.9203539823008849,0.9185859546617752,0.8908578854593857,0.8813559322033898,0.8595041322314051,0.8059107795286433
2853,0.9783333333333334,0.9267160359625881,0.8617886178861789,0.9217391304347826,0.9267160359625881,0.8988472074938141,0.8907563025210083,0.8731466227347612,0.7483461522037922
2854,0.9791666666666666,0.9307810766129945,0.8699186991869918,0.9224137931034483,0.9307810766129946,0.9028329128118868,0.8953974895397491,0.8799342105263158,0.7195638385413666
2855,0.98,0.934846117263401,0.8780487804878049,0.9230769230769231,0.934846117263401,0.906812851782364,0.9,0.8866995073891627,0.6907815248789411
2856,0.9791666666666666,0.9271802885159771,0.8617886178861789,0.9298245614035088,0.9271802885159771,0.9028899229781772,0.8945147679324894,0.8745874587458744,0.7195631722101747
2857,0.9808333333333333,0.9353103698167902,0.8780487804878049,0.9310344827586207,0.93531036981679,0.9107916316232127,0.903765690376569,0.8881578947368419,0.6619985448853236
2858,0.9775,0.9190502072151641,0.8455284552845529,0.9285714285714286,0.9190502072151642,0.8949666085946575,0.8851063829787236,0.8609271523178809,0.7771277995350259
2859,0.98,0.934846117263401,0.8780487804878049,0.9230769230769231,0.934846117263401,0.906812851782364,0.9,0.8866995073891627,0.6907815248789411
2860,0.9775,0.9190502072151641,0.8455284552845529,0.9285714285714286,0.9190502072151642,0.8949666085946575,0.8851063829787236,0.8609271523178809,0.7771277995350259
2861,0.975,0.910455873360962,0.8292682926829268,0.918918918918919,0.910455873360962,0.8828436058009229,0.8717948717948718,0.8457711442786069,0.8634754068534944
2862,0.9775,0.9226509953121815,0.8536585365853658,0.9210526315789473,0.9226509953121815,0.8948555840821566,0.8860759493670887,0.8663366336633662,0.7771284658662176
2863,0.9816666666666667,0.935774622370179,0.8780487804878049,0.9391304347826087,0.9357746223701789,0.9148396076352068,0.907563025210084,0.8896210873146623,0.6332155648917063
2864,0.9791666666666666,0.9235795004189595,0.8536585365853658,0.9375,0.9235795004189595,0.9030792682926829,0.8936170212765958,0.869205298013245,0.719562505878983
2865,0.9808333333333333,0.9389111579138076,0.8861788617886179,0.923728813559322,0.9389111579138076,0.9107871710073033,0.9045643153526971,0.8934426229508198,0.6619992112165155
2866,0.98,0.9312453291663836,0.8699186991869918,0.9304347826086956,0.9312453291663836,0.9068434075645104,0.8991596638655462,0.8813838550247116,0.6907808585477492
2867,0.9825,0.9470412392146206,0.9024390243902439,0.925,0.9470412392146206,0.9187195121951219,0.9135802469135802,0.9068627450980392,0.6044345838916644
2868,0.9775,0.9226509953121815,0.8536585365853658,0.9210526315789473,0.9226509953121815,0.8948555840821566,0.8860759493670887,0.8663366336633662,0.7771284658662179
2869,0.9791666666666666,0.9307810766129945,0.8699186991869918,0.9224137931034483,0.9307810766129946,0.9028329128118868,0.8953974895397491,0.8799342105263158,0.7195638385413665
2870,0.9825,0.9398396630205856,0.8861788617886179,0.9396551724137931,0.9398396630205856,0.9187503504345389,0.9121338912133892,0.8963815789473685,0.6044332512292807
2871,0.9808333333333333,0.9317095817197726,0.8699186991869918,0.9385964912280702,0.9317095817197726,0.9109242618741977,0.9029535864978903,0.8828382838283828,0.6619978785541318
2872,0.9775,0.9226509953121815,0.8536585365853658,0.9210526315789473,0.9226509953121815,0.8948555840821566,0.8860759493670887,0.8663366336633662,0.7771284658662176
2873,0.9791666666666666,0.9235795004189595,0.8536585365853658,0.9375,0.9235795004189595,0.9030792682926829,0.8936170212765958,0.869205298013245,0.719562505878983
2874,0.9783333333333334,0.9267160359625881,0.8617886178861789,0.9217391304347826,0.9267160359625881,0.8988472074938141,0.8907563025210083,0.8731466227347612,0.7483461522037922
2875,0.9783333333333334,0.9303168240596055,0.8699186991869918,0.9145299145299145,0.9303168240596055,0.8988909735251197,0.8916666666666666,0.8784893267651888,0.7483468185349841
2876,0.9791666666666666,0.9235795004189595,0.8536585365853658,0.9375,0.9235795004189595,0.9030792682926829,0.8936170212765958,0.869205298013245,0.719562505878983
2877,0.9775,0.9154494191181466,0.8373983739837398,0.9363636363636364,0.9154494191181466,0.8952143385070215,0.8841201716738197,0.8554817275747508,0.7771271332038341
2878,0.9791666666666666,0.9271802885159771,0.8617886178861789,0.9298245614035088,0.9271802885159771,0.9028899229781772,0.8945147679324894,0.8745874587458744,0.7195631722101747
2879,0.9808333333333333,0.9317095817197726,0.8699186991869918,0.9385964912280702,0.9317095817197726,0.9109242618741977,0.9029535864978903,0.8828382838283828,0.6619978785541318
2880,0.9791666666666666,0.9307810766129945,0.8699186991869918,0.9224137931034483,0.9307810766129946,0.9028329128118868,0.8953974895397491,0.8799342105263158,0.7195638385413665
2881,0.9783333333333334,0.9231152478655706,0.8536585365853658,0.9292035398230089,0.9231152478655705,0.8989310382041873,0.8898305084745762,0.8677685950413223,0.7483454858726003
2882,0.9766666666666667,0.9221867427587924,0.8536585365853658,0.9130434782608695,0.9221867427587924,0.8908510074231177,0.8823529411764706,0.8649093904448104,0.8059114458598352
2883,0.9758333333333333,0.9109201259143511,0.8292682926829268,0.9272727272727272,0.910920125914351,0.887020509977827,0.8755364806866953,0.8471760797342193,0.834692426859877
2884,0.9783333333333334,0.9303168240596055,0.8699186991869918,0.9145299145299145,0.9303168240596055,0.8988909735251197,0.8916666666666666,0.8784893267651888,0.7483468185349841
2885,0.9833333333333333,0.951106279865027,0.9105691056910569,0.9256198347107438,0.9511062798650272,0.9226778035342337,0.9180327868852458,0.9135399673735728,0.5756522702292387
2886,0.9808333333333333,0.9389111579138076,0.8861788617886179,0.923728813559322,0.9389111579138076,0.9107871710073033,0.9045643153526971,0.8934426229508198,0.6619992112165155
2887,0.9791666666666666,0.9271802885159771,0.8617886178861789,0.9298245614035088,0.9271802885159771,0.9028899229781772,0.8945147679324894,0.8745874587458744,0.7195631722101747
2888,0.9825,0.9434404511176031,0.8943089430894309,0.9322033898305084,0.9434404511176032,0.9186728331266363,0.9128630705394191,0.9016393442622951,0.6044339175604726
2889,0.9825,0.9398396630205856,0.8861788617886179,0.9396551724137931,0.9398396630205856,0.9187503504345389,0.9121338912133892,0.8963815789473685,0.6044332512292806
2890,0.9791666666666666,0.9271802885159771,0.8617886178861789,0.9298245614035088,0.9271802885159771,0.9028899229781772,0.8945147679324894,0.8745874587458744,0.7195631722101747
2891,0.9783333333333334,0.9231152478655706,0.8536585365853658,0.9292035398230089,0.9231152478655705,0.8989310382041873,0.8898305084745762,0.8677685950413223,0.7483454858726003
2892,0.9791666666666666,0.934381864710012,0.8780487804878049,0.9152542372881356,0.934381864710012,0.9029015088879703,0.896265560165975,0.8852459016393444,0.7195645048725584
2893,0.9758333333333333,0.9145209140113686,0.8373983739837398,0.9196428571428571,0.9145209140113686,0.8868539488966318,0.876595744680851,0.8526490066225165,0.8346930931910689
2894,0.98,0.9312453291663836,0.8699186991869918,0.9304347826086956,0.9312453291663836,0.9068434075645104,0.8991596638655462,0.8813838550247116,0.6907808585477492
2895,0.9783333333333334,0.9267160359625881,0.8617886178861789,0.9217391304347826,0.9267160359625881,0.8988472074938141,0.8907563025210083,0.8731466227347612,0.7483461522037921
2896,0.9775,0.9154494191181466,0.8373983739837398,0.9363636363636364,0.9154494191181466,0.8952143385070215,0.8841201716738197,0.8554817275747508,0.7771271332038341
2897,0.9783333333333334,0.9303168240596055,0.8699186991869918,0.9145299145299145,0.9303168240596055,0.8988909735251197,0.8916666666666666,0.8784893267651888,0.748346818534984
2898,0.9741666666666666,0.9099916208075729,0.8292682926829268,0.9107142857142857,0.9099916208075729,0.8787412891986063,0.8680851063829788,0.8443708609271523,0.8922583868471118
2899,0.9808333333333333,0.9353103698167902,0.8780487804878049,0.9310344827586207,0.93531036981679,0.9107916316232127,0.903765690376569,0.8881578947368419,0.6619985448853236
2900,0.9783333333333334,0.9195144597685532,0.8455284552845529,0.9369369369369369,0.9195144597685532,0.8991493627774115,0.888888888888889,0.8623548922056385,0.7483448195414085
2901,0.9791666666666666,0.9307810766129945,0.8699186991869918,0.9224137931034483,0.9307810766129946,0.9028329128118868,0.8953974895397491,0.8799342105263158,0.7195638385413665
2902,0.9783333333333334,0.9267160359625881,0.8617886178861789,0.9217391304347826,0.9267160359625881,0.8988472074938141,0.8907563025210083,0.8731466227347612,0.7483461522037921
2903,0.9775,0.926251783409199,0.8617886178861789,0.9137931034482759,0.926251783409199,0.8948741940005607,0.887029288702929,0.8717105263157895,0.7771291321974095
2904,0.9766666666666667,0.9149851665647576,0.8373983739837398,0.9279279279279279,0.9149851665647576,0.8909964842891671,0.8803418803418804,0.8540630182421227,0.8059101131974515
2905,0.9766666666666667,0.9257875308558099,0.8617886178861789,0.905982905982906,0.9257875308558099,0.8909690952678757,0.8833333333333334,0.8702791461412152,0.805912112191027
2906,0.9775,0.926251783409199,0.8617886178861789,0.9137931034482759,0.926251783409199,0.8948741940005607,0.887029288702929,0.8717105263157895,0.7771291321974095
2907,0.9741666666666666,0.9135924089045904,0.8373983739837398,0.9035087719298246,0.9135924089045905,0.8787869062901155,0.869198312236287,0.8498349834983498,0.8922590531783037
2908,0.98,0.9276445410693661,0.8617886178861789,0.9380530973451328,0.927644541069366,0.9070041909489892,0.8983050847457628,0.8760330578512395,0.6907801922165574
2909,0.9766666666666667,0.9185859546617751,0.8455284552845529,0.9203539823008849,0.9185859546617752,0.8908578854593857,0.8813559322033898,0.8595041322314051,0.8059107795286432
2910,0.9758333333333333,0.9109201259143511,0.8292682926829268,0.9272727272727272,0.910920125914351,0.887020509977827,0.8755364806866953,0.8471760797342193,0.834692426859877
2911,0.98,0.9312453291663836,0.8699186991869918,0.9304347826086956,0.9312453291663836,0.9068434075645104,0.8991596638655462,0.8813838550247116,0.6907808585477492
2912,0.9825,0.9398396630205856,0.8861788617886179,0.9396551724137931,0.9398396630205856,0.9187503504345389,0.9121338912133892,0.8963815789473685,0.6044332512292807
2913,0.9783333333333334,0.9267160359625881,0.8617886178861789,0.9217391304347826,0.9267160359625881,0.8988472074938141,0.8907563025210083,0.8731466227347612,0.7483461522037922
2914,0.9775,0.9226509953121815,0.8536585365853658,0.9210526315789473,0.9226509953121815,0.8948555840821566,0.8860759493670887,0.8663366336633662,0.7771284658662178
2915,0.98,0.9276445410693661,0.8617886178861789,0.9380530973451328,0.927644541069366,0.9070041909489892,0.8983050847457628,0.8760330578512395,0.6907801922165574
2916,0.975,0.910455873360962,0.8292682926829268,0.918918918918919,0.910455873360962,0.8828436058009229,0.8717948717948718,0.8457711442786069,0.8634754068534944
2917,0.9791666666666666,0.9307810766129945,0.8699186991869918,0.9224137931034483,0.9307810766129946,0.9028329128118868,0.8953974895397491,0.8799342105263158,0.7195638385413666
2918,0.98,0.9276445410693661,0.8617886178861789,0.9380530973451328,0.927644541069366,0.9070041909489892,0.8983050847457628,0.8760330578512395,0.6907801922165573
2919,0.9783333333333334,0.9195144597685532,0.8455284552845529,0.9369369369369369,0.9195144597685532,0.8991493627774115,0.888888888888889,0.8623548922056385,0.7483448195414085
2920,0.975,0.9068550852639445,0.8211382113821138,0.926605504587156,0.9068550852639446,0.8830385246513016,0.8706896551724138,0.8402662229617305,0.8634747405223027
2921,0.9791666666666666,0.9235795004189595,0.8536585365853658,0.9375,0.9235795004189595,0.9030792682926829,0.8936170212765958,0.869205298013245,0.7195625058789828
2922,0.9791666666666666,0.9271802885159771,0.8617886178861789,0.9298245614035088,0.9271802885159771,0.9028899229781772,0.8945147679324894,0.8745874587458744,0.7195631722101747
2923,0.9791666666666666,0.9235795004189595,0.8536585365853658,0.9375,0.9235795004189595,0.9030792682926829,0.8936170212765958,0.869205298013245,0.719562505878983
2924,0.9766666666666667,0.9149851665647576,0.8373983739837398,0.9279279279279279,0.9149851665647576,0.8909964842891671,0.8803418803418804,0.8540630182421227,0.8059101131974515
2925,0.9766666666666667,0.9149851665647576,0.8373983739837398,0.9279279279279279,0.9149851665647576,0.8909964842891671,0.8803418803418804,0.8540630182421227,0.8059101131974515
2926,0.9733333333333334,0.9023257920601491,0.8130081300813008,0.9174311926605505,0.9023257920601491,0.874802994704259,0.8620689655172414,0.8319467554076537,0.9210400341783456
2927,0.9791666666666666,0.9271802885159771,0.8617886178861789,0.9298245614035088,0.9271802885159771,0.9028899229781772,0.8945147679324894,0.8745874587458744,0.7195631722101747
2928,0.9775,0.9226509953121815,0.8536585365853658,0.9210526315789473,0.9226509953121815,0.8948555840821566,0.8860759493670887,0.8663366336633662,0.7771284658662176
2929,0.9791666666666666,0.934381864710012,0.8780487804878049,0.9152542372881356,0.934381864710012,0.9029015088879703,0.896265560165975,0.8852459016393444,0.7195645048725584
2930,0.9808333333333333,0.9389111579138076,0.8861788617886179,0.923728813559322,0.9389111579138076,0.9107871710073033,0.9045643153526971,0.8934426229508198,0.6619992112165155
2931,0.9775,0.9226509953121815,0.8536585365853658,0.9210526315789473,0.9226509953121815,0.8948555840821566,0.8860759493670887,0.8663366336633662,0.7771284658662178
2932,0.9766666666666667,0.9221867427587924,0.8536585365853658,0.9130434782608695,0.9221867427587924,0.8908510074231177,0.8823529411764706,0.8649093904448104,0.8059114458598351
2933,0.98,0.934846117263401,0.8780487804878049,0.9230769230769231,0.934846117263401,0.906812851782364,0.9,0.8866995073891627,0.6907815248789411
2934,0.9791666666666666,0.9307810766129945,0.8699186991869918,0.9224137931034483,0.9307810766129946,0.9028329128118868,0.8953974895397491,0.8799342105263158,0.7195638385413665
2935,0.9791666666666666,0.9271802885159771,0.8617886178861789,0.9298245614035088,0.9271802885159771,0.9028899229781772,0.8945147679324894,0.8745874587458744,0.7195631722101747
2936,0.9808333333333333,0.9353103698167902,0.8780487804878049,0.9310344827586207,0.93531036981679,0.9107916316232127,0.903765690376569,0.8881578947368419,0.6619985448853236
2937,0.9766666666666667,0.9149851665647576,0.8373983739837398,0.9279279279279279,0.9149851665647576,0.8909964842891671,0.8803418803418804,0.8540630182421227,0.8059101131974515
2938,0.9775,0.9190502072151641,0.8455284552845529,0.9285714285714286,0.9190502072151642,0.8949666085946575,0.8851063829787236,0.8609271523178809,0.777127799535026
2939,0.9791666666666666,0.934381864710012,0.8780487804878049,0.9152542372881356,0.934381864710012,0.9029015088879703,0.896265560165975,0.8852459016393444,0.7195645048725584
2940,0.9791666666666666,0.9271802885159771,0.8617886178861789,0.9298245614035088,0.9271802885159771,0.9028899229781772,0.8945147679324894,0.8745874587458744,0.7195631722101747
2941,0.9741666666666666,0.9135924089045904,0.8373983739837398,0.9035087719298246,0.9135924089045905,0.8787869062901155,0.869198312236287,0.8498349834983498,0.8922590531783037
2942,0.9791666666666666,0.9235795004189595,0.8536585365853658,0.9375,0.9235795004189595,0.9030792682926829,0.8936170212765958,0.869205298013245,0.719562505878983
2943,0.9808333333333333,0.9317095817197726,0.8699186991869918,0.9385964912280702,0.9317095817197726,0.9109242618741977,0.9029535864978903,0.8828382838283828,0.6619978785541317
2944,0.9783333333333334,0.9195144597685532,0.8455284552845529,0.9369369369369369,0.9195144597685532,0.8991493627774115,0.888888888888889,0.8623548922056385,0.7483448195414085
2945,0.9791666666666666,0.934381864710012,0.8780487804878049,0.9152542372881356,0.934381864710012,0.9029015088879703,0.896265560165975,0.8852459016393444,0.7195645048725584
2946,0.98,0.934846117263401,0.8780487804878049,0.9230769230769231,0.934846117263401,0.906812851782364,0.9,0.8866995073891627,0.6907815248789411
2947,0.9791666666666666,0.9307810766129945,0.8699186991869918,0.9224137931034483,0.9307810766129946,0.9028329128118868,0.8953974895397491,0.8799342105263158,0.7195638385413665
2948,0.9783333333333334,0.9231152478655706,0.8536585365853658,0.9292035398230089,0.9231152478655705,0.8989310382041873,0.8898305084745762,0.8677685950413223,0.7483454858726003
2949,0.9808333333333333,0.942511946010825,0.8943089430894309,0.9166666666666666,0.942511946010825,0.9109044715447153,0.9053497942386831,0.8986928104575165,0.6619998775477074
2950,0.9775,0.9226509953121815,0.8536585365853658,0.9210526315789473,0.9226509953121815,0.8948555840821566,0.8860759493670887,0.8663366336633662,0.7771284658662179
2951,0.9791666666666666,0.9271802885159771,0.8617886178861789,0.9298245614035088,0.9271802885159771,0.9028899229781772,0.8945147679324894,0.8745874587458744,0.7195631722101747
2952,0.9816666666666667,0.9321738342731616,0.8699186991869918,0.9469026548672567,0.9321738342731616,0.9150773436937908,0.9067796610169492,0.884297520661157,0.6332148985605144
2953,0.9783333333333334,0.9303168240596055,0.8699186991869918,0.9145299145299145,0.9303168240596055,0.8988909735251197,0.8916666666666666,0.8784893267651888,0.7483468185349841
2954,0.9758333333333333,0.9145209140113686,0.8373983739837398,0.9196428571428571,0.9145209140113686,0.8868539488966318,0.876595744680851,0.8526490066225165,0.8346930931910689
2955,0.9758333333333333,0.9181217021083861,0.8455284552845529,0.9122807017543859,0.9181217021083861,0.886821245186136,0.8776371308016878,0.8580858085808581,0.8346937595222607
2956,0.9808333333333333,0.9353103698167902,0.8780487804878049,0.9310344827586207,0.93531036981679,0.9107916316232127,0.903765690376569,0.8881578947368419,0.6619985448853236
2957,0.9791666666666666,0.9271802885159771,0.8617886178861789,0.9298245614035088,0.9271802885159771,0.9028899229781772,0.8945147679324894,0.8745874587458744,0.7195631722101747
2958,0.9791666666666666,0.934381864710012,0.8780487804878049,0.9152542372881356,0.934381864710012,0.9029015088879703,0.896265560165975,0.8852459016393444,0.7195645048725585
2959,0.975,0.9140566614579795,0.8373983739837398,0.911504424778761,0.9140566614579795,0.8827847327145837,0.8728813559322035,0.8512396694214875,0.8634760731846863
2960,0.975,0.9140566614579795,0.8373983739837398,0.911504424778761,0.9140566614579795,0.8827847327145837,0.8728813559322035,0.8512396694214875,0.8634760731846863
2961,0.9758333333333333,0.9181217021083861,0.8455284552845529,0.9122807017543859,0.9181217021083861,0.886821245186136,0.8776371308016878,0.8580858085808581,0.8346937595222608
2962,0.9808333333333333,0.9353103698167902,0.8780487804878049,0.9310344827586207,0.93531036981679,0.9107916316232127,0.903765690376569,0.8881578947368419,0.6619985448853236
2963,0.9766666666666667,0.9185859546617751,0.8455284552845529,0.9203539823008849,0.9185859546617752,0.8908578854593857,0.8813559322033898,0.8595041322314051,0.8059107795286434
2964,0.98,0.9312453291663836,0.8699186991869918,0.9304347826086956,0.9312453291663836,0.9068434075645104,0.8991596638655462,0.8813838550247116,0.6907808585477492
2965,0.98,0.934846117263401,0.8780487804878049,0.9230769230769231,0.934846117263401,0.906812851782364,0.9,0.8866995073891627,0.6907815248789411
2966,0.9808333333333333,0.9389111579138076,0.8861788617886179,0.923728813559322,0.9389111579138076,0.9107871710073033,0.9045643153526971,0.8934426229508198,0.6619992112165155
2967,0.9783333333333334,0.9267160359625881,0.8617886178861789,0.9217391304347826,0.9267160359625881,0.8988472074938141,0.8907563025210083,0.8731466227347612,0.7483461522037921
2968,0.9791666666666666,0.9235795004189595,0.8536585365853658,0.9375,0.9235795004189595,0.9030792682926829,0.8936170212765958,0.869205298013245,0.719562505878983
2969,0.9833333333333333,0.9475054917680097,0.9024390243902439,0.9327731092436975,0.9475054917680096,0.9226060668169707,0.9173553719008264,0.9083469721767595,0.5756516038980469
2970,0.9791666666666666,0.9307810766129945,0.8699186991869918,0.9224137931034483,0.9307810766129946,0.9028329128118868,0.8953974895397491,0.8799342105263158,0.7195638385413666
2971,0.9791666666666666,0.9199787123219422,0.8455284552845529,0.9454545454545454,0.9199787123219422,0.9034081670362158,0.8927038626609443,0.8637873754152826,0.7195618395477911
2972,0.9791666666666666,0.9307810766129945,0.8699186991869918,0.9224137931034483,0.9307810766129946,0.9028329128118868,0.8953974895397491,0.8799342105263158,0.7195638385413666
2973,0.9783333333333334,0.9231152478655706,0.8536585365853658,0.9292035398230089,0.9231152478655705,0.8989310382041873,0.8898305084745762,0.8677685950413223,0.7483454858726003
2974,0.98,0.9312453291663836,0.8699186991869918,0.9304347826086956,0.9312453291663836,0.9068434075645104,0.8991596638655462,0.8813838550247116,0.6907808585477492
2975,0.9816666666666667,0.935774622370179,0.8780487804878049,0.9391304347826087,0.9357746223701789,0.9148396076352068,0.907563025210084,0.8896210873146623,0.6332155648917062
2976,0.9791666666666666,0.9307810766129945,0.8699186991869918,0.9224137931034483,0.9307810766129946,0.9028329128118868,0.8953974895397491,0.8799342105263158,0.7195638385413665
2977,0.9816666666666667,0.9321738342731616,0.8699186991869918,0.9469026548672567,0.9321738342731616,0.9150773436937908,0.9067796610169492,0.884297520661157,0.6332148985605144
2978,0.9775,0.9226509953121815,0.8536585365853658,0.9210526315789473,0.9226509953121815,0.8948555840821566,0.8860759493670887,0.8663366336633662,0.7771284658662179
2979,0.98,0.9312453291663836,0.8699186991869918,0.9304347826086956,0.9312453291663836,0.9068434075645104,0.8991596638655462,0.8813838550247116,0.6907808585477492
2980,0.9783333333333334,0.9303168240596055,0.8699186991869918,0.9145299145299145,0.9303168240596055,0.8988909735251197,0.8916666666666666,0.8784893267651888,0.7483468185349839
2981,0.9783333333333334,0.9267160359625881,0.8617886178861789,0.9217391304347826,0.9267160359625881,0.8988472074938141,0.8907563025210083,0.8731466227347612,0.7483461522037921
2982,0.9766666666666667,0.9221867427587924,0.8536585365853658,0.9130434782608695,0.9221867427587924,0.8908510074231177,0.8823529411764706,0.8649093904448104,0.8059114458598352
2983,0.98,0.9384469053604185,0.8861788617886179,0.9159663865546218,0.9384469053604185,0.9069059575049532,0.9008264462809917,0.8919803600654663,0.6907821912101328
2984,0.98,0.9312453291663836,0.8699186991869918,0.9304347826086956,0.9312453291663836,0.9068434075645104,0.8991596638655462,0.8813838550247116,0.6907808585477491
2985,0.9758333333333333,0.9145209140113686,0.8373983739837398,0.9196428571428571,0.9145209140113686,0.8868539488966318,0.876595744680851,0.8526490066225165,0.8346930931910689
2986,0.9783333333333334,0.9267160359625881,0.8617886178861789,0.9217391304347826,0.9267160359625881,0.8988472074938141,0.8907563025210083,0.8731466227347612,0.7483461522037921
2987,0.9766666666666667,0.9185859546617751,0.8455284552845529,0.9203539823008849,0.9185859546617752,0.8908578854593857,0.8813559322033898,0.8595041322314051,0.8059107795286432
2988,0.9816666666666667,0.9393754104671966,0.8861788617886179,0.9316239316239316,0.9393754104671966,0.9147347300396081,0.9083333333333333,0.8949096880131364,0.633216231222898
2989,0.9775,0.9226509953121815,0.8536585365853658,0.9210526315789473,0.9226509953121815,0.8948555840821566,0.8860759493670887,0.8663366336633662,0.7771284658662178
2990,0.9783333333333334,0.9267160359625881,0.8617886178861789,0.9217391304347826,0.9267160359625881,0.8988472074938141,0.8907563025210083,0.8731466227347612,0.7483461522037922
2991,0.9775,0.9226509953121815,0.8536585365853658,0.9210526315789473,0.9226509953121815,0.8948555840821566,0.8860759493670887,0.8663366336633662,0.7771284658662176
2992,0.9758333333333333,0.9145209140113686,0.8373983739837398,0.9196428571428571,0.9145209140113686,0.8868539488966318,0.876595744680851,0.8526490066225165,0.8346930931910689
2993,0.9791666666666666,0.9235795004189595,0.8536585365853658,0.9375,0.9235795004189595,0.9030792682926829,0.8936170212765958,0.869205298013245,0.719562505878983
2994,0.9808333333333333,0.9389111579138076,0.8861788617886179,0.923728813559322,0.9389111579138076,0.9107871710073033,0.9045643153526971,0.8934426229508198,0.6619992112165155
2995,0.98,0.934846117263401,0.8780487804878049,0.9230769230769231,0.934846117263401,0.906812851782364,0.9,0.8866995073891627,0.6907815248789411
2996,0.9816666666666667,0.935774622370179,0.8780487804878049,0.9391304347826087,0.9357746223701789,0.9148396076352068,0.907563025210084,0.8896210873146623,0.6332155648917062
2997,0.9783333333333334,0.9267160359625881,0.8617886178861789,0.9217391304347826,0.9267160359625881,0.8988472074938141,0.8907563025210083,0.8731466227347612,0.7483461522037921
2998,0.9775,0.9190502072151641,0.8455284552845529,0.9285714285714286,0.9190502072151642,0.8949666085946575,0.8851063829787236,0.8609271523178809,0.7771277995350259
2999,0.9775,0.9298525715062165,0.8699186991869918,0.9067796610169492,0.9298525715062165,0.8950158467686372,0.8879668049792531,0.8770491803278687,0.7771297985286014
3000,0.9775,0.9226509953121815,0.8536585365853658,0.9210526315789473,0.9226509953121815,0.8948555840821566,0.8860759493670887,0.8663366336633662,0.7771284658662179
3001,0.975,0.917657449554997,0.8455284552845529,0.9043478260869565,0.917657449554997,0.8828548073524214,0.8739495798319328,0.85667215815486,0.8634767395158781
3002,0.9791666666666666,0.934381864710012,0.8780487804878049,0.9152542372881356,0.934381864710012,0.9029015088879703,0.896265560165975,0.8852459016393444,0.7195645048725584
3003,0.9783333333333334,0.9303168240596055,0.8699186991869918,0.9145299145299145,0.9303168240596055,0.8988909735251197,0.8916666666666666,0.8784893267651888,0.7483468185349841
3004,0.98,0.934846117263401,0.8780487804878049,0.9230769230769231,0.934846117263401,0.906812851782364,0.9,0.8866995073891627,0.6907815248789411
3005,0.9783333333333334,0.9195144597685532,0.8455284552845529,0.9369369369369369,0.9195144597685532,0.8991493627774115,0.888888888888889,0.8623548922056385,0.7483448195414084
3006,0.98,0.9312453291663836,0.8699186991869918,0.9304347826086956,0.9312453291663836,0.9068434075645104,0.8991596638655462,0.8813838550247116,0.6907808585477492
3007,0.98,0.9312453291663836,0.8699186991869918,0.9304347826086956,0.9312453291663836,0.9068434075645104,0.8991596638655462,0.8813838550247116,0.6907808585477492
3008,0.9783333333333334,0.9267160359625881,0.8617886178861789,0.9217391304347826,0.9267160359625881,0.8988472074938141,0.8907563025210083,0.8731466227347612,0.7483461522037921
3009,0.9791666666666666,0.9271802885159771,0.8617886178861789,0.9298245614035088,0.9271802885159771,0.9028899229781772,0.8945147679324894,0.8745874587458744,0.7195631722101747
3010,0.98,0.9312453291663836,0.8699186991869918,0.9304347826086956,0.9312453291663836,0.9068434075645104,0.8991596638655462,0.8813838550247116,0.6907808585477492
3011,0.9766666666666667,0.9185859546617751,0.8455284552845529,0.9203539823008849,0.9185859546617752,0.8908578854593857,0.8813559322033898,0.8595041322314051,0.8059107795286433
3012,0.9808333333333333,0.9389111579138076,0.8861788617886179,0.923728813559322,0.9389111579138076,0.9107871710073033,0.9045643153526971,0.8934426229508198,0.6619992112165155
3013,0.9766666666666667,0.9221867427587924,0.8536585365853658,0.9130434782608695,0.9221867427587924,0.8908510074231177,0.8823529411764706,0.8649093904448104,0.8059114458598351
3014,0.9758333333333333,0.9145209140113686,0.8373983739837398,0.9196428571428571,0.9145209140113686,0.8868539488966318,0.876595744680851,0.8526490066225165,0.8346930931910689
3015,0.9775,0.9226509953121815,0.8536585365853658,0.9210526315789473,0.9226509953121815,0.8948555840821566,0.8860759493670887,0.8663366336633662,0.7771284658662178
3016,0.9758333333333333,0.9109201259143511,0.8292682926829268,0.9272727272727272,0.910920125914351,0.887020509977827,0.8755364806866953,0.8471760797342193,0.834692426859877
3017,0.98,0.9312453291663836,0.8699186991869918,0.9304347826086956,0.9312453291663836,0.9068434075645104,0.8991596638655462,0.8813838550247116,0.6907808585477492
3018,0.9791666666666666,0.9235795004189595,0.8536585365853658,0.9375,0.9235795004189595,0.9030792682926829,0.8936170212765958,0.869205298013245,0.719562505878983
3019,0.9816666666666667,0.9393754104671966,0.8861788617886179,0.9316239316239316,0.9393754104671966,0.9147347300396081,0.9083333333333333,0.8949096880131364,0.6332162312228982
3020,0.9783333333333334,0.9231152478655706,0.8536585365853658,0.9292035398230089,0.9231152478655705,0.8989310382041873,0.8898305084745762,0.8677685950413223,0.7483454858726003
3021,0.9791666666666666,0.9271802885159771,0.8617886178861789,0.9298245614035088,0.9271802885159771,0.9028899229781772,0.8945147679324894,0.8745874587458744,0.7195631722101747
3022,0.9758333333333333,0.9181217021083861,0.8455284552845529,0.9122807017543859,0.9181217021083861,0.886821245186136,0.8776371308016878,0.8580858085808581,0.8346937595222608
3023,0.9791666666666666,0.9307810766129945,0.8699186991869918,0.9224137931034483,0.9307810766129946,0.9028329128118868,0.8953974895397491,0.8799342105263158,0.7195638385413665
3024,0.9758333333333333,0.9109201259143511,0.8292682926829268,0.9272727272727272,0.910920125914351,0.887020509977827,0.8755364806866953,0.8471760797342193,0.834692426859877
3025,0.98,0.934846117263401,0.8780487804878049,0.9230769230769231,0.934846117263401,0.906812851782364,0.9,0.8866995073891627,0.6907815248789411
3026,0.9816666666666667,0.9393754104671966,0.8861788617886179,0.9316239316239316,0.9393754104671966,0.9147347300396081,0.9083333333333333,0.8949096880131364,0.6332162312228982
3027,0.9741666666666666,0.9099916208075729,0.8292682926829268,0.9107142857142857,0.9099916208075729,0.8787412891986063,0.8680851063829788,0.8443708609271523,0.8922583868471118
3028,0.9808333333333333,0.9317095817197726,0.8699186991869918,0.9385964912280702,0.9317095817197726,0.9109242618741977,0.9029535864978903,0.8828382838283828,0.6619978785541318
3029,0.9808333333333333,0.9317095817197726,0.8699186991869918,0.9385964912280702,0.9317095817197726,0.9109242618741977,0.9029535864978903,0.8828382838283828,0.6619978785541317
3030,0.9791666666666666,0.9271802885159771,0.8617886178861789,0.9298245614035088,0.9271802885159771,0.9028899229781772,0.8945147679324894,0.8745874587458744,0.7195631722101747
3031,0.9783333333333334,0.9267160359625881,0.8617886178861789,0.9217391304347826,0.9267160359625881,0.8988472074938141,0.8907563025210083,0.8731466227347612,0.7483461522037922
3032,0.98,0.9312453291663836,0.8699186991869918,0.9304347826086956,0.9312453291663836,0.9068434075645104,0.8991596638655462,0.8813838550247116,0.6907808585477492
3033,0.9766666666666667,0.9185859546617751,0.8455284552845529,0.9203539823008849,0.9185859546617752,0.8908578854593857,0.8813559322033898,0.8595041322314051,0.8059107795286433
3034,0.9816666666666667,0.935774622370179,0.8780487804878049,0.9391304347826087,0.9357746223701789,0.9148396076352068,0.907563025210084,0.8896210873146623,0.6332155648917063
3035,0.98,0.934846117263401,0.8780487804878049,0.9230769230769231,0.934846117263401,0.906812851782364,0.9,0.8866995073891627,0.6907815248789411
3036,0.9791666666666666,0.9271802885159771,0.8617886178861789,0.9298245614035088,0.9271802885159771,0.9028899229781772,0.8945147679324894,0.8745874587458744,0.7195631722101747
3037,0.9783333333333334,0.9231152478655706,0.8536585365853658,0.9292035398230089,0.9231152478655705,0.8989310382041873,0.8898305084745762,0.8677685950413223,0.7483454858726003
3038,0.98,0.934846117263401,0.8780487804878049,0.9230769230769231,0.934846117263401,0.906812851782364,0.9,0.8866995073891627,0.6907815248789411
3039,0.9808333333333333,0.9353103698167902,0.8780487804878049,0.9310344827586207,0.93531036981679,0.9107916316232127,0.903765690376569,0.8881578947368419,0.6619985448853236
3040,0.98,0.934846117263401,0.8780487804878049,0.9230769230769231,0.934846117263401,0.906812851782364,0.9,0.8866995073891627,0.6907815248789411
3041,0.9808333333333333,0.9389111579138076,0.8861788617886179,0.923728813559322,0.9389111579138076,0.9107871710073033,0.9045643153526971,0.8934426229508198,0.6619992112165155
3042,0.9791666666666666,0.9271802885159771,0.8617886178861789,0.9298245614035088,0.9271802885159771,0.9028899229781772,0.8945147679324894,0.8745874587458744,0.7195631722101747
3043,0.9791666666666666,0.9271802885159771,0.8617886178861789,0.9298245614035088,0.9271802885159771,0.9028899229781772,0.8945147679324894,0.8745874587458744,0.7195631722101747
3044,0.9808333333333333,0.9389111579138076,0.8861788617886179,0.923728813559322,0.9389111579138076,0.9107871710073033,0.9045643153526971,0.8934426229508198,0.6619992112165155
3045,0.98,0.934846117263401,0.8780487804878049,0.9230769230769231,0.934846117263401,0.906812851782364,0.9,0.8866995073891627,0.6907815248789411
3046,0.975,0.910455873360962,0.8292682926829268,0.918918918918919,0.910455873360962,0.8828436058009229,0.8717948717948718,0.8457711442786069,0.8634754068534944
3047,0.98,0.934846117263401,0.8780487804878049,0.9230769230769231,0.934846117263401,0.906812851782364,0.9,0.8866995073891627,0.6907815248789411
3048,0.9783333333333334,0.9195144597685532,0.8455284552845529,0.9369369369369369,0.9195144597685532,0.8991493627774115,0.888888888888889,0.8623548922056385,0.7483448195414084
3049,0.98,0.9276445410693661,0.8617886178861789,0.9380530973451328,0.927644541069366,0.9070041909489892,0.8983050847457628,0.8760330578512395,0.6907801922165574
3050,0.975,0.910455873360962,0.8292682926829268,0.918918918918919,0.910455873360962,0.8828436058009229,0.8717948717948718,0.8457711442786069,0.8634754068534944
3051,0.9791666666666666,0.9271802885159771,0.8617886178861789,0.9298245614035088,0.9271802885159771,0.9028899229781772,0.8945147679324894,0.8745874587458744,0.7195631722101747
3052,0.9775,0.9226509953121815,0.8536585365853658,0.9210526315789473,0.9226509953121815,0.8948555840821566,0.8860759493670887,0.8663366336633662,0.7771284658662178
3053,0.9775,0.9190502072151641,0.8455284552845529,0.9285714285714286,0.9190502072151642,0.8949666085946575,0.8851063829787236,0.8609271523178809,0.7771277995350259
3054,0.9733333333333334,0.9059265801571665,0.8211382113821138,0.9099099099099099,0.9059265801571665,0.8746907273126785,0.8632478632478633,0.8374792703150913,0.9210407005095373
3055,0.9775,0.9226509953121815,0.8536585365853658,0.9210526315789473,0.9226509953121815,0.8948555840821566,0.8860759493670887,0.8663366336633662,0.7771284658662179
3056,0.9766666666666667,0.91138437846774,0.8292682926829268,0.9357798165137615,0.91138437846774,0.8912740545983442,0.8793103448275862,0.8485856905158069,0.8059094468662596
3057,0.98,0.9276445410693661,0.8617886178861789,0.9380530973451328,0.927644541069366,0.9070041909489892,0.8983050847457628,0.8760330578512395,0.6907801922165574
3058,0.9816666666666667,0.9393754104671966,0.8861788617886179,0.9316239316239316,0.9393754104671966,0.9147347300396081,0.9083333333333333,0.8949096880131364,0.6332162312228982
3059,0.9775,0.9226509953121815,0.8536585365853658,0.9210526315789473,0.9226509953121815,0.8948555840821566,0.8860759493670887,0.8663366336633662,0.7771284658662176
3060,0.9791666666666666,0.9271802885159771,0.8617886178861789,0.9298245614035088,0.9271802885159771,0.9028899229781772,0.8945147679324894,0.8745874587458744,0.7195631722101747
3061,0.9775,0.9190502072151641,0.8455284552845529,0.9285714285714286,0.9190502072151642,0.8949666085946575,0.8851063829787236,0.8609271523178809,0.7771277995350259
3062,0.9783333333333334,0.9267160359625881,0.8617886178861789,0.9217391304347826,0.9267160359625881,0.8988472074938141,0.8907563025210083,0.8731466227347612,0.7483461522037921
3063,0.9775,0.9226509953121815,0.8536585365853658,0.9210526315789473,0.9226509953121815,0.8948555840821566,0.8860759493670887,0.8663366336633662,0.7771284658662176
3064,0.9808333333333333,0.9353103698167902,0.8780487804878049,0.9310344827586207,0.93531036981679,0.9107916316232127,0.903765690376569,0.8881578947368419,0.6619985448853236
3065,0.98,0.9312453291663836,0.8699186991869918,0.9304347826086956,0.9312453291663836,0.9068434075645104,0.8991596638655462,0.8813838550247116,0.6907808585477491
3066,0.9791666666666666,0.934381864710012,0.8780487804878049,0.9152542372881356,0.934381864710012,0.9029015088879703,0.896265560165975,0.8852459016393444,0.7195645048725584
3067,0.9791666666666666,0.9271802885159771,0.8617886178861789,0.9298245614035088,0.9271802885159771,0.9028899229781772,0.8945147679324894,0.8745874587458744,0.7195631722101747
3068,0.9791666666666666,0.9307810766129945,0.8699186991869918,0.9224137931034483,0.9307810766129946,0.9028329128118868,0.8953974895397491,0.8799342105263158,0.7195638385413666
3069,0.9758333333333333,0.9073193378173336,0.8211382113821138,0.9351851851851852,0.9073193378173335,0.8873283649503162,0.8744588744588745,0.8416666666666668,0.8346917605286851
3070,0.9791666666666666,0.934381864710012,0.8780487804878049,0.9152542372881356,0.934381864710012,0.9029015088879703,0.896265560165975,0.8852459016393444,0.7195645048725584
3071,0.9775,0.926251783409199,0.8617886178861789,0.9137931034482759,0.926251783409199,0.8948741940005607,0.887029288702929,0.8717105263157895,0.7771291321974094
3072,0.9791666666666666,0.934381864710012,0.8780487804878049,0.9152542372881356,0.934381864710012,0.9029015088879703,0.896265560165975,0.8852459016393444,0.7195645048725584
3073,0.9783333333333334,0.9303168240596055,0.8699186991869918,0.9145299145299145,0.9303168240596055,0.8988909735251197,0.8916666666666666,0.8784893267651888,0.748346818534984
3074,0.9783333333333334,0.9195144597685532,0.8455284552845529,0.9369369369369369,0.9195144597685532,0.8991493627774115,0.888888888888889,0.8623548922056385,0.7483448195414085
3075,0.9833333333333333,0.9439047036709921,0.8943089430894309,0.9401709401709402,0.9439047036709921,0.9226566082968523,0.9166666666666666,0.9031198686371099,0.575650937566855
3076,0.98,0.934846117263401,0.8780487804878049,0.9230769230769231,0.934846117263401,0.906812851782364,0.9,0.8866995073891627,0.6907815248789411
3077,0.9808333333333333,0.9353103698167902,0.8780487804878049,0.9310344827586207,0.93531036981679,0.9107916316232127,0.903765690376569,0.8881578947368419,0.6619985448853236
3078,0.9783333333333334,0.9267160359625881,0.8617886178861789,0.9217391304347826,0.9267160359625881,0.8988472074938141,0.8907563025210083,0.8731466227347612,0.7483461522037921
3079,0.9758333333333333,0.9181217021083861,0.8455284552845529,0.9122807017543859,0.9181217021083861,0.886821245186136,0.8776371308016878,0.8580858085808581,0.8346937595222608
3080,0.9791666666666666,0.9415834409040469,0.8943089430894309,0.9016393442622951,0.9415834409040469,0.9033908103425297,0.8979591836734693,0.8957654723127036,0.7195658375349422
3081,0.9775,0.926251783409199,0.8617886178861789,0.9137931034482759,0.926251783409199,0.8948741940005607,0.887029288702929,0.8717105263157895,0.7771291321974096
3082,0.9775,0.9154494191181466,0.8373983739837398,0.9363636363636364,0.9154494191181466,0.8952143385070215,0.8841201716738197,0.8554817275747508,0.7771271332038341
3083,0.9791666666666666,0.934381864710012,0.8780487804878049,0.9152542372881356,0.934381864710012,0.9029015088879703,0.896265560165975,0.8852459016393444,0.7195645048725584
3084,0.9775,0.9154494191181466,0.8373983739837398,0.9363636363636364,0.9154494191181466,0.8952143385070215,0.8841201716738197,0.8554817275747508,0.7771271332038341
3085,0.9766666666666667,0.9149851665647576,0.8373983739837398,0.9279279279279279,0.9149851665647576,0.8909964842891671,0.8803418803418804,0.8540630182421227,0.8059101131974515
3086,0.975,0.917657449554997,0.8455284552845529,0.9043478260869565,0.917657449554997,0.8828548073524214,0.8739495798319328,0.85667215815486,0.8634767395158781
3087,0.9775,0.9190502072151641,0.8455284552845529,0.9285714285714286,0.9190502072151642,0.8949666085946575,0.8851063829787236,0.8609271523178809,0.777127799535026
3088,0.9791666666666666,0.9271802885159771,0.8617886178861789,0.9298245614035088,0.9271802885159771,0.9028899229781772,0.8945147679324894,0.8745874587458744,0.7195631722101747
3089,0.9816666666666667,0.935774622370179,0.8780487804878049,0.9391304347826087,0.9357746223701789,0.9148396076352068,0.907563025210084,0.8896210873146623,0.6332155648917063
3090,0.9791666666666666,0.934381864710012,0.8780487804878049,0.9152542372881356,0.934381864710012,0.9029015088879703,0.896265560165975,0.8852459016393444,0.7195645048725584
3091,0.9825,0.9434404511176031,0.8943089430894309,0.9322033898305084,0.9434404511176032,0.9186728331266363,0.9128630705394191,0.9016393442622951,0.6044339175604725
3092,0.98,0.934846117263401,0.8780487804878049,0.9230769230769231,0.934846117263401,0.906812851782364,0.9,0.8866995073891627,0.6907815248789411
3093,0.9841666666666666,0.9479697443213986,0.9024390243902439,0.940677966101695,0.9479697443213986,0.9265584952459696,0.9211618257261411,0.9098360655737704,0.5468686239044295
3094,0.9816666666666667,0.9393754104671966,0.8861788617886179,0.9316239316239316,0.9393754104671966,0.9147347300396081,0.9083333333333333,0.8949096880131364,0.6332162312228982
3095,0.9766666666666667,0.9221867427587924,0.8536585365853658,0.9130434782608695,0.9221867427587924,0.8908510074231177,0.8823529411764706,0.8649093904448104,0.8059114458598352
3096,0.9816666666666667,0.9393754104671966,0.8861788617886179,0.9316239316239316,0.9393754104671966,0.9147347300396081,0.9083333333333333,0.8949096880131364,0.6332162312228982
3097,0.9808333333333333,0.9353103698167902,0.8780487804878049,0.9310344827586207,0.93531036981679,0.9107916316232127,0.903765690376569,0.8881578947368419,0.6619985448853236
3098,0.9791666666666666,0.9235795004189595,0.8536585365853658,0.9375,0.9235795004189595,0.9030792682926829,0.8936170212765958,0.869205298013245,0.719562505878983
3099,0.9791666666666666,0.9307810766129945,0.8699186991869918,0.9224137931034483,0.9307810766129946,0.9028329128118868,0.8953974895397491,0.8799342105263158,0.7195638385413665
3100,0.9783333333333334,0.9267160359625881,0.8617886178861789,0.9217391304347826,0.9267160359625881,0.8988472074938141,0.8907563025210083,0.8731466227347612,0.7483461522037921
3101,0.9766666666666667,0.9185859546617751,0.8455284552845529,0.9203539823008849,0.9185859546617752,0.8908578854593857,0.8813559322033898,0.8595041322314051,0.8059107795286434
3102,0.9775,0.9190502072151641,0.8455284552845529,0.9285714285714286,0.9190502072151642,0.8949666085946575,0.8851063829787236,0.8609271523178809,0.7771277995350259
3103,0.9816666666666667,0.935774622370179,0.8780487804878049,0.9391304347826087,0.9357746223701789,0.9148396076352068,0.907563025210084,0.8896210873146623,0.6332155648917062
3104,0.9783333333333334,0.9267160359625881,0.8617886178861789,0.9217391304347826,0.9267160359625881,0.8988472074938141,0.8907563025210083,0.8731466227347612,0.7483461522037922
3105,0.9783333333333334,0.9195144597685532,0.8455284552845529,0.9369369369369369,0.9195144597685532,0.8991493627774115,0.888888888888889,0.8623548922056385,0.7483448195414085
3106,0.9766666666666667,0.9221867427587924,0.8536585365853658,0.9130434782608695,0.9221867427587924,0.8908510074231177,0.8823529411764706,0.8649093904448104,0.8059114458598352
3107,0.9775,0.9226509953121815,0.8536585365853658,0.9210526315789473,0.9226509953121815,0.8948555840821566,0.8860759493670887,0.8663366336633662,0.7771284658662178
3108,0.9816666666666667,0.9393754104671966,0.8861788617886179,0.9316239316239316,0.9393754104671966,0.9147347300396081,0.9083333333333333,0.8949096880131364,0.6332162312228982
3109,0.9816666666666667,0.9393754104671966,0.8861788617886179,0.9316239316239316,0.9393754104671966,0.9147347300396081,0.9083333333333333,0.8949096880131364,0.633216231222898
3110,0.9775,0.9190502072151641,0.8455284552845529,0.9285714285714286,0.9190502072151642,0.8949666085946575,0.8851063829787236,0.8609271523178809,0.7771277995350259
3111,0.9791666666666666,0.9235795004189595,0.8536585365853658,0.9375,0.9235795004189595,0.9030792682926829,0.8936170212765958,0.869205298013245,0.7195625058789827
3112,0.9783333333333334,0.9195144597685532,0.8455284552845529,0.9369369369369369,0.9195144597685532,0.8991493627774115,0.888888888888889,0.8623548922056385,0.7483448195414085
3113,0.98,0.934846117263401,0.8780487804878049,0.9230769230769231,0.934846117263401,0.906812851782364,0.9,0.8866995073891627,0.6907815248789411
3114,0.9766666666666667,0.9185859546617751,0.8455284552845529,0.9203539823008849,0.9185859546617752,0.8908578854593857,0.8813559322033898,0.8595041322314051,0.8059107795286432
3115,0.9775,0.926251783409199,0.8617886178861789,0.9137931034482759,0.926251783409199,0.8948741940005607,0.887029288702929,0.8717105263157895,0.7771291321974096
3116,0.9825,0.9398396630205856,0.8861788617886179,0.9396551724137931,0.9398396630205856,0.9187503504345389,0.9121338912133892,0.8963815789473685,0.6044332512292807
3117,0.9791666666666666,0.9271802885159771,0.8617886178861789,0.9298245614035088,0.9271802885159771,0.9028899229781772,0.8945147679324894,0.8745874587458744,0.7195631722101747
3118,0.9775,0.926251783409199,0.8617886178861789,0.9137931034482759,0.926251783409199,0.8948741940005607,0.887029288702929,0.8717105263157895,0.7771291321974095
3119,0.9775,0.9226509953121815,0.8536585365853658,0.9210526315789473,0.9226509953121815,0.8948555840821566,0.8860759493670887,0.8663366336633662,0.7771284658662176
3120,0.9783333333333334,0.9195144597685532,0.8455284552845529,0.9369369369369369,0.9195144597685532,0.8991493627774115,0.888888888888889,0.8623548922056385,0.7483448195414084
3121,0.9783333333333334,0.9303168240596055,0.8699186991869918,0.9145299145299145,0.9303168240596055,0.8988909735251197,0.8916666666666666,0.8784893267651888,0.7483468185349841
3122,0.9808333333333333,0.942511946010825,0.8943089430894309,0.9166666666666666,0.942511946010825,0.9109044715447153,0.9053497942386831,0.8986928104575165,0.6619998775477073
3123,0.9808333333333333,0.9353103698167902,0.8780487804878049,0.9310344827586207,0.93531036981679,0.9107916316232127,0.903765690376569,0.8881578947368419,0.6619985448853236
3124,0.9766666666666667,0.9221867427587924,0.8536585365853658,0.9130434782608695,0.9221867427587924,0.8908510074231177,0.8823529411764706,0.8649093904448104,0.8059114458598352
3125,0.9766666666666667,0.9221867427587924,0.8536585365853658,0.9130434782608695,0.9221867427587924,0.8908510074231177,0.8823529411764706,0.8649093904448104,0.8059114458598351
3126,0.9766666666666667,0.9185859546617751,0.8455284552845529,0.9203539823008849,0.9185859546617752,0.8908578854593857,0.8813559322033898,0.8595041322314051,0.8059107795286433
3127,0.9816666666666667,0.942976198564214,0.8943089430894309,0.9243697478991597,0.9429761985642141,0.9147560121609619,0.9090909090909092,0.9001636661211129,0.6332168975540899
3128,0.98,0.9312453291663836,0.8699186991869918,0.9304347826086956,0.9312453291663836,0.9068434075645104,0.8991596638655462,0.8813838550247116,0.6907808585477492
3129,0.9775,0.9226509953121815,0.8536585365853658,0.9210526315789473,0.9226509953121815,0.8948555840821566,0.8860759493670887,0.8663366336633662,0.7771284658662179
3130,0.9808333333333333,0.9353103698167902,0.8780487804878049,0.9310344827586207,0.93531036981679,0.9107916316232127,0.903765690376569,0.8881578947368419,0.6619985448853236
3131,0.9791666666666666,0.9271802885159771,0.8617886178861789,0.9298245614035088,0.9271802885159771,0.9028899229781772,0.8945147679324894,0.8745874587458744,0.7195631722101747
3132,0.9791666666666666,0.9307810766129945,0.8699186991869918,0.9224137931034483,0.9307810766129946,0.9028329128118868,0.8953974895397491,0.8799342105263158,0.7195638385413667
3133,0.9791666666666666,0.9307810766129945,0.8699186991869918,0.9224137931034483,0.9307810766129946,0.9028329128118868,0.8953974895397491,0.8799342105263158,0.7195638385413665
3134,0.98,0.9276445410693661,0.8617886178861789,0.9380530973451328,0.927644541069366,0.9070041909489892,0.8983050847457628,0.8760330578512395,0.6907801922165574
3135,0.9791666666666666,0.9271802885159771,0.8617886178861789,0.9298245614035088,0.9271802885159771,0.9028899229781772,0.8945147679324894,0.8745874587458744,0.7195631722101747
3136,0.98,0.9312453291663836,0.8699186991869918,0.9304347826086956,0.9312453291663836,0.9068434075645104,0.8991596638655462,0.8813838550247116,0.6907808585477492
3137,0.9833333333333333,0.9439047036709921,0.8943089430894309,0.9401709401709402,0.9439047036709921,0.9226566082968523,0.9166666666666666,0.9031198686371099,0.5756509375668551
3138,0.9808333333333333,0.9353103698167902,0.8780487804878049,0.9310344827586207,0.93531036981679,0.9107916316232127,0.903765690376569,0.8881578947368419,0.6619985448853236
3139,0.9783333333333334,0.9303168240596055,0.8699186991869918,0.9145299145299145,0.9303168240596055,0.8988909735251197,0.8916666666666666,0.8784893267651888,0.7483468185349839
3140,0.9808333333333333,0.9353103698167902,0.8780487804878049,0.9310344827586207,0.93531036981679,0.9107916316232127,0.903765690376569,0.8881578947368419,0.6619985448853236
3141,0.9783333333333334,0.9231152478655706,0.8536585365853658,0.9292035398230089,0.9231152478655705,0.8989310382041873,0.8898305084745762,0.8677685950413223,0.7483454858726003
3142,0.9791666666666666,0.9271802885159771,0.8617886178861789,0.9298245614035088,0.9271802885159771,0.9028899229781772,0.8945147679324894,0.8745874587458744,0.7195631722101747
3143,0.9766666666666667,0.9185859546617751,0.8455284552845529,0.9203539823008849,0.9185859546617752,0.8908578854593857,0.8813559322033898,0.8595041322314051,0.8059107795286433
3144,0.9791666666666666,0.9271802885159771,0.8617886178861789,0.9298245614035088,0.9271802885159771,0.9028899229781772,0.8945147679324894,0.8745874587458744,0.7195631722101747
3145,0.975,0.910455873360962,0.8292682926829268,0.918918918918919,0.910455873360962,0.8828436058009229,0.8717948717948718,0.8457711442786069,0.8634754068534943
3146,0.9791666666666666,0.9307810766129945,0.8699186991869918,0.9224137931034483,0.9307810766129946,0.9028329128118868,0.8953974895397491,0.8799342105263158,0.7195638385413665
3147,0.9775,0.9190502072151641,0.8455284552845529,0.9285714285714286,0.9190502072151642,0.8949666085946575,0.8851063829787236,0.8609271523178809,0.7771277995350259
3148,0.9758333333333333,0.9109201259143511,0.8292682926829268,0.9272727272727272,0.910920125914351,0.887020509977827,0.8755364806866953,0.8471760797342193,0.834692426859877
3149,0.98,0.9276445410693661,0.8617886178861789,0.9380530973451328,0.927644541069366,0.9070041909489892,0.8983050847457628,0.8760330578512395,0.6907801922165574
3150,0.9816666666666667,0.9393754104671966,0.8861788617886179,0.9316239316239316,0.9393754104671966,0.9147347300396081,0.9083333333333333,0.8949096880131364,0.633216231222898
3151,0.9808333333333333,0.9317095817197726,0.8699186991869918,0.9385964912280702,0.9317095817197726,0.9109242618741977,0.9029535864978903,0.8828382838283828,0.6619978785541317
3152,0.9741666666666666,0.9063908327105555,0.8211382113821138,0.9181818181818182,0.9063908327105556,0.8788266814486327,0.8669527896995709,0.8388704318936877,0.89225772051592
3153,0.9791666666666666,0.9271802885159771,0.8617886178861789,0.9298245614035088,0.9271802885159771,0.9028899229781772,0.8945147679324894,0.8745874587458744,0.7195631722101747
3154,0.98,0.934846117263401,0.8780487804878049,0.9230769230769231,0.934846117263401,0.906812851782364,0.9,0.8866995073891627,0.6907815248789411
3155,0.9791666666666666,0.9271802885159771,0.8617886178861789,0.9298245614035088,0.9271802885159771,0.9028899229781772,0.8945147679324894,0.8745874587458744,0.7195631722101747
3156,0.98,0.934846117263401,0.8780487804878049,0.9230769230769231,0.934846117263401,0.906812851782364,0.9,0.8866995073891627,0.6907815248789411
3157,0.9766666666666667,0.9149851665647576,0.8373983739837398,0.9279279279279279,0.9149851665647576,0.8909964842891671,0.8803418803418804,0.8540630182421227,0.8059101131974514
3158,0.9783333333333334,0.9267160359625881,0.8617886178861789,0.9217391304347826,0.9267160359625881,0.8988472074938141,0.8907563025210083,0.8731466227347612,0.7483461522037921
3159,0.9808333333333333,0.9317095817197726,0.8699186991869918,0.9385964912280702,0.9317095817197726,0.9109242618741977,0.9029535864978903,0.8828382838283828,0.6619978785541317
3160,0.98,0.9240437529723486,0.8536585365853658,0.9459459459459459,0.9240437529723486,0.907302241265656,0.8974358974358975,0.8706467661691542,0.6907795258853656
3161,0.98,0.9276445410693661,0.8617886178861789,0.9380530973451328,0.927644541069366,0.9070041909489892,0.8983050847457628,0.8760330578512395,0.6907801922165574
3162,0.9783333333333334,0.9231152478655706,0.8536585365853658,0.9292035398230089,0.9231152478655705,0.8989310382041873,0.8898305084745762,0.8677685950413223,0.7483454858726003
3163,0.9725,0.894659963312725,0.7967479674796748,0.9245283018867925,0.8946599633127251,0.8710548013499002,0.8558951965065502,0.8193979933110368,0.9498216815095794
3164,0.9775,0.926251783409199,0.8617886178861789,0.9137931034482759,0.926251783409199,0.8948741940005607,0.887029288702929,0.8717105263157895,0.7771291321974096
3165,0.9783333333333334,0.9267160359625881,0.8617886178861789,0.9217391304347826,0.9267160359625881,0.8988472074938141,0.8907563025210083,0.8731466227347612,0.7483461522037922
3166,0.98,0.934846117263401,0.8780487804878049,0.9230769230769231,0.934846117263401,0.906812851782364,0.9,0.8866995073891627,0.6907815248789411
3167,0.9791666666666666,0.9271802885159771,0.8617886178861789,0.9298245614035088,0.9271802885159771,0.9028899229781772,0.8945147679324894,0.8745874587458744,0.7195631722101746
3168,0.9741666666666666,0.9135924089045904,0.8373983739837398,0.9035087719298246,0.9135924089045905,0.8787869062901155,0.869198312236287,0.8498349834983498,0.8922590531783037
3169,0.9808333333333333,0.9317095817197726,0.8699186991869918,0.9385964912280702,0.9317095817197726,0.9109242618741977,0.9029535864978903,0.8828382838283828,0.6619978785541318
3170,0.9783333333333334,0.9231152478655706,0.8536585365853658,0.9292035398230089,0.9231152478655705,0.8989310382041873,0.8898305084745762,0.8677685950413223,0.7483454858726004
3171,0.98,0.934846117263401,0.8780487804878049,0.9230769230769231,0.934846117263401,0.906812851782364,0.9,0.8866995073891627,0.6907815248789411
3172,0.9783333333333334,0.9267160359625881,0.8617886178861789,0.9217391304347826,0.9267160359625881,0.8988472074938141,0.8907563025210083,0.8731466227347612,0.7483461522037921
3173,0.975,0.910455873360962,0.8292682926829268,0.918918918918919,0.910455873360962,0.8828436058009229,0.8717948717948718,0.8457711442786069,0.8634754068534944
3174,0.98,0.9276445410693661,0.8617886178861789,0.9380530973451328,0.927644541069366,0.9070041909489892,0.8983050847457628,0.8760330578512395,0.6907801922165574
3175,0.9791666666666666,0.9271802885159771,0.8617886178861789,0.9298245614035088,0.9271802885159771,0.9028899229781772,0.8945147679324894,0.8745874587458744,0.7195631722101747
3176,0.9808333333333333,0.9389111579138076,0.8861788617886179,0.923728813559322,0.9389111579138076,0.9107871710073033,0.9045643153526971,0.8934426229508198,0.6619992112165155
3177,0.9808333333333333,0.9353103698167902,0.8780487804878049,0.9310344827586207,0.93531036981679,0.9107916316232127,0.903765690376569,0.8881578947368419,0.6619985448853236
3178,0.9783333333333334,0.9267160359625881,0.8617886178861789,0.9217391304347826,0.9267160359625881,0.8988472074938141,0.8907563025210083,0.8731466227347612,0.7483461522037922
3179,0.9758333333333333,0.9145209140113686,0.8373983739837398,0.9196428571428571,0.9145209140113686,0.8868539488966318,0.876595744680851,0.8526490066225165,0.8346930931910689
3180,0.9775,0.9190502072151641,0.8455284552845529,0.9285714285714286,0.9190502072151642,0.8949666085946575,0.8851063829787236,0.8609271523178809,0.777127799535026
3181,0.9766666666666667,0.9149851665647576,0.8373983739837398,0.9279279279279279,0.9149851665647576,0.8909964842891671,0.8803418803418804,0.8540630182421227,0.8059101131974514
3182,0.9758333333333333,0.9145209140113686,0.8373983739837398,0.9196428571428571,0.9145209140113686,0.8868539488966318,0.876595744680851,0.8526490066225165,0.8346930931910688
3183,0.9816666666666667,0.9393754104671966,0.8861788617886179,0.9316239316239316,0.9393754104671966,0.9147347300396081,0.9083333333333333,0.8949096880131364,0.633216231222898
3184,0.9808333333333333,0.9353103698167902,0.8780487804878049,0.9310344827586207,0.93531036981679,0.9107916316232127,0.903765690376569,0.8881578947368419,0.6619985448853236
3185,0.9783333333333334,0.9267160359625881,0.8617886178861789,0.9217391304347826,0.9267160359625881,0.8988472074938141,0.8907563025210083,0.8731466227347612,0.7483461522037922
3186,0.9766666666666667,0.9185859546617751,0.8455284552845529,0.9203539823008849,0.9185859546617752,0.8908578854593857,0.8813559322033898,0.8595041322314051,0.8059107795286433
3187,0.9783333333333334,0.9195144597685532,0.8455284552845529,0.9369369369369369,0.9195144597685532,0.8991493627774115,0.888888888888889,0.8623548922056385,0.7483448195414085
3188,0.98,0.9240437529723486,0.8536585365853658,0.9459459459459459,0.9240437529723486,0.907302241265656,0.8974358974358975,0.8706467661691542,0.6907795258853655
3189,0.9808333333333333,0.9353103698167902,0.8780487804878049,0.9310344827586207,0.93531036981679,0.9107916316232127,0.903765690376569,0.8881578947368419,0.6619985448853236
3190,0.9783333333333334,0.9231152478655706,0.8536585365853658,0.9292035398230089,0.9231152478655705,0.8989310382041873,0.8898305084745762,0.8677685950413223,0.7483454858726003
3191,0.9816666666666667,0.9393754104671966,0.8861788617886179,0.9316239316239316,0.9393754104671966,0.9147347300396081,0.9083333333333333,0.8949096880131364,0.633216231222898
3192,0.9775,0.9190502072151641,0.8455284552845529,0.9285714285714286,0.9190502072151642,0.8949666085946575,0.8851063829787236,0.8609271523178809,0.7771277995350259
3193,0.9766666666666667,0.9149851665647576,0.8373983739837398,0.9279279279279279,0.9149851665647576,0.8909964842891671,0.8803418803418804,0.8540630182421227,0.8059101131974515
3194,0.9783333333333334,0.9195144597685532,0.8455284552845529,0.9369369369369369,0.9195144597685532,0.8991493627774115,0.888888888888889,0.8623548922056385,0.7483448195414085
3195,0.9791666666666666,0.9307810766129945,0.8699186991869918,0.9224137931034483,0.9307810766129946,0.9028329128118868,0.8953974895397491,0.8799342105263158,0.7195638385413665
3196,0.9808333333333333,0.9389111579138076,0.8861788617886179,0.923728813559322,0.9389111579138076,0.9107871710073033,0.9045643153526971,0.8934426229508198,0.6619992112165155
3197,0.975,0.9140566614579795,0.8373983739837398,0.911504424778761,0.9140566614579795,0.8827847327145837,0.8728813559322035,0.8512396694214875,0.8634760731846863
3198,0.9766666666666667,0.9185859546617751,0.8455284552845529,0.9203539823008849,0.9185859546617752,0.8908578854593857,0.8813559322033898,0.8595041322314051,0.8059107795286433
3199,0.9833333333333333,0.951106279865027,0.9105691056910569,0.9256198347107438,0.9511062798650272,0.9226778035342337,0.9180327868852458,0.9135399673735728,0.5756522702292388
3200,0.9783333333333334,0.9267160359625881,0.8617886178861789,0.9217391304347826,0.9267160359625881,0.8988472074938141,0.8907563025210083,0.8731466227347612,0.7483461522037921
3201,0.9808333333333333,0.9353103698167902,0.8780487804878049,0.9310344827586207,0.93531036981679,0.9107916316232127,0.903765690376569,0.8881578947368419,0.6619985448853236
3202,0.9783333333333334,0.9195144597685532,0.8455284552845529,0.9369369369369369,0.9195144597685532,0.8991493627774115,0.888888888888889,0.8623548922056385,0.7483448195414085
3203,0.9791666666666666,0.9307810766129945,0.8699186991869918,0.9224137931034483,0.9307810766129946,0.9028329128118868,0.8953974895397491,0.8799342105263158,0.7195638385413665
3204,0.98,0.9312453291663836,0.8699186991869918,0.9304347826086956,0.9312453291663836,0.9068434075645104,0.8991596638655462,0.8813838550247116,0.6907808585477492
3205,0.9783333333333334,0.9303168240596055,0.8699186991869918,0.9145299145299145,0.9303168240596055,0.8988909735251197,0.8916666666666666,0.8784893267651888,0.7483468185349841
3206,0.9758333333333333,0.9217224902054034,0.8536585365853658,0.9051724137931034,0.9217224902054034,0.8869154751892346,0.8786610878661086,0.8634868421052632,0.8346944258534525
3207,0.98,0.9312453291663836,0.8699186991869918,0.9304347826086956,0.9312453291663836,0.9068434075645104,0.8991596638655462,0.8813838550247116,0.6907808585477492
3208,0.9783333333333334,0.9303168240596055,0.8699186991869918,0.9145299145299145,0.9303168240596055,0.8988909735251197,0.8916666666666666,0.8784893267651888,0.748346818534984
3209,0.9783333333333334,0.9195144597685532,0.8455284552845529,0.9369369369369369,0.9195144597685532,0.8991493627774115,0.888888888888889,0.8623548922056385,0.7483448195414085
3210,0.9816666666666667,0.9393754104671966,0.8861788617886179,0.9316239316239316,0.9393754104671966,0.9147347300396081,0.9083333333333333,0.8949096880131364,0.633216231222898
3211,0.9783333333333334,0.9195144597685532,0.8455284552845529,0.9369369369369369,0.9195144597685532,0.8991493627774115,0.888888888888889,0.8623548922056385,0.7483448195414085
3212,0.9783333333333334,0.9231152478655706,0.8536585365853658,0.9292035398230089,0.9231152478655705,0.8989310382041873,0.8898305084745762,0.8677685950413223,0.7483454858726003
3213,0.9791666666666666,0.9235795004189595,0.8536585365853658,0.9375,0.9235795004189595,0.9030792682926829,0.8936170212765958,0.869205298013245,0.719562505878983
3214,0.9775,0.9190502072151641,0.8455284552845529,0.9285714285714286,0.9190502072151642,0.8949666085946575,0.8851063829787236,0.8609271523178809,0.7771277995350259
3215,0.9825,0.9434404511176031,0.8943089430894309,0.9322033898305084,0.9434404511176032,0.9186728331266363,0.9128630705394191,0.9016393442622951,0.6044339175604725
3216,0.9766666666666667,0.9149851665647576,0.8373983739837398,0.9279279279279279,0.9149851665647576,0.8909964842891671,0.8803418803418804,0.8540630182421227,0.8059101131974514
3217,0.9783333333333334,0.9267160359625881,0.8617886178861789,0.9217391304347826,0.9267160359625881,0.8988472074938141,0.8907563025210083,0.8731466227347612,0.7483461522037922
3218,0.9791666666666666,0.9235795004189595,0.8536585365853658,0.9375,0.9235795004189595,0.9030792682926829,0.8936170212765958,0.869205298013245,0.719562505878983
3219,0.9808333333333333,0.9353103698167902,0.8780487804878049,0.9310344827586207,0.93531036981679,0.9107916316232127,0.903765690376569,0.8881578947368419,0.6619985448853236
3220,0.98,0.9312453291663836,0.8699186991869918,0.9304347826086956,0.9312453291663836,0.9068434075645104,0.8991596638655462,0.8813838550247116,0.6907808585477492
3221,0.98,0.9312453291663836,0.8699186991869918,0.9304347826086956,0.9312453291663836,0.9068434075645104,0.8991596638655462,0.8813838550247116,0.6907808585477492
3222,0.9741666666666666,0.9099916208075729,0.8292682926829268,0.9107142857142857,0.9099916208075729,0.8787412891986063,0.8680851063829788,0.8443708609271523,0.8922583868471118
3223,0.9766666666666667,0.9221867427587924,0.8536585365853658,0.9130434782608695,0.9221867427587924,0.8908510074231177,0.8823529411764706,0.8649093904448104,0.805911445859835
3224,0.9775,0.926251783409199,0.8617886178861789,0.9137931034482759,0.926251783409199,0.8948741940005607,0.887029288702929,0.8717105263157895,0.7771291321974095
3225,0.98,0.9312453291663836,0.8699186991869918,0.9304347826086956,0.9312453291663836,0.9068434075645104,0.8991596638655462,0.8813838550247116,0.6907808585477492
3226,0.9791666666666666,0.9307810766129945,0.8699186991869918,0.9224137931034483,0.9307810766129946,0.9028329128118868,0.8953974895397491,0.8799342105263158,0.7195638385413665
3227,0.98,0.9312453291663836,0.8699186991869918,0.9304347826086956,0.9312453291663836,0.9068434075645104,0.8991596638655462,0.8813838550247116,0.6907808585477492
3228,0.9775,0.926251783409199,0.8617886178861789,0.9137931034482759,0.926251783409199,0.8948741940005607,0.887029288702929,0.8717105263157895,0.7771291321974096
3229,0.9783333333333334,0.9267160359625881,0.8617886178861789,0.9217391304347826,0.9267160359625881,0.8988472074938141,0.8907563025210083,0.8731466227347612,0.7483461522037921
3230,0.9766666666666667,0.9149851665647576,0.8373983739837398,0.9279279279279279,0.9149851665647576,0.8909964842891671,0.8803418803418804,0.8540630182421227,0.8059101131974514
3231,0.9783333333333334,0.9267160359625881,0.8617886178861789,0.9217391304347826,0.9267160359625881,0.8988472074938141,0.8907563025210083,0.8731466227347612,0.7483461522037922
3232,0.9791666666666666,0.934381864710012,0.8780487804878049,0.9152542372881356,0.934381864710012,0.9029015088879703,0.896265560165975,0.8852459016393444,0.7195645048725585
3233,0.98,0.934846117263401,0.8780487804878049,0.9230769230769231,0.934846117263401,0.906812851782364,0.9,0.8866995073891627,0.6907815248789411
3234,0.9783333333333334,0.9231152478655706,0.8536585365853658,0.9292035398230089,0.9231152478655705,0.8989310382041873,0.8898305084745762,0.8677685950413223,0.7483454858726003
3235,0.9775,0.9226509953121815,0.8536585365853658,0.9210526315789473,0.9226509953121815,0.8948555840821566,0.8860759493670887,0.8663366336633662,0.7771284658662176
3236,0.98,0.934846117263401,0.8780487804878049,0.9230769230769231,0.934846117263401,0.906812851782364,0.9,0.8866995073891627,0.6907815248789411
3237,0.9783333333333334,0.9231152478655706,0.8536585365853658,0.9292035398230089,0.9231152478655705,0.8989310382041873,0.8898305084745762,0.8677685950413223,0.7483454858726003
3238,0.9758333333333333,0.9181217021083861,0.8455284552845529,0.9122807017543859,0.9181217021083861,0.886821245186136,0.8776371308016878,0.8580858085808581,0.8346937595222608
3239,0.9783333333333334,0.9195144597685532,0.8455284552845529,0.9369369369369369,0.9195144597685532,0.8991493627774115,0.888888888888889,0.8623548922056385,0.7483448195414085
3240,0.9808333333333333,0.9353103698167902,0.8780487804878049,0.9310344827586207,0.93531036981679,0.9107916316232127,0.903765690376569,0.8881578947368419,0.6619985448853236
3241,0.9766666666666667,0.9149851665647576,0.8373983739837398,0.9279279279279279,0.9149851665647576,0.8909964842891671,0.8803418803418804,0.8540630182421227,0.8059101131974515
3242,0.9783333333333334,0.9195144597685532,0.8455284552845529,0.9369369369369369,0.9195144597685532,0.8991493627774115,0.888888888888889,0.8623548922056385,0.7483448195414085
3243,0.98,0.9276445410693661,0.8617886178861789,0.9380530973451328,0.927644541069366,0.9070041909489892,0.8983050847457628,0.8760330578512395,0.6907801922165574
3244,0.9783333333333334,0.9231152478655706,0.8536585365853658,0.9292035398230089,0.9231152478655705,0.8989310382041873,0.8898305084745762,0.8677685950413223,0.7483454858726003
3245,0.9816666666666667,0.935774622370179,0.8780487804878049,0.9391304347826087,0.9357746223701789,0.9148396076352068,0.907563025210084,0.8896210873146623,0.6332155648917063
3246,0.9775,0.9226509953121815,0.8536585365853658,0.9210526315789473,0.9226509953121815,0.8948555840821566,0.8860759493670887,0.8663366336633662,0.7771284658662179
3247,0.9783333333333334,0.9267160359625881,0.8617886178861789,0.9217391304347826,0.9267160359625881,0.8988472074938141,0.8907563025210083,0.8731466227347612,0.7483461522037923
3248,0.9825,0.9398396630205856,0.8861788617886179,0.9396551724137931,0.9398396630205856,0.9187503504345389,0.9121338912133892,0.8963815789473685,0.6044332512292807
3249,0.9783333333333334,0.9303168240596055,0.8699186991869918,0.9145299145299145,0.9303168240596055,0.8988909735251197,0.8916666666666666,0.8784893267651888,0.7483468185349841
3250,0.9783333333333334,0.9303168240596055,0.8699186991869918,0.9145299145299145,0.9303168240596055,0.8988909735251197,0.8916666666666666,0.8784893267651888,0.7483468185349839
3251,0.98,0.9312453291663836,0.8699186991869918,0.9304347826086956,0.9312453291663836,0.9068434075645104,0.8991596638655462,0.8813838550247116,0.6907808585477492
3252,0.9791666666666666,0.934381864710012,0.8780487804878049,0.9152542372881356,0.934381864710012,0.9029015088879703,0.896265560165975,0.8852459016393444,0.7195645048725584
3253,0.9783333333333334,0.9267160359625881,0.8617886178861789,0.9217391304347826,0.9267160359625881,0.8988472074938141,0.8907563025210083,0.8731466227347612,0.7483461522037921
3254,0.9783333333333334,0.9231152478655706,0.8536585365853658,0.9292035398230089,0.9231152478655705,0.8989310382041873,0.8898305084745762,0.8677685950413223,0.7483454858726003
3255,0.9791666666666666,0.9271802885159771,0.8617886178861789,0.9298245614035088,0.9271802885159771,0.9028899229781772,0.8945147679324894,0.8745874587458744,0.7195631722101747
3256,0.9758333333333333,0.9073193378173336,0.8211382113821138,0.9351851851851852,0.9073193378173335,0.8873283649503162,0.8744588744588745,0.8416666666666668,0.8346917605286851
3257,0.9808333333333333,0.9317095817197726,0.8699186991869918,0.9385964912280702,0.9317095817197726,0.9109242618741977,0.9029535864978903,0.8828382838283828,0.6619978785541318
3258,0.9791666666666666,0.9307810766129945,0.8699186991869918,0.9224137931034483,0.9307810766129946,0.9028329128118868,0.8953974895397491,0.8799342105263158,0.7195638385413665
3259,0.9783333333333334,0.9267160359625881,0.8617886178861789,0.9217391304347826,0.9267160359625881,0.8988472074938141,0.8907563025210083,0.8731466227347612,0.7483461522037922
3260,0.9791666666666666,0.9271802885159771,0.8617886178861789,0.9298245614035088,0.9271802885159771,0.9028899229781772,0.8945147679324894,0.8745874587458744,0.7195631722101747
3261,0.9816666666666667,0.9393754104671966,0.8861788617886179,0.9316239316239316,0.9393754104671966,0.9147347300396081,0.9083333333333333,0.8949096880131364,0.633216231222898
3262,0.9783333333333334,0.9231152478655706,0.8536585365853658,0.9292035398230089,0.9231152478655705,0.8989310382041873,0.8898305084745762,0.8677685950413223,0.7483454858726004
3263,0.9775,0.9190502072151641,0.8455284552845529,0.9285714285714286,0.9190502072151642,0.8949666085946575,0.8851063829787236,0.8609271523178809,0.7771277995350259
3264,0.9783333333333334,0.9303168240596055,0.8699186991869918,0.9145299145299145,0.9303168240596055,0.8988909735251197,0.8916666666666666,0.8784893267651888,0.748346818534984
3265,0.9783333333333334,0.9303168240596055,0.8699186991869918,0.9145299145299145,0.9303168240596055,0.8988909735251197,0.8916666666666666,0.8784893267651888,0.748346818534984
3266,0.9775,0.926251783409199,0.8617886178861789,0.9137931034482759,0.926251783409199,0.8948741940005607,0.887029288702929,0.8717105263157895,0.7771291321974095
3267,0.9791666666666666,0.9235795004189595,0.8536585365853658,0.9375,0.9235795004189595,0.9030792682926829,0.8936170212765958,0.869205298013245,0.7195625058789828
3268,0.9758333333333333,0.9109201259143511,0.8292682926829268,0.9272727272727272,0.910920125914351,0.887020509977827,0.8755364806866953,0.8471760797342193,0.834692426859877
3269,0.9783333333333334,0.9267160359625881,0.8617886178861789,0.9217391304347826,0.9267160359625881,0.8988472074938141,0.8907563025210083,0.8731466227347612,0.7483461522037921
3270,0.98,0.9240437529723486,0.8536585365853658,0.9459459459459459,0.9240437529723486,0.907302241265656,0.8974358974358975,0.8706467661691542,0.6907795258853656
3271,0.9808333333333333,0.9389111579138076,0.8861788617886179,0.923728813559322,0.9389111579138076,0.9107871710073033,0.9045643153526971,0.8934426229508198,0.6619992112165155
3272,0.9741666666666666,0.9063908327105555,0.8211382113821138,0.9181818181818182,0.9063908327105556,0.8788266814486327,0.8669527896995709,0.8388704318936877,0.89225772051592
3273,0.9791666666666666,0.9307810766129945,0.8699186991869918,0.9224137931034483,0.9307810766129946,0.9028329128118868,0.8953974895397491,0.8799342105263158,0.7195638385413665
3274,0.9791666666666666,0.9271802885159771,0.8617886178861789,0.9298245614035088,0.9271802885159771,0.9028899229781772,0.8945147679324894,0.8745874587458744,0.7195631722101747
3275,0.9808333333333333,0.9353103698167902,0.8780487804878049,0.9310344827586207,0.93531036981679,0.9107916316232127,0.903765690376569,0.8881578947368419,0.6619985448853236
3276,0.98,0.9312453291663836,0.8699186991869918,0.9304347826086956,0.9312453291663836,0.9068434075645104,0.8991596638655462,0.8813838550247116,0.6907808585477492
3277,0.9791666666666666,0.9199787123219422,0.8455284552845529,0.9454545454545454,0.9199787123219422,0.9034081670362158,0.8927038626609443,0.8637873754152826,0.7195618395477912
3278,0.9775,0.9226509953121815,0.8536585365853658,0.9210526315789473,0.9226509953121815,0.8948555840821566,0.8860759493670887,0.8663366336633662,0.7771284658662176
3279,0.9775,0.926251783409199,0.8617886178861789,0.9137931034482759,0.926251783409199,0.8948741940005607,0.887029288702929,0.8717105263157895,0.7771291321974096
3280,0.9791666666666666,0.9271802885159771,0.8617886178861789,0.9298245614035088,0.9271802885159771,0.9028899229781772,0.8945147679324894,0.8745874587458744,0.7195631722101747
3281,0.9808333333333333,0.9317095817197726,0.8699186991869918,0.9385964912280702,0.9317095817197726,0.9109242618741977,0.9029535864978903,0.8828382838283828,0.6619978785541317
3282,0.9783333333333334,0.9267160359625881,0.8617886178861789,0.9217391304347826,0.9267160359625881,0.8988472074938141,0.8907563025210083,0.8731466227347612,0.7483461522037921
3283,0.9783333333333334,0.9303168240596055,0.8699186991869918,0.9145299145299145,0.9303168240596055,0.8988909735251197,0.8916666666666666,0.8784893267651888,0.7483468185349839
3284,0.9741666666666666,0.9063908327105555,0.8211382113821138,0.9181818181818182,0.9063908327105556,0.8788266814486327,0.8669527896995709,0.8388704318936877,0.89225772051592
3285,0.9783333333333334,0.9195144597685532,0.8455284552845529,0.9369369369369369,0.9195144597685532,0.8991493627774115,0.888888888888889,0.8623548922056385,0.7483448195414085
3286,0.9783333333333334,0.9303168240596055,0.8699186991869918,0.9145299145299145,0.9303168240596055,0.8988909735251197,0.8916666666666666,0.8784893267651888,0.748346818534984
3287,0.9808333333333333,0.9317095817197726,0.8699186991869918,0.9385964912280702,0.9317095817197726,0.9109242618741977,0.9029535864978903,0.8828382838283828,0.6619978785541317
3288,0.9783333333333334,0.9195144597685532,0.8455284552845529,0.9369369369369369,0.9195144597685532,0.8991493627774115,0.888888888888889,0.8623548922056385,0.7483448195414085
3289,0.9791666666666666,0.934381864710012,0.8780487804878049,0.9152542372881356,0.934381864710012,0.9029015088879703,0.896265560165975,0.8852459016393444,0.7195645048725584
3290,0.9783333333333334,0.9267160359625881,0.8617886178861789,0.9217391304347826,0.9267160359625881,0.8988472074938141,0.8907563025210083,0.8731466227347612,0.7483461522037922
3291,0.9783333333333334,0.9267160359625881,0.8617886178861789,0.9217391304347826,0.9267160359625881,0.8988472074938141,0.8907563025210083,0.8731466227347612,0.7483461522037922
3292,0.98,0.9384469053604185,0.8861788617886179,0.9159663865546218,0.9384469053604185,0.9069059575049532,0.9008264462809917,0.8919803600654663,0.690782191210133
3293,0.9825,0.9398396630205856,0.8861788617886179,0.9396551724137931,0.9398396630205856,0.9187503504345389,0.9121338912133892,0.8963815789473685,0.6044332512292806
3294,0.9783333333333334,0.9231152478655706,0.8536585365853658,0.9292035398230089,0.9231152478655705,0.8989310382041873,0.8898305084745762,0.8677685950413223,0.7483454858726005
3295,0.9816666666666667,0.9393754104671966,0.8861788617886179,0.9316239316239316,0.9393754104671966,0.9147347300396081,0.9083333333333333,0.8949096880131364,0.6332162312228982
3296,0.9775,0.9226509953121815,0.8536585365853658,0.9210526315789473,0.9226509953121815,0.8948555840821566,0.8860759493670887,0.8663366336633662,0.7771284658662176
3297,0.9825,0.9434404511176031,0.8943089430894309,0.9322033898305084,0.9434404511176032,0.9186728331266363,0.9128630705394191,0.9016393442622951,0.6044339175604726
3298,0.9766666666666667,0.9149851665647576,0.8373983739837398,0.9279279279279279,0.9149851665647576,0.8909964842891671,0.8803418803418804,0.8540630182421227,0.8059101131974514
3299,0.9825,0.9398396630205856,0.8861788617886179,0.9396551724137931,0.9398396630205856,0.9187503504345389,0.9121338912133892,0.8963815789473685,0.6044332512292806
3300,0.9783333333333334,0.9303168240596055,0.8699186991869918,0.9145299145299145,0.9303168240596055,0.8988909735251197,0.8916666666666666,0.8784893267651888,0.7483468185349841
3301,0.9766666666666667,0.9185859546617751,0.8455284552845529,0.9203539823008849,0.9185859546617752,0.8908578854593857,0.8813559322033898,0.8595041322314051,0.8059107795286433
3302,0.98,0.9312453291663836,0.8699186991869918,0.9304347826086956,0.9312453291663836,0.9068434075645104,0.8991596638655462,0.8813838550247116,0.6907808585477492
3303,0.9766666666666667,0.91138437846774,0.8292682926829268,0.9357798165137615,0.91138437846774,0.8912740545983442,0.8793103448275862,0.8485856905158069,0.8059094468662596
3304,0.9791666666666666,0.9271802885159771,0.8617886178861789,0.9298245614035088,0.9271802885159771,0.9028899229781772,0.8945147679324894,0.8745874587458744,0.7195631722101747
3305,0.9791666666666666,0.9271802885159771,0.8617886178861789,0.9298245614035088,0.9271802885159771,0.9028899229781772,0.8945147679324894,0.8745874587458744,0.7195631722101747
3306,0.9775,0.9226509953121815,0.8536585365853658,0.9210526315789473,0.9226509953121815,0.8948555840821566,0.8860759493670887,0.8663366336633662,0.7771284658662176
3307,0.9791666666666666,0.9271802885159771,0.8617886178861789,0.9298245614035088,0.9271802885159771,0.9028899229781772,0.8945147679324894,0.8745874587458744,0.7195631722101747
3308,0.9825,0.9398396630205856,0.8861788617886179,0.9396551724137931,0.9398396630205856,0.9187503504345389,0.9121338912133892,0.8963815789473685,0.6044332512292807
3309,0.9783333333333334,0.9267160359625881,0.8617886178861789,0.9217391304347826,0.9267160359625881,0.8988472074938141,0.8907563025210083,0.8731466227347612,0.7483461522037922
3310,0.9791666666666666,0.9307810766129945,0.8699186991869918,0.9224137931034483,0.9307810766129946,0.9028329128118868,0.8953974895397491,0.8799342105263158,0.7195638385413665
3311,0.9758333333333333,0.9145209140113686,0.8373983739837398,0.9196428571428571,0.9145209140113686,0.8868539488966318,0.876595744680851,0.8526490066225165,0.8346930931910689
3312,0.98,0.9312453291663836,0.8699186991869918,0.9304347826086956,0.9312453291663836,0.9068434075645104,0.8991596638655462,0.8813838550247116,0.6907808585477492
3313,0.9791666666666666,0.934381864710012,0.8780487804878049,0.9152542372881356,0.934381864710012,0.9029015088879703,0.896265560165975,0.8852459016393444,0.7195645048725584
3314,0.9816666666666667,0.9393754104671966,0.8861788617886179,0.9316239316239316,0.9393754104671966,0.9147347300396081,0.9083333333333333,0.8949096880131364,0.6332162312228982
3315,0.9825,0.9434404511176031,0.8943089430894309,0.9322033898305084,0.9434404511176032,0.9186728331266363,0.9128630705394191,0.9016393442622951,0.6044339175604725
3316,0.9783333333333334,0.9195144597685532,0.8455284552845529,0.9369369369369369,0.9195144597685532,0.8991493627774115,0.888888888888889,0.8623548922056385,0.7483448195414085
3317,0.9808333333333333,0.9317095817197726,0.8699186991869918,0.9385964912280702,0.9317095817197726,0.9109242618741977,0.9029535864978903,0.8828382838283828,0.6619978785541318
3318,0.9791666666666666,0.9235795004189595,0.8536585365853658,0.9375,0.9235795004189595,0.9030792682926829,0.8936170212765958,0.869205298013245,0.719562505878983
3319,0.9766666666666667,0.9185859546617751,0.8455284552845529,0.9203539823008849,0.9185859546617752,0.8908578854593857,0.8813559322033898,0.8595041322314051,0.8059107795286434
3320,0.9775,0.926251783409199,0.8617886178861789,0.9137931034482759,0.926251783409199,0.8948741940005607,0.887029288702929,0.8717105263157895,0.7771291321974096
3321,0.9775,0.9226509953121815,0.8536585365853658,0.9210526315789473,0.9226509953121815,0.8948555840821566,0.8860759493670887,0.8663366336633662,0.7771284658662178
3322,0.9775,0.9190502072151641,0.8455284552845529,0.9285714285714286,0.9190502072151642,0.8949666085946575,0.8851063829787236,0.8609271523178809,0.7771277995350259
3323,0.9791666666666666,0.934381864710012,0.8780487804878049,0.9152542372881356,0.934381864710012,0.9029015088879703,0.896265560165975,0.8852459016393444,0.7195645048725584
3324,0.9741666666666666,0.9099916208075729,0.8292682926829268,0.9107142857142857,0.9099916208075729,0.8787412891986063,0.8680851063829788,0.8443708609271523,0.8922583868471118
3325,0.9791666666666666,0.9235795004189595,0.8536585365853658,0.9375,0.9235795004189595,0.9030792682926829,0.8936170212765958,0.869205298013245,0.719562505878983
3326,0.9775,0.9190502072151641,0.8455284552845529,0.9285714285714286,0.9190502072151642,0.8949666085946575,0.8851063829787236,0.8609271523178809,0.7771277995350259
3327,0.9775,0.9226509953121815,0.8536585365853658,0.9210526315789473,0.9226509953121815,0.8948555840821566,0.8860759493670887,0.8663366336633662,0.7771284658662176
3328,0.98,0.9384469053604185,0.8861788617886179,0.9159663865546218,0.9384469053604185,0.9069059575049532,0.9008264462809917,0.8919803600654663,0.690782191210133
3329,0.9783333333333334,0.9267160359625881,0.8617886178861789,0.9217391304347826,0.9267160359625881,0.8988472074938141,0.8907563025210083,0.8731466227347612,0.7483461522037922
3330,0.9775,0.9226509953121815,0.8536585365853658,0.9210526315789473,0.9226509953121815,0.8948555840821566,0.8860759493670887,0.8663366336633662,0.7771284658662178
3331,0.9766666666666667,0.9221867427587924,0.8536585365853658,0.9130434782608695,0.9221867427587924,0.8908510074231177,0.8823529411764706,0.8649093904448104,0.8059114458598351
3332,0.9783333333333334,0.9231152478655706,0.8536585365853658,0.9292035398230089,0.9231152478655705,0.8989310382041873,0.8898305084745762,0.8677685950413223,0.7483454858726003
3333,0.9783333333333334,0.9267160359625881,0.8617886178861789,0.9217391304347826,0.9267160359625881,0.8988472074938141,0.8907563025210083,0.8731466227347612,0.7483461522037922
3334,0.9758333333333333,0.9145209140113686,0.8373983739837398,0.9196428571428571,0.9145209140113686,0.8868539488966318,0.876595744680851,0.8526490066225165,0.8346930931910689
3335,0.9783333333333334,0.9231152478655706,0.8536585365853658,0.9292035398230089,0.9231152478655705,0.8989310382041873,0.8898305084745762,0.8677685950413223,0.7483454858726003
3336,0.9775,0.926251783409199,0.8617886178861789,0.9137931034482759,0.926251783409199,0.8948741940005607,0.887029288702929,0.8717105263157895,0.7771291321974096
3337,0.9775,0.9226509953121815,0.8536585365853658,0.9210526315789473,0.9226509953121815,0.8948555840821566,0.8860759493670887,0.8663366336633662,0.7771284658662176
3338,0.9808333333333333,0.9389111579138076,0.8861788617886179,0.923728813559322,0.9389111579138076,0.9107871710073033,0.9045643153526971,0.8934426229508198,0.6619992112165155
3339,0.9825,0.9398396630205856,0.8861788617886179,0.9396551724137931,0.9398396630205856,0.9187503504345389,0.9121338912133892,0.8963815789473685,0.6044332512292806
3340,0.98,0.9312453291663836,0.8699186991869918,0.9304347826086956,0.9312453291663836,0.9068434075645104,0.8991596638655462,0.8813838550247116,0.6907808585477492
3341,0.98,0.9240437529723486,0.8536585365853658,0.9459459459459459,0.9240437529723486,0.907302241265656,0.8974358974358975,0.8706467661691542,0.6907795258853656
3342,0.9783333333333334,0.9303168240596055,0.8699186991869918,0.9145299145299145,0.9303168240596055,0.8988909735251197,0.8916666666666666,0.8784893267651888,0.7483468185349841
3343,0.9791666666666666,0.9307810766129945,0.8699186991869918,0.9224137931034483,0.9307810766129946,0.9028329128118868,0.8953974895397491,0.8799342105263158,0.7195638385413665
3344,0.9766666666666667,0.9185859546617751,0.8455284552845529,0.9203539823008849,0.9185859546617752,0.8908578854593857,0.8813559322033898,0.8595041322314051,0.8059107795286433
3345,0.9783333333333334,0.9267160359625881,0.8617886178861789,0.9217391304347826,0.9267160359625881,0.8988472074938141,0.8907563025210083,0.8731466227347612,0.7483461522037921
3346,0.9758333333333333,0.9109201259143511,0.8292682926829268,0.9272727272727272,0.910920125914351,0.887020509977827,0.8755364806866953,0.8471760797342193,0.834692426859877
3347,0.9758333333333333,0.9181217021083861,0.8455284552845529,0.9122807017543859,0.9181217021083861,0.886821245186136,0.8776371308016878,0.8580858085808581,0.8346937595222608
3348,0.9766666666666667,0.9185859546617751,0.8455284552845529,0.9203539823008849,0.9185859546617752,0.8908578854593857,0.8813559322033898,0.8595041322314051,0.8059107795286434
3349,0.9825,0.9434404511176031,0.8943089430894309,0.9322033898305084,0.9434404511176032,0.9186728331266363,0.9128630705394191,0.9016393442622951,0.6044339175604724
3350,0.9791666666666666,0.9307810766129945,0.8699186991869918,0.9224137931034483,0.9307810766129946,0.9028329128118868,0.8953974895397491,0.8799342105263158,0.7195638385413665
3351,0.9741666666666666,0.9063908327105555,0.8211382113821138,0.9181818181818182,0.9063908327105556,0.8788266814486327,0.8669527896995709,0.8388704318936877,0.89225772051592
3352,0.98,0.9276445410693661,0.8617886178861789,0.9380530973451328,0.927644541069366,0.9070041909489892,0.8983050847457628,0.8760330578512395,0.6907801922165573
3353,0.9766666666666667,0.91138437846774,0.8292682926829268,0.9357798165137615,0.91138437846774,0.8912740545983442,0.8793103448275862,0.8485856905158069,0.8059094468662596
3354,0.9808333333333333,0.942511946010825,0.8943089430894309,0.9166666666666666,0.942511946010825,0.9109044715447153,0.9053497942386831,0.8986928104575165,0.6619998775477073
3355,0.9766666666666667,0.91138437846774,0.8292682926829268,0.9357798165137615,0.91138437846774,0.8912740545983442,0.8793103448275862,0.8485856905158069,0.8059094468662596
3356,0.9808333333333333,0.9353103698167902,0.8780487804878049,0.9310344827586207,0.93531036981679,0.9107916316232127,0.903765690376569,0.8881578947368419,0.6619985448853236
3357,0.9775,0.9190502072151641,0.8455284552845529,0.9285714285714286,0.9190502072151642,0.8949666085946575,0.8851063829787236,0.8609271523178809,0.7771277995350259
3358,0.9775,0.9226509953121815,0.8536585365853658,0.9210526315789473,0.9226509953121815,0.8948555840821566,0.8860759493670887,0.8663366336633662,0.7771284658662179
3359,0.9758333333333333,0.9145209140113686,0.8373983739837398,0.9196428571428571,0.9145209140113686,0.8868539488966318,0.876595744680851,0.8526490066225165,0.8346930931910689
3360,0.9758333333333333,0.9109201259143511,0.8292682926829268,0.9272727272727272,0.910920125914351,0.887020509977827,0.8755364806866953,0.8471760797342193,0.834692426859877
3361,0.9775,0.9154494191181466,0.8373983739837398,0.9363636363636364,0.9154494191181466,0.8952143385070215,0.8841201716738197,0.8554817275747508,0.7771271332038341
3362,0.9783333333333334,0.9195144597685532,0.8455284552845529,0.9369369369369369,0.9195144597685532,0.8991493627774115,0.888888888888889,0.8623548922056385,0.7483448195414085
3363,0.98,0.9276445410693661,0.8617886178861789,0.9380530973451328,0.927644541069366,0.9070041909489892,0.8983050847457628,0.8760330578512395,0.6907801922165574
3364,0.9775,0.9226509953121815,0.8536585365853658,0.9210526315789473,0.9226509953121815,0.8948555840821566,0.8860759493670887,0.8663366336633662,0.7771284658662178
3365,0.9808333333333333,0.9353103698167902,0.8780487804878049,0.9310344827586207,0.93531036981679,0.9107916316232127,0.903765690376569,0.8881578947368419,0.6619985448853236
3366,0.9783333333333334,0.9231152478655706,0.8536585365853658,0.9292035398230089,0.9231152478655705,0.8989310382041873,0.8898305084745762,0.8677685950413223,0.7483454858726003
3367,0.9791666666666666,0.934381864710012,0.8780487804878049,0.9152542372881356,0.934381864710012,0.9029015088879703,0.896265560165975,0.8852459016393444,0.7195645048725584
3368,0.9816666666666667,0.9393754104671966,0.8861788617886179,0.9316239316239316,0.9393754104671966,0.9147347300396081,0.9083333333333333,0.8949096880131364,0.633216231222898
3369,0.98,0.9276445410693661,0.8617886178861789,0.9380530973451328,0.927644541069366,0.9070041909489892,0.8983050847457628,0.8760330578512395,0.6907801922165574
3370,0.9775,0.9226509953121815,0.8536585365853658,0.9210526315789473,0.9226509953121815,0.8948555840821566,0.8860759493670887,0.8663366336633662,0.7771284658662178
3371,0.9783333333333334,0.9195144597685532,0.8455284552845529,0.9369369369369369,0.9195144597685532,0.8991493627774115,0.888888888888889,0.8623548922056385,0.7483448195414085
3372,0.9783333333333334,0.9231152478655706,0.8536585365853658,0.9292035398230089,0.9231152478655705,0.8989310382041873,0.8898305084745762,0.8677685950413223,0.7483454858726003
3373,0.9758333333333333,0.9145209140113686,0.8373983739837398,0.9196428571428571,0.9145209140113686,0.8868539488966318,0.876595744680851,0.8526490066225165,0.8346930931910689
3374,0.98,0.934846117263401,0.8780487804878049,0.9230769230769231,0.934846117263401,0.906812851782364,0.9,0.8866995073891627,0.6907815248789411
3375,0.9783333333333334,0.9195144597685532,0.8455284552845529,0.9369369369369369,0.9195144597685532,0.8991493627774115,0.888888888888889,0.8623548922056385,0.7483448195414085
3376,0.9775,0.9190502072151641,0.8455284552845529,0.9285714285714286,0.9190502072151642,0.8949666085946575,0.8851063829787236,0.8609271523178809,0.7771277995350259
3377,0.9758333333333333,0.9145209140113686,0.8373983739837398,0.9196428571428571,0.9145209140113686,0.8868539488966318,0.876595744680851,0.8526490066225165,0.8346930931910689
3378,0.975,0.910455873360962,0.8292682926829268,0.918918918918919,0.910455873360962,0.8828436058009229,0.8717948717948718,0.8457711442786069,0.8634754068534944
3379,0.98,0.9276445410693661,0.8617886178861789,0.9380530973451328,0.927644541069366,0.9070041909489892,0.8983050847457628,0.8760330578512395,0.6907801922165574
3380,0.9808333333333333,0.9389111579138076,0.8861788617886179,0.923728813559322,0.9389111579138076,0.9107871710073033,0.9045643153526971,0.8934426229508198,0.6619992112165155
3381,0.9808333333333333,0.9281087936227552,0.8617886178861789,0.9464285714285714,0.9281087936227551,0.9111919279907085,0.902127659574468,0.8774834437086091,0.66199721222294
3382,0.98,0.9312453291663836,0.8699186991869918,0.9304347826086956,0.9312453291663836,0.9068434075645104,0.8991596638655462,0.8813838550247116,0.6907808585477492
3383,0.98,0.9276445410693661,0.8617886178861789,0.9380530973451328,0.927644541069366,0.9070041909489892,0.8983050847457628,0.8760330578512395,0.6907801922165574
3384,0.9791666666666666,0.9235795004189595,0.8536585365853658,0.9375,0.9235795004189595,0.9030792682926829,0.8936170212765958,0.869205298013245,0.719562505878983
3385,0.9766666666666667,0.9221867427587924,0.8536585365853658,0.9130434782608695,0.9221867427587924,0.8908510074231177,0.8823529411764706,0.8649093904448104,0.8059114458598352
3386,0.9766666666666667,0.9149851665647576,0.8373983739837398,0.9279279279279279,0.9149851665647576,0.8909964842891671,0.8803418803418804,0.8540630182421227,0.8059101131974514
3387,0.9758333333333333,0.9109201259143511,0.8292682926829268,0.9272727272727272,0.910920125914351,0.887020509977827,0.8755364806866953,0.8471760797342193,0.834692426859877
3388,0.9791666666666666,0.9235795004189595,0.8536585365853658,0.9375,0.9235795004189595,0.9030792682926829,0.8936170212765958,0.869205298013245,0.719562505878983
3389,0.9808333333333333,0.9317095817197726,0.8699186991869918,0.9385964912280702,0.9317095817197726,0.9109242618741977,0.9029535864978903,0.8828382838283828,0.6619978785541318
3390,0.9791666666666666,0.9235795004189595,0.8536585365853658,0.9375,0.9235795004189595,0.9030792682926829,0.8936170212765958,0.869205298013245,0.719562505878983
3391,0.9791666666666666,0.9235795004189595,0.8536585365853658,0.9375,0.9235795004189595,0.9030792682926829,0.8936170212765958,0.869205298013245,0.719562505878983
3392,0.9808333333333333,0.9281087936227552,0.8617886178861789,0.9464285714285714,0.9281087936227551,0.9111919279907085,0.902127659574468,0.8774834437086091,0.6619972122229401
3393,0.9808333333333333,0.9353103698167902,0.8780487804878049,0.9310344827586207,0.93531036981679,0.9107916316232127,0.903765690376569,0.8881578947368419,0.6619985448853236
3394,0.9825,0.9470412392146206,0.9024390243902439,0.925,0.9470412392146206,0.9187195121951219,0.9135802469135802,0.9068627450980392,0.6044345838916644
3395,0.9766666666666667,0.9221867427587924,0.8536585365853658,0.9130434782608695,0.9221867427587924,0.8908510074231177,0.8823529411764706,0.8649093904448104,0.8059114458598352
3396,0.9766666666666667,0.9149851665647576,0.8373983739837398,0.9279279279279279,0.9149851665647576,0.8909964842891671,0.8803418803418804,0.8540630182421227,0.8059101131974514
3397,0.9808333333333333,0.9353103698167902,0.8780487804878049,0.9310344827586207,0.93531036981679,0.9107916316232127,0.903765690376569,0.8881578947368419,0.6619985448853236
3398,0.9791666666666666,0.9235795004189595,0.8536585365853658,0.9375,0.9235795004189595,0.9030792682926829,0.8936170212765958,0.869205298013245,0.719562505878983
3399,0.98,0.934846117263401,0.8780487804878049,0.9230769230769231,0.934846117263401,0.906812851782364,0.9,0.8866995073891627,0.6907815248789411
3400,0.98,0.9312453291663836,0.8699186991869918,0.9304347826086956,0.9312453291663836,0.9068434075645104,0.8991596638655462,0.8813838550247116,0.6907808585477492
3401,0.98,0.9384469053604185,0.8861788617886179,0.9159663865546218,0.9384469053604185,0.9069059575049532,0.9008264462809917,0.8919803600654663,0.6907821912101328
3402,0.9791666666666666,0.9271802885159771,0.8617886178861789,0.9298245614035088,0.9271802885159771,0.9028899229781772,0.8945147679324894,0.8745874587458744,0.7195631722101747
3403,0.98,0.934846117263401,0.8780487804878049,0.9230769230769231,0.934846117263401,0.906812851782364,0.9,0.8866995073891627,0.6907815248789411
3404,0.9791666666666666,0.9271802885159771,0.8617886178861789,0.9298245614035088,0.9271802885159771,0.9028899229781772,0.8945147679324894,0.8745874587458744,0.7195631722101747
3405,0.975,0.9068550852639445,0.8211382113821138,0.926605504587156,0.9068550852639446,0.8830385246513016,0.8706896551724138,0.8402662229617305,0.8634747405223024
3406,0.9741666666666666,0.9063908327105555,0.8211382113821138,0.9181818181818182,0.9063908327105556,0.8788266814486327,0.8669527896995709,0.8388704318936877,0.89225772051592
3407,0.9783333333333334,0.9267160359625881,0.8617886178861789,0.9217391304347826,0.9267160359625881,0.8988472074938141,0.8907563025210083,0.8731466227347612,0.7483461522037921
3408,0.9775,0.9154494191181466,0.8373983739837398,0.9363636363636364,0.9154494191181466,0.8952143385070215,0.8841201716738197,0.8554817275747508,0.7771271332038341
3409,0.9758333333333333,0.9145209140113686,0.8373983739837398,0.9196428571428571,0.9145209140113686,0.8868539488966318,0.876595744680851,0.8526490066225165,0.8346930931910689
3410,0.9775,0.9154494191181466,0.8373983739837398,0.9363636363636364,0.9154494191181466,0.8952143385070215,0.8841201716738197,0.8554817275747508,0.7771271332038341
3411,0.9783333333333334,0.9231152478655706,0.8536585365853658,0.9292035398230089,0.9231152478655705,0.8989310382041873,0.8898305084745762,0.8677685950413223,0.7483454858726003
3412,0.9783333333333334,0.9267160359625881,0.8617886178861789,0.9217391304347826,0.9267160359625881,0.8988472074938141,0.8907563025210083,0.8731466227347612,0.7483461522037921
3413,0.9791666666666666,0.9271802885159771,0.8617886178861789,0.9298245614035088,0.9271802885159771,0.9028899229781772,0.8945147679324894,0.8745874587458744,0.7195631722101747
3414,0.9791666666666666,0.9307810766129945,0.8699186991869918,0.9224137931034483,0.9307810766129946,0.9028329128118868,0.8953974895397491,0.8799342105263158,0.7195638385413666
3415,0.9808333333333333,0.9353103698167902,0.8780487804878049,0.9310344827586207,0.93531036981679,0.9107916316232127,0.903765690376569,0.8881578947368419,0.6619985448853236
3416,0.9758333333333333,0.9145209140113686,0.8373983739837398,0.9196428571428571,0.9145209140113686,0.8868539488966318,0.876595744680851,0.8526490066225165,0.8346930931910689
3417,0.9808333333333333,0.9317095817197726,0.8699186991869918,0.9385964912280702,0.9317095817197726,0.9109242618741977,0.9029535864978903,0.8828382838283828,0.6619978785541318
3418,0.9816666666666667,0.935774622370179,0.8780487804878049,0.9391304347826087,0.9357746223701789,0.9148396076352068,0.907563025210084,0.8896210873146623,0.6332155648917063
3419,0.9766666666666667,0.9149851665647576,0.8373983739837398,0.9279279279279279,0.9149851665647576,0.8909964842891671,0.8803418803418804,0.8540630182421227,0.8059101131974515
3420,0.98,0.934846117263401,0.8780487804878049,0.9230769230769231,0.934846117263401,0.906812851782364,0.9,0.8866995073891627,0.690781524878941
3421,0.9791666666666666,0.9271802885159771,0.8617886178861789,0.9298245614035088,0.9271802885159771,0.9028899229781772,0.8945147679324894,0.8745874587458744,0.7195631722101746
3422,0.9783333333333334,0.9231152478655706,0.8536585365853658,0.9292035398230089,0.9231152478655705,0.8989310382041873,0.8898305084745762,0.8677685950413223,0.7483454858726003
3423,0.9758333333333333,0.9145209140113686,0.8373983739837398,0.9196428571428571,0.9145209140113686,0.8868539488966318,0.876595744680851,0.8526490066225165,0.8346930931910689
3424,0.98,0.9276445410693661,0.8617886178861789,0.9380530973451328,0.927644541069366,0.9070041909489892,0.8983050847457628,0.8760330578512395,0.6907801922165574
3425,0.9758333333333333,0.9181217021083861,0.8455284552845529,0.9122807017543859,0.9181217021083861,0.886821245186136,0.8776371308016878,0.8580858085808581,0.8346937595222608
3426,0.9816666666666667,0.9393754104671966,0.8861788617886179,0.9316239316239316,0.9393754104671966,0.9147347300396081,0.9083333333333333,0.8949096880131364,0.633216231222898
3427,0.9808333333333333,0.9353103698167902,0.8780487804878049,0.9310344827586207,0.93531036981679,0.9107916316232127,0.903765690376569,0.8881578947368419,0.6619985448853236
3428,0.9816666666666667,0.9393754104671966,0.8861788617886179,0.9316239316239316,0.9393754104671966,0.9147347300396081,0.9083333333333333,0.8949096880131364,0.633216231222898
3429,0.9766666666666667,0.9185859546617751,0.8455284552845529,0.9203539823008849,0.9185859546617752,0.8908578854593857,0.8813559322033898,0.8595041322314051,0.8059107795286433
3430,0.9775,0.9226509953121815,0.8536585365853658,0.9210526315789473,0.9226509953121815,0.8948555840821566,0.8860759493670887,0.8663366336633662,0.7771284658662178
3431,0.9775,0.9226509953121815,0.8536585365853658,0.9210526315789473,0.9226509953121815,0.8948555840821566,0.8860759493670887,0.8663366336633662,0.7771284658662176
3432,0.9808333333333333,0.9281087936227552,0.8617886178861789,0.9464285714285714,0.9281087936227551,0.9111919279907085,0.902127659574468,0.8774834437086091,0.6619972122229401
3433,0.98,0.9384469053604185,0.8861788617886179,0.9159663865546218,0.9384469053604185,0.9069059575049532,0.9008264462809917,0.8919803600654663,0.690782191210133
3434,0.98,0.9276445410693661,0.8617886178861789,0.9380530973451328,0.927644541069366,0.9070041909489892,0.8983050847457628,0.8760330578512395,0.6907801922165574
3435,0.9816666666666667,0.935774622370179,0.8780487804878049,0.9391304347826087,0.9357746223701789,0.9148396076352068,0.907563025210084,0.8896210873146623,0.6332155648917062
3436,0.9758333333333333,0.9181217021083861,0.8455284552845529,0.9122807017543859,0.9181217021083861,0.886821245186136,0.8776371308016878,0.8580858085808581,0.8346937595222605
3437,0.9783333333333334,0.9231152478655706,0.8536585365853658,0.9292035398230089,0.9231152478655705,0.8989310382041873,0.8898305084745762,0.8677685950413223,0.7483454858726003
3438,0.975,0.9140566614579795,0.8373983739837398,0.911504424778761,0.9140566614579795,0.8827847327145837,0.8728813559322035,0.8512396694214875,0.8634760731846863
3439,0.9783333333333334,0.9159136716715357,0.8373983739837398,0.944954128440367,0.9159136716715356,0.8995095845453867,0.8879310344827587,0.8569051580698835,0.7483441532102167
3440,0.9775,0.9226509953121815,0.8536585365853658,0.9210526315789473,0.9226509953121815,0.8948555840821566,0.8860759493670887,0.8663366336633662,0.7771284658662176
3441,0.9758333333333333,0.9181217021083861,0.8455284552845529,0.9122807017543859,0.9181217021083861,0.886821245186136,0.8776371308016878,0.8580858085808581,0.8346937595222608
3442,0.985,0.9520347849718052,0.9105691056910569,0.9411764705882353,0.9520347849718052,0.9304561214729794,0.9256198347107438,0.916530278232406,0.5180863102420039
3443,0.9833333333333333,0.9475054917680097,0.9024390243902439,0.9327731092436975,0.9475054917680096,0.9226060668169707,0.9173553719008264,0.9083469721767595,0.5756516038980469
3444,0.9808333333333333,0.9353103698167902,0.8780487804878049,0.9310344827586207,0.93531036981679,0.9107916316232127,0.903765690376569,0.8881578947368419,0.6619985448853236
3445,0.9791666666666666,0.9235795004189595,0.8536585365853658,0.9375,0.9235795004189595,0.9030792682926829,0.8936170212765958,0.869205298013245,0.719562505878983
3446,0.9791666666666666,0.9235795004189595,0.8536585365853658,0.9375,0.9235795004189595,0.9030792682926829,0.8936170212765958,0.869205298013245,0.719562505878983
3447,0.9791666666666666,0.9307810766129945,0.8699186991869918,0.9224137931034483,0.9307810766129946,0.9028329128118868,0.8953974895397491,0.8799342105263158,0.7195638385413665
3448,0.9741666666666666,0.9063908327105555,0.8211382113821138,0.9181818181818182,0.9063908327105556,0.8788266814486327,0.8669527896995709,0.8388704318936877,0.89225772051592
3449,0.9766666666666667,0.9149851665647576,0.8373983739837398,0.9279279279279279,0.9149851665647576,0.8909964842891671,0.8803418803418804,0.8540630182421227,0.8059101131974514
3450,0.9783333333333334,0.9231152478655706,0.8536585365853658,0.9292035398230089,0.9231152478655705,0.8989310382041873,0.8898305084745762,0.8677685950413223,0.7483454858726003
3451,0.9775,0.9226509953121815,0.8536585365853658,0.9210526315789473,0.9226509953121815,0.8948555840821566,0.8860759493670887,0.8663366336633662,0.7771284658662178
3452,0.975,0.9140566614579795,0.8373983739837398,0.911504424778761,0.9140566614579795,0.8827847327145837,0.8728813559322035,0.8512396694214875,0.8634760731846863
3453,0.98,0.9312453291663836,0.8699186991869918,0.9304347826086956,0.9312453291663836,0.9068434075645104,0.8991596638655462,0.8813838550247116,0.6907808585477492
3454,0.9783333333333334,0.9231152478655706,0.8536585365853658,0.9292035398230089,0.9231152478655705,0.8989310382041873,0.8898305084745762,0.8677685950413223,0.7483454858726003
3455,0.9791666666666666,0.9271802885159771,0.8617886178861789,0.9298245614035088,0.9271802885159771,0.9028899229781772,0.8945147679324894,0.8745874587458744,0.7195631722101747
3456,0.9791666666666666,0.9307810766129945,0.8699186991869918,0.9224137931034483,0.9307810766129946,0.9028329128118868,0.8953974895397491,0.8799342105263158,0.7195638385413665
3457,0.9808333333333333,0.9317095817197726,0.8699186991869918,0.9385964912280702,0.9317095817197726,0.9109242618741977,0.9029535864978903,0.8828382838283828,0.6619978785541317
3458,0.9775,0.9190502072151641,0.8455284552845529,0.9285714285714286,0.9190502072151642,0.8949666085946575,0.8851063829787236,0.8609271523178809,0.7771277995350259
3459,0.9791666666666666,0.9235795004189595,0.8536585365853658,0.9375,0.9235795004189595,0.9030792682926829,0.8936170212765958,0.869205298013245,0.719562505878983
3460,0.9783333333333334,0.9231152478655706,0.8536585365853658,0.9292035398230089,0.9231152478655705,0.8989310382041873,0.8898305084745762,0.8677685950413223,0.7483454858726003
3461,0.9791666666666666,0.9307810766129945,0.8699186991869918,0.9224137931034483,0.9307810766129946,0.9028329128118868,0.8953974895397491,0.8799342105263158,0.7195638385413665
3462,0.9766666666666667,0.9185859546617751,0.8455284552845529,0.9203539823008849,0.9185859546617752,0.8908578854593857,0.8813559322033898,0.8595041322314051,0.8059107795286432
3463,0.9783333333333334,0.9267160359625881,0.8617886178861789,0.9217391304347826,0.9267160359625881,0.8988472074938141,0.8907563025210083,0.8731466227347612,0.7483461522037921
3464,0.9783333333333334,0.9195144597685532,0.8455284552845529,0.9369369369369369,0.9195144597685532,0.8991493627774115,0.888888888888889,0.8623548922056385,0.7483448195414085
3465,0.98,0.9276445410693661,0.8617886178861789,0.9380530973451328,0.927644541069366,0.9070041909489892,0.8983050847457628,0.8760330578512395,0.6907801922165574
3466,0.9783333333333334,0.9267160359625881,0.8617886178861789,0.9217391304347826,0.9267160359625881,0.8988472074938141,0.8907563025210083,0.8731466227347612,0.7483461522037922
3467,0.98,0.9312453291663836,0.8699186991869918,0.9304347826086956,0.9312453291663836,0.9068434075645104,0.8991596638655462,0.8813838550247116,0.6907808585477492
3468,0.975,0.910455873360962,0.8292682926829268,0.918918918918919,0.910455873360962,0.8828436058009229,0.8717948717948718,0.8457711442786069,0.8634754068534944
3469,0.9766666666666667,0.9221867427587924,0.8536585365853658,0.9130434782608695,0.9221867427587924,0.8908510074231177,0.8823529411764706,0.8649093904448104,0.8059114458598352
3470,0.9766666666666667,0.9185859546617751,0.8455284552845529,0.9203539823008849,0.9185859546617752,0.8908578854593857,0.8813559322033898,0.8595041322314051,0.8059107795286432
3471,0.9816666666666667,0.9393754104671966,0.8861788617886179,0.9316239316239316,0.9393754104671966,0.9147347300396081,0.9083333333333333,0.8949096880131364,0.6332162312228982
3472,0.9758333333333333,0.9109201259143511,0.8292682926829268,0.9272727272727272,0.910920125914351,0.887020509977827,0.8755364806866953,0.8471760797342193,0.834692426859877
3473,0.9791666666666666,0.9307810766129945,0.8699186991869918,0.9224137931034483,0.9307810766129946,0.9028329128118868,0.8953974895397491,0.8799342105263158,0.7195638385413666
3474,0.9791666666666666,0.9307810766129945,0.8699186991869918,0.9224137931034483,0.9307810766129946,0.9028329128118868,0.8953974895397491,0.8799342105263158,0.7195638385413665
3475,0.9825,0.9398396630205856,0.8861788617886179,0.9396551724137931,0.9398396630205856,0.9187503504345389,0.9121338912133892,0.8963815789473685,0.6044332512292807
3476,0.9808333333333333,0.9353103698167902,0.8780487804878049,0.9310344827586207,0.93531036981679,0.9107916316232127,0.903765690376569,0.8881578947368419,0.6619985448853236
3477,0.9766666666666667,0.9221867427587924,0.8536585365853658,0.9130434782608695,0.9221867427587924,0.8908510074231177,0.8823529411764706,0.8649093904448104,0.8059114458598352
3478,0.9791666666666666,0.9271802885159771,0.8617886178861789,0.9298245614035088,0.9271802885159771,0.9028899229781772,0.8945147679324894,0.8745874587458744,0.7195631722101747
3479,0.9791666666666666,0.9271802885159771,0.8617886178861789,0.9298245614035088,0.9271802885159771,0.9028899229781772,0.8945147679324894,0.8745874587458744,0.7195631722101747
3480,0.9775,0.9226509953121815,0.8536585365853658,0.9210526315789473,0.9226509953121815,0.8948555840821566,0.8860759493670887,0.8663366336633662,0.7771284658662176
3481,0.9791666666666666,0.9307810766129945,0.8699186991869918,0.9224137931034483,0.9307810766129946,0.9028329128118868,0.8953974895397491,0.8799342105263158,0.7195638385413665
3482,0.9808333333333333,0.9353103698167902,0.8780487804878049,0.9310344827586207,0.93531036981679,0.9107916316232127,0.903765690376569,0.8881578947368419,0.6619985448853236
3483,0.98,0.9384469053604185,0.8861788617886179,0.9159663865546218,0.9384469053604185,0.9069059575049532,0.9008264462809917,0.8919803600654663,0.6907821912101328
3484,0.9791666666666666,0.9307810766129945,0.8699186991869918,0.9224137931034483,0.9307810766129946,0.9028329128118868,0.8953974895397491,0.8799342105263158,0.7195638385413665
3485,0.9766666666666667,0.9149851665647576,0.8373983739837398,0.9279279279279279,0.9149851665647576,0.8909964842891671,0.8803418803418804,0.8540630182421227,0.8059101131974515
3486,0.9766666666666667,0.9221867427587924,0.8536585365853658,0.9130434782608695,0.9221867427587924,0.8908510074231177,0.8823529411764706,0.8649093904448104,0.8059114458598352
3487,0.9791666666666666,0.9271802885159771,0.8617886178861789,0.9298245614035088,0.9271802885159771,0.9028899229781772,0.8945147679324894,0.8745874587458744,0.7195631722101746
3488,0.9775,0.9226509953121815,0.8536585365853658,0.9210526315789473,0.9226509953121815,0.8948555840821566,0.8860759493670887,0.8663366336633662,0.7771284658662178
3489,0.9775,0.9190502072151641,0.8455284552845529,0.9285714285714286,0.9190502072151642,0.8949666085946575,0.8851063829787236,0.8609271523178809,0.777127799535026
3490,0.9766666666666667,0.9221867427587924,0.8536585365853658,0.9130434782608695,0.9221867427587924,0.8908510074231177,0.8823529411764706,0.8649093904448104,0.8059114458598352
3491,0.9741666666666666,0.9063908327105555,0.8211382113821138,0.9181818181818182,0.9063908327105556,0.8788266814486327,0.8669527896995709,0.8388704318936877,0.89225772051592
3492,0.9775,0.9190502072151641,0.8455284552845529,0.9285714285714286,0.9190502072151642,0.8949666085946575,0.8851063829787236,0.8609271523178809,0.7771277995350259
3493,0.9783333333333334,0.9231152478655706,0.8536585365853658,0.9292035398230089,0.9231152478655705,0.8989310382041873,0.8898305084745762,0.8677685950413223,0.7483454858726003
3494,0.9808333333333333,0.9281087936227552,0.8617886178861789,0.9464285714285714,0.9281087936227551,0.9111919279907085,0.902127659574468,0.8774834437086091,0.66199721222294
3495,0.9816666666666667,0.9393754104671966,0.8861788617886179,0.9316239316239316,0.9393754104671966,0.9147347300396081,0.9083333333333333,0.8949096880131364,0.633216231222898
3496,0.9758333333333333,0.9181217021083861,0.8455284552845529,0.9122807017543859,0.9181217021083861,0.886821245186136,0.8776371308016878,0.8580858085808581,0.8346937595222608
3497,0.9783333333333334,0.9303168240596055,0.8699186991869918,0.9145299145299145,0.9303168240596055,0.8988909735251197,0.8916666666666666,0.8784893267651888,0.748346818534984
3498,0.9791666666666666,0.9235795004189595,0.8536585365853658,0.9375,0.9235795004189595,0.9030792682926829,0.8936170212765958,0.869205298013245,0.7195625058789828
3499,0.9783333333333334,0.9303168240596055,0.8699186991869918,0.9145299145299145,0.9303168240596055,0.8988909735251197,0.8916666666666666,0.8784893267651888,0.7483468185349839
3500,0.9783333333333334,0.9267160359625881,0.8617886178861789,0.9217391304347826,0.9267160359625881,0.8988472074938141,0.8907563025210083,0.8731466227347612,0.7483461522037922
3501,0.9783333333333334,0.9303168240596055,0.8699186991869918,0.9145299145299145,0.9303168240596055,0.8988909735251197,0.8916666666666666,0.8784893267651888,0.7483468185349839
3502,0.9766666666666667,0.9221867427587924,0.8536585365853658,0.9130434782608695,0.9221867427587924,0.8908510074231177,0.8823529411764706,0.8649093904448104,0.8059114458598351
3503,0.9775,0.9226509953121815,0.8536585365853658,0.9210526315789473,0.9226509953121815,0.8948555840821566,0.8860759493670887,0.8663366336633662,0.7771284658662176
3504,0.9766666666666667,0.9149851665647576,0.8373983739837398,0.9279279279279279,0.9149851665647576,0.8909964842891671,0.8803418803418804,0.8540630182421227,0.8059101131974514
3505,0.9783333333333334,0.9303168240596055,0.8699186991869918,0.9145299145299145,0.9303168240596055,0.8988909735251197,0.8916666666666666,0.8784893267651888,0.748346818534984
3506,0.98,0.9312453291663836,0.8699186991869918,0.9304347826086956,0.9312453291663836,0.9068434075645104,0.8991596638655462,0.8813838550247116,0.6907808585477492
3507,0.9816666666666667,0.942976198564214,0.8943089430894309,0.9243697478991597,0.9429761985642141,0.9147560121609619,0.9090909090909092,0.9001636661211129,0.6332168975540899
3508,0.9783333333333334,0.9195144597685532,0.8455284552845529,0.9369369369369369,0.9195144597685532,0.8991493627774115,0.888888888888889,0.8623548922056385,0.7483448195414085
3509,0.9766666666666667,0.9185859546617751,0.8455284552845529,0.9203539823008849,0.9185859546617752,0.8908578854593857,0.8813559322033898,0.8595041322314051,0.8059107795286432
3510,0.9766666666666667,0.9185859546617751,0.8455284552845529,0.9203539823008849,0.9185859546617752,0.8908578854593857,0.8813559322033898,0.8595041322314051,0.8059107795286434
3511,0.975,0.9140566614579795,0.8373983739837398,0.911504424778761,0.9140566614579795,0.8827847327145837,0.8728813559322035,0.8512396694214875,0.8634760731846863
3512,0.9766666666666667,0.9185859546617751,0.8455284552845529,0.9203539823008849,0.9185859546617752,0.8908578854593857,0.8813559322033898,0.8595041322314051,0.8059107795286432
3513,0.9791666666666666,0.9271802885159771,0.8617886178861789,0.9298245614035088,0.9271802885159771,0.9028899229781772,0.8945147679324894,0.8745874587458744,0.7195631722101747
3514,0.9783333333333334,0.9231152478655706,0.8536585365853658,0.9292035398230089,0.9231152478655705,0.8989310382041873,0.8898305084745762,0.8677685950413223,0.7483454858726003
3515,0.9791666666666666,0.9307810766129945,0.8699186991869918,0.9224137931034483,0.9307810766129946,0.9028329128118868,0.8953974895397491,0.8799342105263158,0.7195638385413665
3516,0.9783333333333334,0.9267160359625881,0.8617886178861789,0.9217391304347826,0.9267160359625881,0.8988472074938141,0.8907563025210083,0.8731466227347612,0.7483461522037921
3517,0.9783333333333334,0.9303168240596055,0.8699186991869918,0.9145299145299145,0.9303168240596055,0.8988909735251197,0.8916666666666666,0.8784893267651888,0.7483468185349839
3518,0.9783333333333334,0.9267160359625881,0.8617886178861789,0.9217391304347826,0.9267160359625881,0.8988472074938141,0.8907563025210083,0.8731466227347612,0.7483461522037921
3519,0.9791666666666666,0.9235795004189595,0.8536585365853658,0.9375,0.9235795004189595,0.9030792682926829,0.8936170212765958,0.869205298013245,0.719562505878983
3520,0.9783333333333334,0.9231152478655706,0.8536585365853658,0.9292035398230089,0.9231152478655705,0.8989310382041873,0.8898305084745762,0.8677685950413223,0.7483454858726003
3521,0.98,0.9276445410693661,0.8617886178861789,0.9380530973451328,0.927644541069366,0.9070041909489892,0.8983050847457628,0.8760330578512395,0.6907801922165574
3522,0.975,0.9140566614579795,0.8373983739837398,0.911504424778761,0.9140566614579795,0.8827847327145837,0.8728813559322035,0.8512396694214875,0.8634760731846863
3523,0.9808333333333333,0.9317095817197726,0.8699186991869918,0.9385964912280702,0.9317095817197726,0.9109242618741977,0.9029535864978903,0.8828382838283828,0.6619978785541318
3524,0.9783333333333334,0.9231152478655706,0.8536585365853658,0.9292035398230089,0.9231152478655705,0.8989310382041873,0.8898305084745762,0.8677685950413223,0.7483454858726003
3525,0.9758333333333333,0.9109201259143511,0.8292682926829268,0.9272727272727272,0.910920125914351,0.887020509977827,0.8755364806866953,0.8471760797342193,0.834692426859877
3526,0.9791666666666666,0.9235795004189595,0.8536585365853658,0.9375,0.9235795004189595,0.9030792682926829,0.8936170212765958,0.869205298013245,0.719562505878983
3527,0.9783333333333334,0.9267160359625881,0.8617886178861789,0.9217391304347826,0.9267160359625881,0.8988472074938141,0.8907563025210083,0.8731466227347612,0.7483461522037922
3528,0.9783333333333334,0.9231152478655706,0.8536585365853658,0.9292035398230089,0.9231152478655705,0.8989310382041873,0.8898305084745762,0.8677685950413223,0.7483454858726003
3529,0.9808333333333333,0.9389111579138076,0.8861788617886179,0.923728813559322,0.9389111579138076,0.9107871710073033,0.9045643153526971,0.8934426229508198,0.6619992112165155
3530,0.9775,0.9226509953121815,0.8536585365853658,0.9210526315789473,0.9226509953121815,0.8948555840821566,0.8860759493670887,0.8663366336633662,0.7771284658662176
3531,0.9775,0.9190502072151641,0.8455284552845529,0.9285714285714286,0.9190502072151642,0.8949666085946575,0.8851063829787236,0.8609271523178809,0.7771277995350259
3532,0.9825,0.9398396630205856,0.8861788617886179,0.9396551724137931,0.9398396630205856,0.9187503504345389,0.9121338912133892,0.8963815789473685,0.6044332512292806
3533,0.9791666666666666,0.9271802885159771,0.8617886178861789,0.9298245614035088,0.9271802885159771,0.9028899229781772,0.8945147679324894,0.8745874587458744,0.7195631722101747
3534,0.9816666666666667,0.935774622370179,0.8780487804878049,0.9391304347826087,0.9357746223701789,0.9148396076352068,0.907563025210084,0.8896210873146623,0.6332155648917063
3535,0.9766666666666667,0.9185859546617751,0.8455284552845529,0.9203539823008849,0.9185859546617752,0.8908578854593857,0.8813559322033898,0.8595041322314051,0.8059107795286433
3536,0.9775,0.9190502072151641,0.8455284552845529,0.9285714285714286,0.9190502072151642,0.8949666085946575,0.8851063829787236,0.8609271523178809,0.777127799535026
3537,0.9825,0.9434404511176031,0.8943089430894309,0.9322033898305084,0.9434404511176032,0.9186728331266363,0.9128630705394191,0.9016393442622951,0.6044339175604726
3538,0.98,0.9312453291663836,0.8699186991869918,0.9304347826086956,0.9312453291663836,0.9068434075645104,0.8991596638655462,0.8813838550247116,0.6907808585477492
3539,0.9766666666666667,0.9149851665647576,0.8373983739837398,0.9279279279279279,0.9149851665647576,0.8909964842891671,0.8803418803418804,0.8540630182421227,0.8059101131974514
3540,0.9733333333333334,0.9023257920601491,0.8130081300813008,0.9174311926605505,0.9023257920601491,0.874802994704259,0.8620689655172414,0.8319467554076537,0.9210400341783456
3541,0.9783333333333334,0.9231152478655706,0.8536585365853658,0.9292035398230089,0.9231152478655705,0.8989310382041873,0.8898305084745762,0.8677685950413223,0.7483454858726003
3542,0.9775,0.9190502072151641,0.8455284552845529,0.9285714285714286,0.9190502072151642,0.8949666085946575,0.8851063829787236,0.8609271523178809,0.777127799535026
3543,0.9791666666666666,0.9271802885159771,0.8617886178861789,0.9298245614035088,0.9271802885159771,0.9028899229781772,0.8945147679324894,0.8745874587458744,0.7195631722101747
3544,0.9766666666666667,0.9149851665647576,0.8373983739837398,0.9279279279279279,0.9149851665647576,0.8909964842891671,0.8803418803418804,0.8540630182421227,0.8059101131974515
3545,0.9766666666666667,0.9185859546617751,0.8455284552845529,0.9203539823008849,0.9185859546617752,0.8908578854593857,0.8813559322033898,0.8595041322314051,0.8059107795286433
3546,0.9766666666666667,0.9185859546617751,0.8455284552845529,0.9203539823008849,0.9185859546617752,0.8908578854593857,0.8813559322033898,0.8595041322314051,0.8059107795286432
3547,0.9766666666666667,0.9149851665647576,0.8373983739837398,0.9279279279279279,0.9149851665647576,0.8909964842891671,0.8803418803418804,0.8540630182421227,0.8059101131974514
3548,0.9791666666666666,0.9307810766129945,0.8699186991869918,0.9224137931034483,0.9307810766129946,0.9028329128118868,0.8953974895397491,0.8799342105263158,0.7195638385413666
3549,0.9783333333333334,0.9231152478655706,0.8536585365853658,0.9292035398230089,0.9231152478655705,0.8989310382041873,0.8898305084745762,0.8677685950413223,0.7483454858726003
3550,0.9808333333333333,0.9389111579138076,0.8861788617886179,0.923728813559322,0.9389111579138076,0.9107871710073033,0.9045643153526971,0.8934426229508198,0.6619992112165155
3551,0.9775,0.9190502072151641,0.8455284552845529,0.9285714285714286,0.9190502072151642,0.8949666085946575,0.8851063829787236,0.8609271523178809,0.7771277995350259
3552,0.9783333333333334,0.9303168240596055,0.8699186991869918,0.9145299145299145,0.9303168240596055,0.8988909735251197,0.8916666666666666,0.8784893267651888,0.748346818534984
3553,0.98,0.9384469053604185,0.8861788617886179,0.9159663865546218,0.9384469053604185,0.9069059575049532,0.9008264462809917,0.8919803600654663,0.6907821912101328
3554,0.9808333333333333,0.9281087936227552,0.8617886178861789,0.9464285714285714,0.9281087936227551,0.9111919279907085,0.902127659574468,0.8774834437086091,0.66199721222294
3555,0.9791666666666666,0.9307810766129945,0.8699186991869918,0.9224137931034483,0.9307810766129946,0.9028329128118868,0.8953974895397491,0.8799342105263158,0.7195638385413665
3556,0.9808333333333333,0.9317095817197726,0.8699186991869918,0.9385964912280702,0.9317095817197726,0.9109242618741977,0.9029535864978903,0.8828382838283828,0.6619978785541317
3557,0.9775,0.9190502072151641,0.8455284552845529,0.9285714285714286,0.9190502072151642,0.8949666085946575,0.8851063829787236,0.8609271523178809,0.7771277995350259
3558,0.9766666666666667,0.9185859546617751,0.8455284552845529,0.9203539823008849,0.9185859546617752,0.8908578854593857,0.8813559322033898,0.8595041322314051,0.8059107795286433
3559,0.9775,0.9226509953121815,0.8536585365853658,0.9210526315789473,0.9226509953121815,0.8948555840821566,0.8860759493670887,0.8663366336633662,0.7771284658662178
3560,0.9775,0.9154494191181466,0.8373983739837398,0.9363636363636364,0.9154494191181466,0.8952143385070215,0.8841201716738197,0.8554817275747508,0.7771271332038341
3561,0.9783333333333334,0.9231152478655706,0.8536585365853658,0.9292035398230089,0.9231152478655705,0.8989310382041873,0.8898305084745762,0.8677685950413223,0.7483454858726004
3562,0.9758333333333333,0.9109201259143511,0.8292682926829268,0.9272727272727272,0.910920125914351,0.887020509977827,0.8755364806866953,0.8471760797342193,0.834692426859877
3563,0.9791666666666666,0.9271802885159771,0.8617886178861789,0.9298245614035088,0.9271802885159771,0.9028899229781772,0.8945147679324894,0.8745874587458744,0.7195631722101747
3564,0.9766666666666667,0.9149851665647576,0.8373983739837398,0.9279279279279279,0.9149851665647576,0.8909964842891671,0.8803418803418804,0.8540630182421227,0.8059101131974515
3565,0.9775,0.9190502072151641,0.8455284552845529,0.9285714285714286,0.9190502072151642,0.8949666085946575,0.8851063829787236,0.8609271523178809,0.7771277995350259
3566,0.9791666666666666,0.9235795004189595,0.8536585365853658,0.9375,0.9235795004189595,0.9030792682926829,0.8936170212765958,0.869205298013245,0.7195625058789828
3567,0.9783333333333334,0.9231152478655706,0.8536585365853658,0.9292035398230089,0.9231152478655705,0.8989310382041873,0.8898305084745762,0.8677685950413223,0.7483454858726003
3568,0.9775,0.9226509953121815,0.8536585365853658,0.9210526315789473,0.9226509953121815,0.8948555840821566,0.8860759493670887,0.8663366336633662,0.7771284658662176
3569,0.9808333333333333,0.9317095817197726,0.8699186991869918,0.9385964912280702,0.9317095817197726,0.9109242618741977,0.9029535864978903,0.8828382838283828,0.6619978785541318
3570,0.9791666666666666,0.9271802885159771,0.8617886178861789,0.9298245614035088,0.9271802885159771,0.9028899229781772,0.8945147679324894,0.8745874587458744,0.7195631722101747
3571,0.9775,0.9226509953121815,0.8536585365853658,0.9210526315789473,0.9226509953121815,0.8948555840821566,0.8860759493670887,0.8663366336633662,0.7771284658662176
3572,0.9808333333333333,0.9317095817197726,0.8699186991869918,0.9385964912280702,0.9317095817197726,0.9109242618741977,0.9029535864978903,0.8828382838283828,0.6619978785541317
3573,0.9783333333333334,0.9231152478655706,0.8536585365853658,0.9292035398230089,0.9231152478655705,0.8989310382041873,0.8898305084745762,0.8677685950413223,0.7483454858726003
3574,0.9825,0.9434404511176031,0.8943089430894309,0.9322033898305084,0.9434404511176032,0.9186728331266363,0.9128630705394191,0.9016393442622951,0.6044339175604725
3575,0.9783333333333334,0.9303168240596055,0.8699186991869918,0.9145299145299145,0.9303168240596055,0.8988909735251197,0.8916666666666666,0.8784893267651888,0.748346818534984
3576,0.9758333333333333,0.9181217021083861,0.8455284552845529,0.9122807017543859,0.9181217021083861,0.886821245186136,0.8776371308016878,0.8580858085808581,0.8346937595222607
3577,0.9775,0.9226509953121815,0.8536585365853658,0.9210526315789473,0.9226509953121815,0.8948555840821566,0.8860759493670887,0.8663366336633662,0.7771284658662176
3578,0.9775,0.9190502072151641,0.8455284552845529,0.9285714285714286,0.9190502072151642,0.8949666085946575,0.8851063829787236,0.8609271523178809,0.7771277995350259
3579,0.9825,0.9434404511176031,0.8943089430894309,0.9322033898305084,0.9434404511176032,0.9186728331266363,0.9128630705394191,0.9016393442622951,0.6044339175604725
3580,0.975,0.9140566614579795,0.8373983739837398,0.911504424778761,0.9140566614579795,0.8827847327145837,0.8728813559322035,0.8512396694214875,0.8634760731846863
3581,0.9783333333333334,0.9231152478655706,0.8536585365853658,0.9292035398230089,0.9231152478655705,0.8989310382041873,0.8898305084745762,0.8677685950413223,0.7483454858726003
3582,0.9766666666666667,0.9185859546617751,0.8455284552845529,0.9203539823008849,0.9185859546617752,0.8908578854593857,0.8813559322033898,0.8595041322314051,0.8059107795286434
3583,0.9766666666666667,0.9185859546617751,0.8455284552845529,0.9203539823008849,0.9185859546617752,0.8908578854593857,0.8813559322033898,0.8595041322314051,0.8059107795286433
3584,0.975,0.9140566614579795,0.8373983739837398,0.911504424778761,0.9140566614579795,0.8827847327145837,0.8728813559322035,0.8512396694214875,0.8634760731846863
3585,0.9775,0.9226509953121815,0.8536585365853658,0.9210526315789473,0.9226509953121815,0.8948555840821566,0.8860759493670887,0.8663366336633662,0.7771284658662176
3586,0.9766666666666667,0.9221867427587924,0.8536585365853658,0.9130434782608695,0.9221867427587924,0.8908510074231177,0.8823529411764706,0.8649093904448104,0.8059114458598352
3587,0.9783333333333334,0.9303168240596055,0.8699186991869918,0.9145299145299145,0.9303168240596055,0.8988909735251197,0.8916666666666666,0.8784893267651888,0.7483468185349841
3588,0.9733333333333334,0.9095273682541839,0.8292682926829268,0.9026548672566371,0.9095273682541838,0.874711579969782,0.8644067796610169,0.8429752066115701,0.9210413668407293
3589,0.98,0.9312453291663836,0.8699186991869918,0.9304347826086956,0.9312453291663836,0.9068434075645104,0.8991596638655462,0.8813838550247116,0.6907808585477492
3590,0.98,0.934846117263401,0.8780487804878049,0.9230769230769231,0.934846117263401,0.906812851782364,0.9,0.8866995073891627,0.6907815248789411
3591,0.98,0.9276445410693661,0.8617886178861789,0.9380530973451328,0.927644541069366,0.9070041909489892,0.8983050847457628,0.8760330578512395,0.6907801922165574
3592,0.9758333333333333,0.9145209140113686,0.8373983739837398,0.9196428571428571,0.9145209140113686,0.8868539488966318,0.876595744680851,0.8526490066225165,0.8346930931910689
3593,0.9783333333333334,0.9231152478655706,0.8536585365853658,0.9292035398230089,0.9231152478655705,0.8989310382041873,0.8898305084745762,0.8677685950413223,0.7483454858726003
3594,0.9833333333333333,0.9475054917680097,0.9024390243902439,0.9327731092436975,0.9475054917680096,0.9226060668169707,0.9173553719008264,0.9083469721767595,0.5756516038980469
3595,0.9783333333333334,0.9231152478655706,0.8536585365853658,0.9292035398230089,0.9231152478655705,0.8989310382041873,0.8898305084745762,0.8677685950413223,0.7483454858726003
3596,0.9766666666666667,0.9221867427587924,0.8536585365853658,0.9130434782608695,0.9221867427587924,0.8908510074231177,0.8823529411764706,0.8649093904448104,0.8059114458598351
3597,0.9766666666666667,0.9149851665647576,0.8373983739837398,0.9279279279279279,0.9149851665647576,0.8909964842891671,0.8803418803418804,0.8540630182421227,0.8059101131974514
3598,0.9758333333333333,0.9145209140113686,0.8373983739837398,0.9196428571428571,0.9145209140113686,0.8868539488966318,0.876595744680851,0.8526490066225165,0.8346930931910688
3599,0.9783333333333334,0.9195144597685532,0.8455284552845529,0.9369369369369369,0.9195144597685532,0.8991493627774115,0.888888888888889,0.8623548922056385,0.7483448195414085
3600,0.9766666666666667,0.9221867427587924,0.8536585365853658,0.9130434782608695,0.9221867427587924,0.8908510074231177,0.8823529411764706,0.8649093904448104,0.8059114458598352
3601,0.9783333333333334,0.9267160359625881,0.8617886178861789,0.9217391304347826,0.9267160359625881,0.8988472074938141,0.8907563025210083,0.8731466227347612,0.7483461522037921
3602,0.9758333333333333,0.9217224902054034,0.8536585365853658,0.9051724137931034,0.9217224902054034,0.8869154751892346,0.8786610878661086,0.8634868421052632,0.8346944258534525
3603,0.98,0.9312453291663836,0.8699186991869918,0.9304347826086956,0.9312453291663836,0.9068434075645104,0.8991596638655462,0.8813838550247116,0.6907808585477492
3604,0.9825,0.9434404511176031,0.8943089430894309,0.9322033898305084,0.9434404511176032,0.9186728331266363,0.9128630705394191,0.9016393442622951,0.6044339175604726
3605,0.9758333333333333,0.9109201259143511,0.8292682926829268,0.9272727272727272,0.910920125914351,0.887020509977827,0.8755364806866953,0.8471760797342193,0.834692426859877
3606,0.9758333333333333,0.9217224902054034,0.8536585365853658,0.9051724137931034,0.9217224902054034,0.8869154751892346,0.8786610878661086,0.8634868421052632,0.8346944258534525
3607,0.9783333333333334,0.933917612156623,0.8780487804878049,0.907563025210084,0.9339176121566228,0.8990559028489444,0.8925619834710744,0.8837970540098199,0.7483474848661757
3608,0.9783333333333334,0.9231152478655706,0.8536585365853658,0.9292035398230089,0.9231152478655705,0.8989310382041873,0.8898305084745762,0.8677685950413223,0.7483454858726003
3609,0.9816666666666667,0.942976198564214,0.8943089430894309,0.9243697478991597,0.9429761985642141,0.9147560121609619,0.9090909090909092,0.9001636661211129,0.6332168975540899
3610,0.9816666666666667,0.9393754104671966,0.8861788617886179,0.9316239316239316,0.9393754104671966,0.9147347300396081,0.9083333333333333,0.8949096880131364,0.633216231222898
3611,0.9766666666666667,0.9257875308558099,0.8617886178861789,0.905982905982906,0.9257875308558099,0.8909690952678757,0.8833333333333334,0.8702791461412152,0.805912112191027
3612,0.9816666666666667,0.935774622370179,0.8780487804878049,0.9391304347826087,0.9357746223701789,0.9148396076352068,0.907563025210084,0.8896210873146623,0.6332155648917063
3613,0.98,0.9312453291663836,0.8699186991869918,0.9304347826086956,0.9312453291663836,0.9068434075645104,0.8991596638655462,0.8813838550247116,0.6907808585477492
3614,0.9783333333333334,0.9267160359625881,0.8617886178861789,0.9217391304347826,0.9267160359625881,0.8988472074938141,0.8907563025210083,0.8731466227347612,0.7483461522037921
3615,0.9791666666666666,0.9307810766129945,0.8699186991869918,0.9224137931034483,0.9307810766129946,0.9028329128118868,0.8953974895397491,0.8799342105263158,0.7195638385413666
3616,0.9783333333333334,0.9195144597685532,0.8455284552845529,0.9369369369369369,0.9195144597685532,0.8991493627774115,0.888888888888889,0.8623548922056385,0.7483448195414085
3617,0.9816666666666667,0.935774622370179,0.8780487804878049,0.9391304347826087,0.9357746223701789,0.9148396076352068,0.907563025210084,0.8896210873146623,0.6332155648917063
3618,0.9783333333333334,0.9231152478655706,0.8536585365853658,0.9292035398230089,0.9231152478655705,0.8989310382041873,0.8898305084745762,0.8677685950413223,0.7483454858726003
3619,0.9766666666666667,0.9185859546617751,0.8455284552845529,0.9203539823008849,0.9185859546617752,0.8908578854593857,0.8813559322033898,0.8595041322314051,0.8059107795286433
3620,0.9766666666666667,0.9185859546617751,0.8455284552845529,0.9203539823008849,0.9185859546617752,0.8908578854593857,0.8813559322033898,0.8595041322314051,0.8059107795286433
3621,0.98,0.9312453291663836,0.8699186991869918,0.9304347826086956,0.9312453291663836,0.9068434075645104,0.8991596638655462,0.8813838550247116,0.6907808585477492
3622,0.9775,0.9226509953121815,0.8536585365853658,0.9210526315789473,0.9226509953121815,0.8948555840821566,0.8860759493670887,0.8663366336633662,0.7771284658662178
3623,0.9791666666666666,0.9199787123219422,0.8455284552845529,0.9454545454545454,0.9199787123219422,0.9034081670362158,0.8927038626609443,0.8637873754152826,0.7195618395477911
3624,0.9791666666666666,0.9235795004189595,0.8536585365853658,0.9375,0.9235795004189595,0.9030792682926829,0.8936170212765958,0.869205298013245,0.7195625058789828
3625,0.9783333333333334,0.9231152478655706,0.8536585365853658,0.9292035398230089,0.9231152478655705,0.8989310382041873,0.8898305084745762,0.8677685950413223,0.7483454858726003
3626,0.9775,0.9226509953121815,0.8536585365853658,0.9210526315789473,0.9226509953121815,0.8948555840821566,0.8860759493670887,0.8663366336633662,0.7771284658662176
3627,0.9791666666666666,0.9307810766129945,0.8699186991869918,0.9224137931034483,0.9307810766129946,0.9028329128118868,0.8953974895397491,0.8799342105263158,0.7195638385413666
3628,0.9766666666666667,0.9185859546617751,0.8455284552845529,0.9203539823008849,0.9185859546617752,0.8908578854593857,0.8813559322033898,0.8595041322314051,0.8059107795286432
3629,0.9766666666666667,0.9221867427587924,0.8536585365853658,0.9130434782608695,0.9221867427587924,0.8908510074231177,0.8823529411764706,0.8649093904448104,0.8059114458598351
3630,0.9791666666666666,0.9307810766129945,0.8699186991869918,0.9224137931034483,0.9307810766129946,0.9028329128118868,0.8953974895397491,0.8799342105263158,0.7195638385413665
3631,0.9775,0.926251783409199,0.8617886178861789,0.9137931034482759,0.926251783409199,0.8948741940005607,0.887029288702929,0.8717105263157895,0.7771291321974096
3632,0.9741666666666666,0.9063908327105555,0.8211382113821138,0.9181818181818182,0.9063908327105556,0.8788266814486327,0.8669527896995709,0.8388704318936877,0.89225772051592
3633,0.9791666666666666,0.9271802885159771,0.8617886178861789,0.9298245614035088,0.9271802885159771,0.9028899229781772,0.8945147679324894,0.8745874587458744,0.7195631722101747
3634,0.98,0.9276445410693661,0.8617886178861789,0.9380530973451328,0.927644541069366,0.9070041909489892,0.8983050847457628,0.8760330578512395,0.6907801922165574
3635,0.9758333333333333,0.9181217021083861,0.8455284552845529,0.9122807017543859,0.9181217021083861,0.886821245186136,0.8776371308016878,0.8580858085808581,0.8346937595222608
3636,0.9775,0.9226509953121815,0.8536585365853658,0.9210526315789473,0.9226509953121815,0.8948555840821566,0.8860759493670887,0.8663366336633662,0.7771284658662178
3637,0.9733333333333334,0.9023257920601491,0.8130081300813008,0.9174311926605505,0.9023257920601491,0.874802994704259,0.8620689655172414,0.8319467554076537,0.9210400341783456
3638,0.9816666666666667,0.9393754104671966,0.8861788617886179,0.9316239316239316,0.9393754104671966,0.9147347300396081,0.9083333333333333,0.8949096880131364,0.633216231222898
3639,0.9783333333333334,0.933917612156623,0.8780487804878049,0.907563025210084,0.9339176121566228,0.8990559028489444,0.8925619834710744,0.8837970540098199,0.7483474848661759
3640,0.9783333333333334,0.9195144597685532,0.8455284552845529,0.9369369369369369,0.9195144597685532,0.8991493627774115,0.888888888888889,0.8623548922056385,0.7483448195414085
3641,0.9783333333333334,0.9267160359625881,0.8617886178861789,0.9217391304347826,0.9267160359625881,0.8988472074938141,0.8907563025210083,0.8731466227347612,0.7483461522037922
3642,0.9791666666666666,0.9271802885159771,0.8617886178861789,0.9298245614035088,0.9271802885159771,0.9028899229781772,0.8945147679324894,0.8745874587458744,0.7195631722101747
3643,0.9775,0.9190502072151641,0.8455284552845529,0.9285714285714286,0.9190502072151642,0.8949666085946575,0.8851063829787236,0.8609271523178809,0.7771277995350259
3644,0.9791666666666666,0.9271802885159771,0.8617886178861789,0.9298245614035088,0.9271802885159771,0.9028899229781772,0.8945147679324894,0.8745874587458744,0.7195631722101747
3645,0.9791666666666666,0.9271802885159771,0.8617886178861789,0.9298245614035088,0.9271802885159771,0.9028899229781772,0.8945147679324894,0.8745874587458744,0.7195631722101747
3646,0.9775,0.9190502072151641,0.8455284552845529,0.9285714285714286,0.9190502072151642,0.8949666085946575,0.8851063829787236,0.8609271523178809,0.7771277995350259
3647,0.9783333333333334,0.9231152478655706,0.8536585365853658,0.9292035398230089,0.9231152478655705,0.8989310382041873,0.8898305084745762,0.8677685950413223,0.7483454858726003
3648,0.9783333333333334,0.9231152478655706,0.8536585365853658,0.9292035398230089,0.9231152478655705,0.8989310382041873,0.8898305084745762,0.8677685950413223,0.7483454858726003
3649,0.9758333333333333,0.9145209140113686,0.8373983739837398,0.9196428571428571,0.9145209140113686,0.8868539488966318,0.876595744680851,0.8526490066225165,0.8346930931910688
3650,0.9783333333333334,0.9195144597685532,0.8455284552845529,0.9369369369369369,0.9195144597685532,0.8991493627774115,0.888888888888889,0.8623548922056385,0.7483448195414085
3651,0.9775,0.9226509953121815,0.8536585365853658,0.9210526315789473,0.9226509953121815,0.8948555840821566,0.8860759493670887,0.8663366336633662,0.7771284658662176
3652,0.9775,0.926251783409199,0.8617886178861789,0.9137931034482759,0.926251783409199,0.8948741940005607,0.887029288702929,0.8717105263157895,0.7771291321974096
3653,0.9758333333333333,0.9109201259143511,0.8292682926829268,0.9272727272727272,0.910920125914351,0.887020509977827,0.8755364806866953,0.8471760797342193,0.834692426859877
3654,0.9791666666666666,0.9307810766129945,0.8699186991869918,0.9224137931034483,0.9307810766129946,0.9028329128118868,0.8953974895397491,0.8799342105263158,0.7195638385413665
3655,0.9791666666666666,0.9271802885159771,0.8617886178861789,0.9298245614035088,0.9271802885159771,0.9028899229781772,0.8945147679324894,0.8745874587458744,0.7195631722101747
3656,0.9783333333333334,0.9267160359625881,0.8617886178861789,0.9217391304347826,0.9267160359625881,0.8988472074938141,0.8907563025210083,0.8731466227347612,0.7483461522037921
3657,0.9766666666666667,0.9185859546617751,0.8455284552845529,0.9203539823008849,0.9185859546617752,0.8908578854593857,0.8813559322033898,0.8595041322314051,0.8059107795286433
3658,0.98,0.9312453291663836,0.8699186991869918,0.9304347826086956,0.9312453291663836,0.9068434075645104,0.8991596638655462,0.8813838550247116,0.6907808585477492
3659,0.9766666666666667,0.9149851665647576,0.8373983739837398,0.9279279279279279,0.9149851665647576,0.8909964842891671,0.8803418803418804,0.8540630182421227,0.8059101131974515
3660,0.9766666666666667,0.9149851665647576,0.8373983739837398,0.9279279279279279,0.9149851665647576,0.8909964842891671,0.8803418803418804,0.8540630182421227,0.8059101131974514
3661,0.9783333333333334,0.9231152478655706,0.8536585365853658,0.9292035398230089,0.9231152478655705,0.8989310382041873,0.8898305084745762,0.8677685950413223,0.7483454858726003
3662,0.9791666666666666,0.9307810766129945,0.8699186991869918,0.9224137931034483,0.9307810766129946,0.9028329128118868,0.8953974895397491,0.8799342105263158,0.7195638385413665
3663,0.9791666666666666,0.9271802885159771,0.8617886178861789,0.9298245614035088,0.9271802885159771,0.9028899229781772,0.8945147679324894,0.8745874587458744,0.7195631722101747
3664,0.9791666666666666,0.9307810766129945,0.8699186991869918,0.9224137931034483,0.9307810766129946,0.9028329128118868,0.8953974895397491,0.8799342105263158,0.7195638385413665
3665,0.9783333333333334,0.9195144597685532,0.8455284552845529,0.9369369369369369,0.9195144597685532,0.8991493627774115,0.888888888888889,0.8623548922056385,0.7483448195414084
3666,0.9775,0.9190502072151641,0.8455284552845529,0.9285714285714286,0.9190502072151642,0.8949666085946575,0.8851063829787236,0.8609271523178809,0.7771277995350259
3667,0.9791666666666666,0.9307810766129945,0.8699186991869918,0.9224137931034483,0.9307810766129946,0.9028329128118868,0.8953974895397491,0.8799342105263158,0.7195638385413665
3668,0.9783333333333334,0.9159136716715357,0.8373983739837398,0.944954128440367,0.9159136716715356,0.8995095845453867,0.8879310344827587,0.8569051580698835,0.7483441532102166
3669,0.9733333333333334,0.9059265801571665,0.8211382113821138,0.9099099099099099,0.9059265801571665,0.8746907273126785,0.8632478632478633,0.8374792703150913,0.9210407005095373
3670,0.9816666666666667,0.942976198564214,0.8943089430894309,0.9243697478991597,0.9429761985642141,0.9147560121609619,0.9090909090909092,0.9001636661211129,0.6332168975540899
3671,0.9783333333333334,0.9159136716715357,0.8373983739837398,0.944954128440367,0.9159136716715356,0.8995095845453867,0.8879310344827587,0.8569051580698835,0.7483441532102167
3672,0.98,0.9276445410693661,0.8617886178861789,0.9380530973451328,0.927644541069366,0.9070041909489892,0.8983050847457628,0.8760330578512395,0.6907801922165574
3673,0.975,0.910455873360962,0.8292682926829268,0.918918918918919,0.910455873360962,0.8828436058009229,0.8717948717948718,0.8457711442786069,0.8634754068534944
3674,0.9816666666666667,0.9393754104671966,0.8861788617886179,0.9316239316239316,0.9393754104671966,0.9147347300396081,0.9083333333333333,0.8949096880131364,0.633216231222898
3675,0.9791666666666666,0.9271802885159771,0.8617886178861789,0.9298245614035088,0.9271802885159771,0.9028899229781772,0.8945147679324894,0.8745874587458744,0.7195631722101747
3676,0.975,0.910455873360962,0.8292682926829268,0.918918918918919,0.910455873360962,0.8828436058009229,0.8717948717948718,0.8457711442786069,0.8634754068534944
3677,0.9816666666666667,0.9393754104671966,0.8861788617886179,0.9316239316239316,0.9393754104671966,0.9147347300396081,0.9083333333333333,0.8949096880131364,0.6332162312228982
3678,0.9783333333333334,0.9375184002536404,0.8861788617886179,0.9008264462809917,0.9375184002536403,0.8993359873681381,0.8934426229508197,0.8890701468189234,0.7483481511973676
3679,0.9791666666666666,0.9271802885159771,0.8617886178861789,0.9298245614035088,0.9271802885159771,0.9028899229781772,0.8945147679324894,0.8745874587458744,0.7195631722101747
3680,0.9808333333333333,0.9317095817197726,0.8699186991869918,0.9385964912280702,0.9317095817197726,0.9109242618741977,0.9029535864978903,0.8828382838283828,0.6619978785541317
3681,0.9766666666666667,0.9185859546617751,0.8455284552845529,0.9203539823008849,0.9185859546617752,0.8908578854593857,0.8813559322033898,0.8595041322314051,0.8059107795286432
3682,0.9766666666666667,0.9185859546617751,0.8455284552845529,0.9203539823008849,0.9185859546617752,0.8908578854593857,0.8813559322033898,0.8595041322314051,0.8059107795286434
3683,0.9766666666666667,0.9149851665647576,0.8373983739837398,0.9279279279279279,0.9149851665647576,0.8909964842891671,0.8803418803418804,0.8540630182421227,0.8059101131974515
3684,0.9808333333333333,0.9389111579138076,0.8861788617886179,0.923728813559322,0.9389111579138076,0.9107871710073033,0.9045643153526971,0.8934426229508198,0.6619992112165155
3685,0.9783333333333334,0.9267160359625881,0.8617886178861789,0.9217391304347826,0.9267160359625881,0.8988472074938141,0.8907563025210083,0.8731466227347612,0.7483461522037921
3686,0.9791666666666666,0.9307810766129945,0.8699186991869918,0.9224137931034483,0.9307810766129946,0.9028329128118868,0.8953974895397491,0.8799342105263158,0.7195638385413666
3687,0.9741666666666666,0.9027900446135381,0.8130081300813008,0.9259259259259259,0.9027900446135381,0.8790503613369468,0.8658008658008658,0.8333333333333333,0.8922570541847282
3688,0.9758333333333333,0.9181217021083861,0.8455284552845529,0.9122807017543859,0.9181217021083861,0.886821245186136,0.8776371308016878,0.8580858085808581,0.8346937595222608
3689,0.9825,0.9434404511176031,0.8943089430894309,0.9322033898305084,0.9434404511176032,0.9186728331266363,0.9128630705394191,0.9016393442622951,0.6044339175604726
3690,0.9766666666666667,0.9149851665647576,0.8373983739837398,0.9279279279279279,0.9149851665647576,0.8909964842891671,0.8803418803418804,0.8540630182421227,0.8059101131974514
3691,0.9783333333333334,0.9231152478655706,0.8536585365853658,0.9292035398230089,0.9231152478655705,0.8989310382041873,0.8898305084745762,0.8677685950413223,0.7483454858726003
3692,0.9808333333333333,0.9353103698167902,0.8780487804878049,0.9310344827586207,0.93531036981679,0.9107916316232127,0.903765690376569,0.8881578947368419,0.6619985448853236
3693,0.9783333333333334,0.9303168240596055,0.8699186991869918,0.9145299145299145,0.9303168240596055,0.8988909735251197,0.8916666666666666,0.8784893267651888,0.7483468185349839
3694,0.9791666666666666,0.9235795004189595,0.8536585365853658,0.9375,0.9235795004189595,0.9030792682926829,0.8936170212765958,0.869205298013245,0.719562505878983
3695,0.9783333333333334,0.9231152478655706,0.8536585365853658,0.9292035398230089,0.9231152478655705,0.8989310382041873,0.8898305084745762,0.8677685950413223,0.7483454858726003
3696,0.9791666666666666,0.9307810766129945,0.8699186991869918,0.9224137931034483,0.9307810766129946,0.9028329128118868,0.8953974895397491,0.8799342105263158,0.7195638385413665
3697,0.9758333333333333,0.9145209140113686,0.8373983739837398,0.9196428571428571,0.9145209140113686,0.8868539488966318,0.876595744680851,0.8526490066225165,0.8346930931910689
3698,0.9783333333333334,0.9303168240596055,0.8699186991869918,0.9145299145299145,0.9303168240596055,0.8988909735251197,0.8916666666666666,0.8784893267651888,0.748346818534984
3699,0.9816666666666667,0.9393754104671966,0.8861788617886179,0.9316239316239316,0.9393754104671966,0.9147347300396081,0.9083333333333333,0.8949096880131364,0.6332162312228982
3700,0.9741666666666666,0.8991892565165206,0.8048780487804879,0.9339622641509434,0.8991892565165205,0.8794201564657157,0.8646288209606988,0.8277591973244148,0.8922563878535362
3701,0.9791666666666666,0.9271802885159771,0.8617886178861789,0.9298245614035088,0.9271802885159771,0.9028899229781772,0.8945147679324894,0.8745874587458744,0.7195631722101747
3702,0.98,0.9312453291663836,0.8699186991869918,0.9304347826086956,0.9312453291663836,0.9068434075645104,0.8991596638655462,0.8813838550247116,0.6907808585477491
3703,0.9775,0.9226509953121815,0.8536585365853658,0.9210526315789473,0.9226509953121815,0.8948555840821566,0.8860759493670887,0.8663366336633662,0.7771284658662178
3704,0.9791666666666666,0.9379826528070294,0.8861788617886179,0.9083333333333333,0.9379826528070294,0.9030894308943089,0.897119341563786,0.8905228758169936,0.7195651712037503
3705,0.9775,0.9190502072151641,0.8455284552845529,0.9285714285714286,0.9190502072151642,0.8949666085946575,0.8851063829787236,0.8609271523178809,0.7771277995350259
3706,0.9783333333333334,0.9267160359625881,0.8617886178861789,0.9217391304347826,0.9267160359625881,0.8988472074938141,0.8907563025210083,0.8731466227347612,0.7483461522037921
3707,0.9791666666666666,0.9307810766129945,0.8699186991869918,0.9224137931034483,0.9307810766129946,0.9028329128118868,0.8953974895397491,0.8799342105263158,0.7195638385413666
3708,0.98,0.942047693457436,0.8943089430894309,0.9090909090909091,0.9420476934574359,0.9071165927568366,0.9016393442622952,0.897226753670473,0.6907828575413246
3709,0.9766666666666667,0.9185859546617751,0.8455284552845529,0.9203539823008849,0.9185859546617752,0.8908578854593857,0.8813559322033898,0.8595041322314051,0.8059107795286432
3710,0.9766666666666667,0.91138437846774,0.8292682926829268,0.9357798165137615,0.91138437846774,0.8912740545983442,0.8793103448275862,0.8485856905158069,0.8059094468662596
3711,0.9808333333333333,0.9317095817197726,0.8699186991869918,0.9385964912280702,0.9317095817197726,0.9109242618741977,0.9029535864978903,0.8828382838283828,0.6619978785541317
3712,0.9783333333333334,0.9195144597685532,0.8455284552845529,0.9369369369369369,0.9195144597685532,0.8991493627774115,0.888888888888889,0.8623548922056385,0.7483448195414084
3713,0.9741666666666666,0.9099916208075729,0.8292682926829268,0.9107142857142857,0.9099916208075729,0.8787412891986063,0.8680851063829788,0.8443708609271523,0.8922583868471118
3714,0.9791666666666666,0.9307810766129945,0.8699186991869918,0.9224137931034483,0.9307810766129946,0.9028329128118868,0.8953974895397491,0.8799342105263158,0.7195638385413665
3715,0.9741666666666666,0.9063908327105555,0.8211382113821138,0.9181818181818182,0.9063908327105556,0.8788266814486327,0.8669527896995709,0.8388704318936877,0.89225772051592
3716,0.9791666666666666,0.9235795004189595,0.8536585365853658,0.9375,0.9235795004189595,0.9030792682926829,0.8936170212765958,0.869205298013245,0.719562505878983
3717,0.9783333333333334,0.9231152478655706,0.8536585365853658,0.9292035398230089,0.9231152478655705,0.8989310382041873,0.8898305084745762,0.8677685950413223,0.7483454858726003
3718,0.9766666666666667,0.9149851665647576,0.8373983739837398,0.9279279279279279,0.9149851665647576,0.8909964842891671,0.8803418803418804,0.8540630182421227,0.8059101131974515
3719,0.9758333333333333,0.9145209140113686,0.8373983739837398,0.9196428571428571,0.9145209140113686,0.8868539488966318,0.876595744680851,0.8526490066225165,0.8346930931910689
3720,0.9741666666666666,0.9099916208075729,0.8292682926829268,0.9107142857142857,0.9099916208075729,0.8787412891986063,0.8680851063829788,0.8443708609271523,0.8922583868471118
3721,0.9766666666666667,0.9149851665647576,0.8373983739837398,0.9279279279279279,0.9149851665647576,0.8909964842891671,0.8803418803418804,0.8540630182421227,0.8059101131974514
3722,0.975,0.9212582376520144,0.8536585365853658,0.8974358974358975,0.9212582376520143,0.8830472170106316,0.875,0.8620689655172412,0.8634774058470699
3723,0.9741666666666666,0.9171931970016078,0.8455284552845529,0.896551724137931,0.917193197001608,0.8789567563779086,0.8702928870292886,0.8552631578947368,0.8922597195094955
3724,0.9766666666666667,0.9185859546617751,0.8455284552845529,0.9203539823008849,0.9185859546617752,0.8908578854593857,0.8813559322033898,0.8595041322314051,0.8059107795286434
3725,0.9775,0.9226509953121815,0.8536585365853658,0.9210526315789473,0.9226509953121815,0.8948555840821566,0.8860759493670887,0.8663366336633662,0.7771284658662176
3726,0.98,0.9312453291663836,0.8699186991869918,0.9304347826086956,0.9312453291663836,0.9068434075645104,0.8991596638655462,0.8813838550247116,0.6907808585477492
3727,0.98,0.9312453291663836,0.8699186991869918,0.9304347826086956,0.9312453291663836,0.9068434075645104,0.8991596638655462,0.8813838550247116,0.6907808585477492
3728,0.9808333333333333,0.9317095817197726,0.8699186991869918,0.9385964912280702,0.9317095817197726,0.9109242618741977,0.9029535864978903,0.8828382838283828,0.6619978785541317
3729,0.9808333333333333,0.9389111579138076,0.8861788617886179,0.923728813559322,0.9389111579138076,0.9107871710073033,0.9045643153526971,0.8934426229508198,0.6619992112165155
3730,0.9808333333333333,0.9317095817197726,0.8699186991869918,0.9385964912280702,0.9317095817197726,0.9109242618741977,0.9029535864978903,0.8828382838283828,0.6619978785541318
3731,0.9791666666666666,0.9271802885159771,0.8617886178861789,0.9298245614035088,0.9271802885159771,0.9028899229781772,0.8945147679324894,0.8745874587458744,0.7195631722101747
3732,0.9808333333333333,0.9353103698167902,0.8780487804878049,0.9310344827586207,0.93531036981679,0.9107916316232127,0.903765690376569,0.8881578947368419,0.6619985448853236
3733,0.9758333333333333,0.9145209140113686,0.8373983739837398,0.9196428571428571,0.9145209140113686,0.8868539488966318,0.876595744680851,0.8526490066225165,0.8346930931910689
3734,0.9791666666666666,0.9235795004189595,0.8536585365853658,0.9375,0.9235795004189595,0.9030792682926829,0.8936170212765958,0.869205298013245,0.719562505878983
3735,0.9766666666666667,0.9221867427587924,0.8536585365853658,0.9130434782608695,0.9221867427587924,0.8908510074231177,0.8823529411764706,0.8649093904448104,0.8059114458598352
3736,0.9791666666666666,0.9271802885159771,0.8617886178861789,0.9298245614035088,0.9271802885159771,0.9028899229781772,0.8945147679324894,0.8745874587458744,0.7195631722101747
3737,0.9775,0.9226509953121815,0.8536585365853658,0.9210526315789473,0.9226509953121815,0.8948555840821566,0.8860759493670887,0.8663366336633662,0.7771284658662176
3738,0.975,0.917657449554997,0.8455284552845529,0.9043478260869565,0.917657449554997,0.8828548073524214,0.8739495798319328,0.85667215815486,0.8634767395158781
3739,0.9758333333333333,0.9145209140113686,0.8373983739837398,0.9196428571428571,0.9145209140113686,0.8868539488966318,0.876595744680851,0.8526490066225165,0.8346930931910689
3740,0.9775,0.9226509953121815,0.8536585365853658,0.9210526315789473,0.9226509953121815,0.8948555840821566,0.8860759493670887,0.8663366336633662,0.7771284658662176
3741,0.9783333333333334,0.9231152478655706,0.8536585365853658,0.9292035398230089,0.9231152478655705,0.8989310382041873,0.8898305084745762,0.8677685950413223,0.7483454858726003
3742,0.9825,0.9398396630205856,0.8861788617886179,0.9396551724137931,0.9398396630205856,0.9187503504345389,0.9121338912133892,0.8963815789473685,0.6044332512292806
3743,0.9791666666666666,0.9271802885159771,0.8617886178861789,0.9298245614035088,0.9271802885159771,0.9028899229781772,0.8945147679324894,0.8745874587458744,0.7195631722101747
3744,0.9783333333333334,0.9195144597685532,0.8455284552845529,0.9369369369369369,0.9195144597685532,0.8991493627774115,0.888888888888889,0.8623548922056385,0.7483448195414085
3745,0.9758333333333333,0.9109201259143511,0.8292682926829268,0.9272727272727272,0.910920125914351,0.887020509977827,0.8755364806866953,0.8471760797342193,0.834692426859877
3746,0.975,0.9140566614579795,0.8373983739837398,0.911504424778761,0.9140566614579795,0.8827847327145837,0.8728813559322035,0.8512396694214875,0.8634760731846863
3747,0.9766666666666667,0.9185859546617751,0.8455284552845529,0.9203539823008849,0.9185859546617752,0.8908578854593857,0.8813559322033898,0.8595041322314051,0.8059107795286434
3748,0.98,0.9312453291663836,0.8699186991869918,0.9304347826086956,0.9312453291663836,0.9068434075645104,0.8991596638655462,0.8813838550247116,0.6907808585477492
3749,0.9783333333333334,0.9267160359625881,0.8617886178861789,0.9217391304347826,0.9267160359625881,0.8988472074938141,0.8907563025210083,0.8731466227347612,0.7483461522037921
3750,0.98,0.9312453291663836,0.8699186991869918,0.9304347826086956,0.9312453291663836,0.9068434075645104,0.8991596638655462,0.8813838550247116,0.6907808585477492
3751,0.9791666666666666,0.9307810766129945,0.8699186991869918,0.9224137931034483,0.9307810766129946,0.9028329128118868,0.8953974895397491,0.8799342105263158,0.7195638385413665
3752,0.9791666666666666,0.9271802885159771,0.8617886178861789,0.9298245614035088,0.9271802885159771,0.9028899229781772,0.8945147679324894,0.8745874587458744,0.7195631722101747
3753,0.9783333333333334,0.9267160359625881,0.8617886178861789,0.9217391304347826,0.9267160359625881,0.8988472074938141,0.8907563025210083,0.8731466227347612,0.7483461522037921
3754,0.9741666666666666,0.9099916208075729,0.8292682926829268,0.9107142857142857,0.9099916208075729,0.8787412891986063,0.8680851063829788,0.8443708609271523,0.8922583868471118
3755,0.9791666666666666,0.9307810766129945,0.8699186991869918,0.9224137931034483,0.9307810766129946,0.9028329128118868,0.8953974895397491,0.8799342105263158,0.7195638385413665
3756,0.98,0.9276445410693661,0.8617886178861789,0.9380530973451328,0.927644541069366,0.9070041909489892,0.8983050847457628,0.8760330578512395,0.6907801922165574
3757,0.98,0.9312453291663836,0.8699186991869918,0.9304347826086956,0.9312453291663836,0.9068434075645104,0.8991596638655462,0.8813838550247116,0.6907808585477492
3758,0.9791666666666666,0.9271802885159771,0.8617886178861789,0.9298245614035088,0.9271802885159771,0.9028899229781772,0.8945147679324894,0.8745874587458744,0.7195631722101747
3759,0.9791666666666666,0.9307810766129945,0.8699186991869918,0.9224137931034483,0.9307810766129946,0.9028329128118868,0.8953974895397491,0.8799342105263158,0.7195638385413666
3760,0.98,0.934846117263401,0.8780487804878049,0.9230769230769231,0.934846117263401,0.906812851782364,0.9,0.8866995073891627,0.6907815248789411
3761,0.9783333333333334,0.9267160359625881,0.8617886178861789,0.9217391304347826,0.9267160359625881,0.8988472074938141,0.8907563025210083,0.8731466227347612,0.7483461522037921
3762,0.98,0.9312453291663836,0.8699186991869918,0.9304347826086956,0.9312453291663836,0.9068434075645104,0.8991596638655462,0.8813838550247116,0.6907808585477491
3763,0.98,0.9384469053604185,0.8861788617886179,0.9159663865546218,0.9384469053604185,0.9069059575049532,0.9008264462809917,0.8919803600654663,0.6907821912101328
3764,0.9775,0.9226509953121815,0.8536585365853658,0.9210526315789473,0.9226509953121815,0.8948555840821566,0.8860759493670887,0.8663366336633662,0.7771284658662178
3765,0.9816666666666667,0.9393754104671966,0.8861788617886179,0.9316239316239316,0.9393754104671966,0.9147347300396081,0.9083333333333333,0.8949096880131364,0.633216231222898
3766,0.9808333333333333,0.9353103698167902,0.8780487804878049,0.9310344827586207,0.93531036981679,0.9107916316232127,0.903765690376569,0.8881578947368419,0.6619985448853236
3767,0.975,0.910455873360962,0.8292682926829268,0.918918918918919,0.910455873360962,0.8828436058009229,0.8717948717948718,0.8457711442786069,0.8634754068534944
3768,0.98,0.9312453291663836,0.8699186991869918,0.9304347826086956,0.9312453291663836,0.9068434075645104,0.8991596638655462,0.8813838550247116,0.6907808585477491
3769,0.9791666666666666,0.9235795004189595,0.8536585365853658,0.9375,0.9235795004189595,0.9030792682926829,0.8936170212765958,0.869205298013245,0.719562505878983
3770,0.9783333333333334,0.9303168240596055,0.8699186991869918,0.9145299145299145,0.9303168240596055,0.8988909735251197,0.8916666666666666,0.8784893267651888,0.748346818534984
3771,0.9775,0.9226509953121815,0.8536585365853658,0.9210526315789473,0.9226509953121815,0.8948555840821566,0.8860759493670887,0.8663366336633662,0.7771284658662178
3772,0.9808333333333333,0.942511946010825,0.8943089430894309,0.9166666666666666,0.942511946010825,0.9109044715447153,0.9053497942386831,0.8986928104575165,0.6619998775477074
3773,0.9791666666666666,0.9307810766129945,0.8699186991869918,0.9224137931034483,0.9307810766129946,0.9028329128118868,0.8953974895397491,0.8799342105263158,0.7195638385413665
3774,0.9758333333333333,0.9109201259143511,0.8292682926829268,0.9272727272727272,0.910920125914351,0.887020509977827,0.8755364806866953,0.8471760797342193,0.834692426859877
3775,0.9808333333333333,0.9353103698167902,0.8780487804878049,0.9310344827586207,0.93531036981679,0.9107916316232127,0.903765690376569,0.8881578947368419,0.6619985448853236
3776,0.9758333333333333,0.9217224902054034,0.8536585365853658,0.9051724137931034,0.9217224902054034,0.8869154751892346,0.8786610878661086,0.8634868421052632,0.8346944258534525
3777,0.9808333333333333,0.9353103698167902,0.8780487804878049,0.9310344827586207,0.93531036981679,0.9107916316232127,0.903765690376569,0.8881578947368419,0.6619985448853236
3778,0.9766666666666667,0.9221867427587924,0.8536585365853658,0.9130434782608695,0.9221867427587924,0.8908510074231177,0.8823529411764706,0.8649093904448104,0.805911445859835
3779,0.9766666666666667,0.9257875308558099,0.8617886178861789,0.905982905982906,0.9257875308558099,0.8909690952678757,0.8833333333333334,0.8702791461412152,0.805912112191027
3780,0.9783333333333334,0.9267160359625881,0.8617886178861789,0.9217391304347826,0.9267160359625881,0.8988472074938141,0.8907563025210083,0.8731466227347612,0.7483461522037921
3781,0.9783333333333334,0.9267160359625881,0.8617886178861789,0.9217391304347826,0.9267160359625881,0.8988472074938141,0.8907563025210083,0.8731466227347612,0.7483461522037921
3782,0.9791666666666666,0.9271802885159771,0.8617886178861789,0.9298245614035088,0.9271802885159771,0.9028899229781772,0.8945147679324894,0.8745874587458744,0.7195631722101747
3783,0.9733333333333334,0.9095273682541839,0.8292682926829268,0.9026548672566371,0.9095273682541838,0.874711579969782,0.8644067796610169,0.8429752066115701,0.9210413668407291
3784,0.9808333333333333,0.9389111579138076,0.8861788617886179,0.923728813559322,0.9389111579138076,0.9107871710073033,0.9045643153526971,0.8934426229508198,0.6619992112165155
3785,0.9783333333333334,0.9267160359625881,0.8617886178861789,0.9217391304347826,0.9267160359625881,0.8988472074938141,0.8907563025210083,0.8731466227347612,0.7483461522037923
3786,0.98,0.9384469053604185,0.8861788617886179,0.9159663865546218,0.9384469053604185,0.9069059575049532,0.9008264462809917,0.8919803600654663,0.6907821912101328
3787,0.9766666666666667,0.9185859546617751,0.8455284552845529,0.9203539823008849,0.9185859546617752,0.8908578854593857,0.8813559322033898,0.8595041322314051,0.8059107795286432
3788,0.9791666666666666,0.9307810766129945,0.8699186991869918,0.9224137931034483,0.9307810766129946,0.9028329128118868,0.8953974895397491,0.8799342105263158,0.7195638385413665
3789,0.9783333333333334,0.9195144597685532,0.8455284552845529,0.9369369369369369,0.9195144597685532,0.8991493627774115,0.888888888888889,0.8623548922056385,0.7483448195414085
3790,0.975,0.917657449554997,0.8455284552845529,0.9043478260869565,0.917657449554997,0.8828548073524214,0.8739495798319328,0.85667215815486,0.8634767395158781
3791,0.9775,0.926251783409199,0.8617886178861789,0.9137931034482759,0.926251783409199,0.8948741940005607,0.887029288702929,0.8717105263157895,0.7771291321974096
3792,0.9783333333333334,0.9267160359625881,0.8617886178861789,0.9217391304347826,0.9267160359625881,0.8988472074938141,0.8907563025210083,0.8731466227347612,0.7483461522037921
3793,0.9758333333333333,0.9181217021083861,0.8455284552845529,0.9122807017543859,0.9181217021083861,0.886821245186136,0.8776371308016878,0.8580858085808581,0.8346937595222608
3794,0.9833333333333333,0.9439047036709921,0.8943089430894309,0.9401709401709402,0.9439047036709921,0.9226566082968523,0.9166666666666666,0.9031198686371099,0.5756509375668551
3795,0.9775,0.926251783409199,0.8617886178861789,0.9137931034482759,0.926251783409199,0.8948741940005607,0.887029288702929,0.8717105263157895,0.7771291321974096
3796,0.9783333333333334,0.9267160359625881,0.8617886178861789,0.9217391304347826,0.9267160359625881,0.8988472074938141,0.8907563025210083,0.8731466227347612,0.7483461522037921
3797,0.9766666666666667,0.91138437846774,0.8292682926829268,0.9357798165137615,0.91138437846774,0.8912740545983442,0.8793103448275862,0.8485856905158069,0.8059094468662596
3798,0.975,0.9140566614579795,0.8373983739837398,0.911504424778761,0.9140566614579795,0.8827847327145837,0.8728813559322035,0.8512396694214875,0.8634760731846863
3799,0.9775,0.9190502072151641,0.8455284552845529,0.9285714285714286,0.9190502072151642,0.8949666085946575,0.8851063829787236,0.8609271523178809,0.777127799535026
3800,0.9783333333333334,0.9231152478655706,0.8536585365853658,0.9292035398230089,0.9231152478655705,0.8989310382041873,0.8898305084745762,0.8677685950413223,0.7483454858726003
3801,0.9775,0.9190502072151641,0.8455284552845529,0.9285714285714286,0.9190502072151642,0.8949666085946575,0.8851063829787236,0.8609271523178809,0.7771277995350259
3802,0.9791666666666666,0.9235795004189595,0.8536585365853658,0.9375,0.9235795004189595,0.9030792682926829,0.8936170212765958,0.869205298013245,0.719562505878983
3803,0.9791666666666666,0.934381864710012,0.8780487804878049,0.9152542372881356,0.934381864710012,0.9029015088879703,0.896265560165975,0.8852459016393444,0.7195645048725584
3804,0.9766666666666667,0.9149851665647576,0.8373983739837398,0.9279279279279279,0.9149851665647576,0.8909964842891671,0.8803418803418804,0.8540630182421227,0.8059101131974514
3805,0.9775,0.9190502072151641,0.8455284552845529,0.9285714285714286,0.9190502072151642,0.8949666085946575,0.8851063829787236,0.8609271523178809,0.7771277995350259
3806,0.98,0.9312453291663836,0.8699186991869918,0.9304347826086956,0.9312453291663836,0.9068434075645104,0.8991596638655462,0.8813838550247116,0.6907808585477492
3807,0.9758333333333333,0.9145209140113686,0.8373983739837398,0.9196428571428571,0.9145209140113686,0.8868539488966318,0.876595744680851,0.8526490066225165,0.8346930931910689
3808,0.9783333333333334,0.9267160359625881,0.8617886178861789,0.9217391304347826,0.9267160359625881,0.8988472074938141,0.8907563025210083,0.8731466227347612,0.7483461522037921
3809,0.9791666666666666,0.934381864710012,0.8780487804878049,0.9152542372881356,0.934381864710012,0.9029015088879703,0.896265560165975,0.8852459016393444,0.7195645048725584
3810,0.9766666666666667,0.9185859546617751,0.8455284552845529,0.9203539823008849,0.9185859546617752,0.8908578854593857,0.8813559322033898,0.8595041322314051,0.8059107795286432
3811,0.9791666666666666,0.9307810766129945,0.8699186991869918,0.9224137931034483,0.9307810766129946,0.9028329128118868,0.8953974895397491,0.8799342105263158,0.7195638385413665
3812,0.9791666666666666,0.9307810766129945,0.8699186991869918,0.9224137931034483,0.9307810766129946,0.9028329128118868,0.8953974895397491,0.8799342105263158,0.7195638385413665
3813,0.9783333333333334,0.9231152478655706,0.8536585365853658,0.9292035398230089,0.9231152478655705,0.8989310382041873,0.8898305084745762,0.8677685950413223,0.7483454858726003
3814,0.9833333333333333,0.9475054917680097,0.9024390243902439,0.9327731092436975,0.9475054917680096,0.9226060668169707,0.9173553719008264,0.9083469721767595,0.5756516038980468
3815,0.9766666666666667,0.9185859546617751,0.8455284552845529,0.9203539823008849,0.9185859546617752,0.8908578854593857,0.8813559322033898,0.8595041322314051,0.8059107795286432
3816,0.98,0.9312453291663836,0.8699186991869918,0.9304347826086956,0.9312453291663836,0.9068434075645104,0.8991596638655462,0.8813838550247116,0.6907808585477491
3817,0.9808333333333333,0.9317095817197726,0.8699186991869918,0.9385964912280702,0.9317095817197726,0.9109242618741977,0.9029535864978903,0.8828382838283828,0.6619978785541317
3818,0.9791666666666666,0.9235795004189595,0.8536585365853658,0.9375,0.9235795004189595,0.9030792682926829,0.8936170212765958,0.869205298013245,0.719562505878983
3819,0.98,0.9276445410693661,0.8617886178861789,0.9380530973451328,0.927644541069366,0.9070041909489892,0.8983050847457628,0.8760330578512395,0.6907801922165574
3820,0.9783333333333334,0.9231152478655706,0.8536585365853658,0.9292035398230089,0.9231152478655705,0.8989310382041873,0.8898305084745762,0.8677685950413223,0.7483454858726003
3821,0.9825,0.9434404511176031,0.8943089430894309,0.9322033898305084,0.9434404511176032,0.9186728331266363,0.9128630705394191,0.9016393442622951,0.6044339175604725
3822,0.9783333333333334,0.9267160359625881,0.8617886178861789,0.9217391304347826,0.9267160359625881,0.8988472074938141,0.8907563025210083,0.8731466227347612,0.7483461522037921
3823,0.9775,0.9226509953121815,0.8536585365853658,0.9210526315789473,0.9226509953121815,0.8948555840821566,0.8860759493670887,0.8663366336633662,0.7771284658662176
3824,0.9791666666666666,0.9271802885159771,0.8617886178861789,0.9298245614035088,0.9271802885159771,0.9028899229781772,0.8945147679324894,0.8745874587458744,0.7195631722101749
3825,0.9783333333333334,0.9303168240596055,0.8699186991869918,0.9145299145299145,0.9303168240596055,0.8988909735251197,0.8916666666666666,0.8784893267651888,0.7483468185349839
3826,0.9758333333333333,0.9109201259143511,0.8292682926829268,0.9272727272727272,0.910920125914351,0.887020509977827,0.8755364806866953,0.8471760797342193,0.8346924268598771
3827,0.9766666666666667,0.9257875308558099,0.8617886178861789,0.905982905982906,0.9257875308558099,0.8909690952678757,0.8833333333333334,0.8702791461412152,0.805912112191027
3828,0.9766666666666667,0.9185859546617751,0.8455284552845529,0.9203539823008849,0.9185859546617752,0.8908578854593857,0.8813559322033898,0.8595041322314051,0.8059107795286432
3829,0.98,0.9312453291663836,0.8699186991869918,0.9304347826086956,0.9312453291663836,0.9068434075645104,0.8991596638655462,0.8813838550247116,0.6907808585477491
3830,0.9775,0.9226509953121815,0.8536585365853658,0.9210526315789473,0.9226509953121815,0.8948555840821566,0.8860759493670887,0.8663366336633662,0.7771284658662178
3831,0.9775,0.9298525715062165,0.8699186991869918,0.9067796610169492,0.9298525715062165,0.8950158467686372,0.8879668049792531,0.8770491803278687,0.7771297985286014
3832,0.9775,0.9190502072151641,0.8455284552845529,0.9285714285714286,0.9190502072151642,0.8949666085946575,0.8851063829787236,0.8609271523178809,0.777127799535026
3833,0.9775,0.9190502072151641,0.8455284552845529,0.9285714285714286,0.9190502072151642,0.8949666085946575,0.8851063829787236,0.8609271523178809,0.7771277995350259
3834,0.975,0.910455873360962,0.8292682926829268,0.918918918918919,0.910455873360962,0.8828436058009229,0.8717948717948718,0.8457711442786069,0.8634754068534944
3835,0.9766666666666667,0.91138437846774,0.8292682926829268,0.9357798165137615,0.91138437846774,0.8912740545983442,0.8793103448275862,0.8485856905158069,0.8059094468662596
3836,0.9783333333333334,0.9267160359625881,0.8617886178861789,0.9217391304347826,0.9267160359625881,0.8988472074938141,0.8907563025210083,0.8731466227347612,0.7483461522037921
3837,0.98,0.934846117263401,0.8780487804878049,0.9230769230769231,0.934846117263401,0.906812851782364,0.9,0.8866995073891627,0.6907815248789411
3838,0.9791666666666666,0.934381864710012,0.8780487804878049,0.9152542372881356,0.934381864710012,0.9029015088879703,0.896265560165975,0.8852459016393444,0.7195645048725584
3839,0.9775,0.9226509953121815,0.8536585365853658,0.9210526315789473,0.9226509953121815,0.8948555840821566,0.8860759493670887,0.8663366336633662,0.7771284658662178
3840,0.9783333333333334,0.9303168240596055,0.8699186991869918,0.9145299145299145,0.9303168240596055,0.8988909735251197,0.8916666666666666,0.8784893267651888,0.748346818534984
3841,0.9783333333333334,0.9159136716715357,0.8373983739837398,0.944954128440367,0.9159136716715356,0.8995095845453867,0.8879310344827587,0.8569051580698835,0.7483441532102167
3842,0.9791666666666666,0.9235795004189595,0.8536585365853658,0.9375,0.9235795004189595,0.9030792682926829,0.8936170212765958,0.869205298013245,0.7195625058789828
3843,0.9758333333333333,0.9217224902054034,0.8536585365853658,0.9051724137931034,0.9217224902054034,0.8869154751892346,0.8786610878661086,0.8634868421052632,0.8346944258534525
3844,0.9791666666666666,0.9235795004189595,0.8536585365853658,0.9375,0.9235795004189595,0.9030792682926829,0.8936170212765958,0.869205298013245,0.719562505878983
3845,0.98,0.9276445410693661,0.8617886178861789,0.9380530973451328,0.927644541069366,0.9070041909489892,0.8983050847457628,0.8760330578512395,0.6907801922165573
3846,0.98,0.9276445410693661,0.8617886178861789,0.9380530973451328,0.927644541069366,0.9070041909489892,0.8983050847457628,0.8760330578512395,0.6907801922165573
3847,0.9766666666666667,0.9149851665647576,0.8373983739837398,0.9279279279279279,0.9149851665647576,0.8909964842891671,0.8803418803418804,0.8540630182421227,0.8059101131974515
3848,0.9791666666666666,0.9271802885159771,0.8617886178861789,0.9298245614035088,0.9271802885159771,0.9028899229781772,0.8945147679324894,0.8745874587458744,0.7195631722101747
3849,0.9783333333333334,0.9303168240596055,0.8699186991869918,0.9145299145299145,0.9303168240596055,0.8988909735251197,0.8916666666666666,0.8784893267651888,0.7483468185349839
3850,0.9808333333333333,0.9353103698167902,0.8780487804878049,0.9310344827586207,0.93531036981679,0.9107916316232127,0.903765690376569,0.8881578947368419,0.6619985448853236
3851,0.9808333333333333,0.9317095817197726,0.8699186991869918,0.9385964912280702,0.9317095817197726,0.9109242618741977,0.9029535864978903,0.8828382838283828,0.6619978785541317
3852,0.975,0.9140566614579795,0.8373983739837398,0.911504424778761,0.9140566614579795,0.8827847327145837,0.8728813559322035,0.8512396694214875,0.8634760731846863
3853,0.9741666666666666,0.9099916208075729,0.8292682926829268,0.9107142857142857,0.9099916208075729,0.8787412891986063,0.8680851063829788,0.8443708609271523,0.8922583868471118
3854,0.98,0.9312453291663836,0.8699186991869918,0.9304347826086956,0.9312453291663836,0.9068434075645104,0.8991596638655462,0.8813838550247116,0.6907808585477491
3855,0.9758333333333333,0.9109201259143511,0.8292682926829268,0.9272727272727272,0.910920125914351,0.887020509977827,0.8755364806866953,0.8471760797342193,0.834692426859877
3856,0.9791666666666666,0.9271802885159771,0.8617886178861789,0.9298245614035088,0.9271802885159771,0.9028899229781772,0.8945147679324894,0.8745874587458744,0.7195631722101747
3857,0.9816666666666667,0.9393754104671966,0.8861788617886179,0.9316239316239316,0.9393754104671966,0.9147347300396081,0.9083333333333333,0.8949096880131364,0.633216231222898
3858,0.9775,0.926251783409199,0.8617886178861789,0.9137931034482759,0.926251783409199,0.8948741940005607,0.887029288702929,0.8717105263157895,0.7771291321974095
3859,0.98,0.9312453291663836,0.8699186991869918,0.9304347826086956,0.9312453291663836,0.9068434075645104,0.8991596638655462,0.8813838550247116,0.6907808585477492
3860,0.9758333333333333,0.9109201259143511,0.8292682926829268,0.9272727272727272,0.910920125914351,0.887020509977827,0.8755364806866953,0.8471760797342193,0.8346924268598771
3861,0.9758333333333333,0.9145209140113686,0.8373983739837398,0.9196428571428571,0.9145209140113686,0.8868539488966318,0.876595744680851,0.8526490066225165,0.8346930931910689
3862,0.9775,0.9190502072151641,0.8455284552845529,0.9285714285714286,0.9190502072151642,0.8949666085946575,0.8851063829787236,0.8609271523178809,0.7771277995350259
3863,0.9766666666666667,0.9185859546617751,0.8455284552845529,0.9203539823008849,0.9185859546617752,0.8908578854593857,0.8813559322033898,0.8595041322314051,0.8059107795286434
3864,0.9783333333333334,0.933917612156623,0.8780487804878049,0.907563025210084,0.9339176121566228,0.8990559028489444,0.8925619834710744,0.8837970540098199,0.7483474848661757
3865,0.9766666666666667,0.9185859546617751,0.8455284552845529,0.9203539823008849,0.9185859546617752,0.8908578854593857,0.8813559322033898,0.8595041322314051,0.8059107795286434
3866,0.9775,0.9226509953121815,0.8536585365853658,0.9210526315789473,0.9226509953121815,0.8948555840821566,0.8860759493670887,0.8663366336633662,0.7771284658662178
3867,0.9816666666666667,0.942976198564214,0.8943089430894309,0.9243697478991597,0.9429761985642141,0.9147560121609619,0.9090909090909092,0.9001636661211129,0.6332168975540899
3868,0.9766666666666667,0.9257875308558099,0.8617886178861789,0.905982905982906,0.9257875308558099,0.8909690952678757,0.8833333333333334,0.8702791461412152,0.805912112191027
3869,0.98,0.9312453291663836,0.8699186991869918,0.9304347826086956,0.9312453291663836,0.9068434075645104,0.8991596638655462,0.8813838550247116,0.6907808585477492
3870,0.9783333333333334,0.9267160359625881,0.8617886178861789,0.9217391304347826,0.9267160359625881,0.8988472074938141,0.8907563025210083,0.8731466227347612,0.7483461522037921
3871,0.9775,0.9226509953121815,0.8536585365853658,0.9210526315789473,0.9226509953121815,0.8948555840821566,0.8860759493670887,0.8663366336633662,0.7771284658662176
3872,0.9783333333333334,0.9303168240596055,0.8699186991869918,0.9145299145299145,0.9303168240596055,0.8988909735251197,0.8916666666666666,0.8784893267651888,0.7483468185349839
3873,0.98,0.9312453291663836,0.8699186991869918,0.9304347826086956,0.9312453291663836,0.9068434075645104,0.8991596638655462,0.8813838550247116,0.6907808585477492
3874,0.9783333333333334,0.9267160359625881,0.8617886178861789,0.9217391304347826,0.9267160359625881,0.8988472074938141,0.8907563025210083,0.8731466227347612,0.7483461522037921
3875,0.9791666666666666,0.9271802885159771,0.8617886178861789,0.9298245614035088,0.9271802885159771,0.9028899229781772,0.8945147679324894,0.8745874587458744,0.7195631722101747
3876,0.9758333333333333,0.9145209140113686,0.8373983739837398,0.9196428571428571,0.9145209140113686,0.8868539488966318,0.876595744680851,0.8526490066225165,0.8346930931910689
3877,0.9775,0.926251783409199,0.8617886178861789,0.9137931034482759,0.926251783409199,0.8948741940005607,0.887029288702929,0.8717105263157895,0.7771291321974095
3878,0.9775,0.9226509953121815,0.8536585365853658,0.9210526315789473,0.9226509953121815,0.8948555840821566,0.8860759493670887,0.8663366336633662,0.7771284658662179
3879,0.9833333333333333,0.9403039155739747,0.8861788617886179,0.9478260869565217,0.9403039155739746,0.9228358077059031,0.9159663865546218,0.8978583196046129,0.5756502712356633
3880,0.9783333333333334,0.9195144597685532,0.8455284552845529,0.9369369369369369,0.9195144597685532,0.8991493627774115,0.888888888888889,0.8623548922056385,0.7483448195414085
3881,0.9766666666666667,0.9185859546617751,0.8455284552845529,0.9203539823008849,0.9185859546617752,0.8908578854593857,0.8813559322033898,0.8595041322314051,0.8059107795286432
3882,0.9783333333333334,0.9231152478655706,0.8536585365853658,0.9292035398230089,0.9231152478655705,0.8989310382041873,0.8898305084745762,0.8677685950413223,0.7483454858726004
3883,0.98,0.934846117263401,0.8780487804878049,0.9230769230769231,0.934846117263401,0.906812851782364,0.9,0.8866995073891627,0.6907815248789411
3884,0.9766666666666667,0.9221867427587924,0.8536585365853658,0.9130434782608695,0.9221867427587924,0.8908510074231177,0.8823529411764706,0.8649093904448104,0.8059114458598351
3885,0.9783333333333334,0.9231152478655706,0.8536585365853658,0.9292035398230089,0.9231152478655705,0.8989310382041873,0.8898305084745762,0.8677685950413223,0.7483454858726004
3886,0.98,0.9312453291663836,0.8699186991869918,0.9304347826086956,0.9312453291663836,0.9068434075645104,0.8991596638655462,0.8813838550247116,0.6907808585477492
3887,0.9783333333333334,0.933917612156623,0.8780487804878049,0.907563025210084,0.9339176121566228,0.8990559028489444,0.8925619834710744,0.8837970540098199,0.7483474848661759
3888,0.9766666666666667,0.9185859546617751,0.8455284552845529,0.9203539823008849,0.9185859546617752,0.8908578854593857,0.8813559322033898,0.8595041322314051,0.8059107795286434
3889,0.9766666666666667,0.9293883189528274,0.8699186991869918,0.8991596638655462,0.9293883189528274,0.8912058481929357,0.884297520661157,0.8756137479541736,0.8059127785222188
3890,0.9808333333333333,0.9281087936227552,0.8617886178861789,0.9464285714285714,0.9281087936227551,0.9111919279907085,0.902127659574468,0.8774834437086091,0.6619972122229401
3891,0.9783333333333334,0.9159136716715357,0.8373983739837398,0.944954128440367,0.9159136716715356,0.8995095845453867,0.8879310344827587,0.8569051580698835,0.7483441532102167
3892,0.9783333333333334,0.9231152478655706,0.8536585365853658,0.9292035398230089,0.9231152478655705,0.8989310382041873,0.8898305084745762,0.8677685950413223,0.7483454858726003
3893,0.98,0.9312453291663836,0.8699186991869918,0.9304347826086956,0.9312453291663836,0.9068434075645104,0.8991596638655462,0.8813838550247116,0.6907808585477491
3894,0.9775,0.9190502072151641,0.8455284552845529,0.9285714285714286,0.9190502072151642,0.8949666085946575,0.8851063829787236,0.8609271523178809,0.777127799535026
3895,0.9808333333333333,0.9353103698167902,0.8780487804878049,0.9310344827586207,0.93531036981679,0.9107916316232127,0.903765690376569,0.8881578947368419,0.6619985448853236
3896,0.9808333333333333,0.9389111579138076,0.8861788617886179,0.923728813559322,0.9389111579138076,0.9107871710073033,0.9045643153526971,0.8934426229508198,0.6619992112165155
3897,0.9758333333333333,0.9181217021083861,0.8455284552845529,0.9122807017543859,0.9181217021083861,0.886821245186136,0.8776371308016878,0.8580858085808581,0.8346937595222608
3898,0.9783333333333334,0.9303168240596055,0.8699186991869918,0.9145299145299145,0.9303168240596055,0.8988909735251197,0.8916666666666666,0.8784893267651888,0.748346818534984
3899,0.9775,0.926251783409199,0.8617886178861789,0.9137931034482759,0.926251783409199,0.8948741940005607,0.887029288702929,0.8717105263157895,0.7771291321974095
3900,0.98,0.9312453291663836,0.8699186991869918,0.9304347826086956,0.9312453291663836,0.9068434075645104,0.8991596638655462,0.8813838550247116,0.6907808585477492
3901,0.9816666666666667,0.935774622370179,0.8780487804878049,0.9391304347826087,0.9357746223701789,0.9148396076352068,0.907563025210084,0.8896210873146623,0.6332155648917062
3902,0.9766666666666667,0.9185859546617751,0.8455284552845529,0.9203539823008849,0.9185859546617752,0.8908578854593857,0.8813559322033898,0.8595041322314051,0.8059107795286433
3903,0.9783333333333334,0.9267160359625881,0.8617886178861789,0.9217391304347826,0.9267160359625881,0.8988472074938141,0.8907563025210083,0.8731466227347612,0.7483461522037921
3904,0.9825,0.9434404511176031,0.8943089430894309,0.9322033898305084,0.9434404511176032,0.9186728331266363,0.9128630705394191,0.9016393442622951,0.6044339175604725
3905,0.9775,0.9298525715062165,0.8699186991869918,0.9067796610169492,0.9298525715062165,0.8950158467686372,0.8879668049792531,0.8770491803278687,0.7771297985286013
3906,0.9758333333333333,0.9181217021083861,0.8455284552845529,0.9122807017543859,0.9181217021083861,0.886821245186136,0.8776371308016878,0.8580858085808581,0.8346937595222608
3907,0.9791666666666666,0.9271802885159771,0.8617886178861789,0.9298245614035088,0.9271802885159771,0.9028899229781772,0.8945147679324894,0.8745874587458744,0.7195631722101747
3908,0.98,0.934846117263401,0.8780487804878049,0.9230769230769231,0.934846117263401,0.906812851782364,0.9,0.8866995073891627,0.6907815248789411
3909,0.9758333333333333,0.9109201259143511,0.8292682926829268,0.9272727272727272,0.910920125914351,0.887020509977827,0.8755364806866953,0.8471760797342193,0.8346924268598771
3910,0.9783333333333334,0.9231152478655706,0.8536585365853658,0.9292035398230089,0.9231152478655705,0.8989310382041873,0.8898305084745762,0.8677685950413223,0.7483454858726003
3911,0.9758333333333333,0.9109201259143511,0.8292682926829268,0.9272727272727272,0.910920125914351,0.887020509977827,0.8755364806866953,0.8471760797342193,0.834692426859877
3912,0.9791666666666666,0.9271802885159771,0.8617886178861789,0.9298245614035088,0.9271802885159771,0.9028899229781772,0.8945147679324894,0.8745874587458744,0.7195631722101747
3913,0.9775,0.9190502072151641,0.8455284552845529,0.9285714285714286,0.9190502072151642,0.8949666085946575,0.8851063829787236,0.8609271523178809,0.7771277995350259
3914,0.9808333333333333,0.9353103698167902,0.8780487804878049,0.9310344827586207,0.93531036981679,0.9107916316232127,0.903765690376569,0.8881578947368419,0.6619985448853236
3915,0.9791666666666666,0.9307810766129945,0.8699186991869918,0.9224137931034483,0.9307810766129946,0.9028329128118868,0.8953974895397491,0.8799342105263158,0.7195638385413665
3916,0.9758333333333333,0.9217224902054034,0.8536585365853658,0.9051724137931034,0.9217224902054034,0.8869154751892346,0.8786610878661086,0.8634868421052632,0.8346944258534525
3917,0.975,0.9068550852639445,0.8211382113821138,0.926605504587156,0.9068550852639446,0.8830385246513016,0.8706896551724138,0.8402662229617305,0.8634747405223027
3918,0.9783333333333334,0.9267160359625881,0.8617886178861789,0.9217391304347826,0.9267160359625881,0.8988472074938141,0.8907563025210083,0.8731466227347612,0.7483461522037921
3919,0.9783333333333334,0.9267160359625881,0.8617886178861789,0.9217391304347826,0.9267160359625881,0.8988472074938141,0.8907563025210083,0.8731466227347612,0.7483461522037922
3920,0.9808333333333333,0.9317095817197726,0.8699186991869918,0.9385964912280702,0.9317095817197726,0.9109242618741977,0.9029535864978903,0.8828382838283828,0.6619978785541318
3921,0.9791666666666666,0.934381864710012,0.8780487804878049,0.9152542372881356,0.934381864710012,0.9029015088879703,0.896265560165975,0.8852459016393444,0.7195645048725584
3922,0.9791666666666666,0.9307810766129945,0.8699186991869918,0.9224137931034483,0.9307810766129946,0.9028329128118868,0.8953974895397491,0.8799342105263158,0.7195638385413665
3923,0.9775,0.926251783409199,0.8617886178861789,0.9137931034482759,0.926251783409199,0.8948741940005607,0.887029288702929,0.8717105263157895,0.7771291321974095
3924,0.98,0.934846117263401,0.8780487804878049,0.9230769230769231,0.934846117263401,0.906812851782364,0.9,0.8866995073891627,0.6907815248789411
3925,0.9783333333333334,0.9267160359625881,0.8617886178861789,0.9217391304347826,0.9267160359625881,0.8988472074938141,0.8907563025210083,0.8731466227347612,0.7483461522037921
3926,0.9783333333333334,0.9303168240596055,0.8699186991869918,0.9145299145299145,0.9303168240596055,0.8988909735251197,0.8916666666666666,0.8784893267651888,0.7483468185349839
3927,0.98,0.934846117263401,0.8780487804878049,0.9230769230769231,0.934846117263401,0.906812851782364,0.9,0.8866995073891627,0.6907815248789411
3928,0.9775,0.9190502072151641,0.8455284552845529,0.9285714285714286,0.9190502072151642,0.8949666085946575,0.8851063829787236,0.8609271523178809,0.7771277995350259
3929,0.9783333333333334,0.9267160359625881,0.8617886178861789,0.9217391304347826,0.9267160359625881,0.8988472074938141,0.8907563025210083,0.8731466227347612,0.7483461522037921
3930,0.9783333333333334,0.9231152478655706,0.8536585365853658,0.9292035398230089,0.9231152478655705,0.8989310382041873,0.8898305084745762,0.8677685950413223,0.7483454858726003
3931,0.9808333333333333,0.9389111579138076,0.8861788617886179,0.923728813559322,0.9389111579138076,0.9107871710073033,0.9045643153526971,0.8934426229508198,0.6619992112165155
3932,0.9808333333333333,0.9389111579138076,0.8861788617886179,0.923728813559322,0.9389111579138076,0.9107871710073033,0.9045643153526971,0.8934426229508198,0.6619992112165155
3933,0.9783333333333334,0.9267160359625881,0.8617886178861789,0.9217391304347826,0.9267160359625881,0.8988472074938141,0.8907563025210083,0.8731466227347612,0.7483461522037921
3934,0.9808333333333333,0.9317095817197726,0.8699186991869918,0.9385964912280702,0.9317095817197726,0.9109242618741977,0.9029535864978903,0.8828382838283828,0.6619978785541317
3935,0.9758333333333333,0.9109201259143511,0.8292682926829268,0.9272727272727272,0.910920125914351,0.887020509977827,0.8755364806866953,0.8471760797342193,0.834692426859877
3936,0.975,0.910455873360962,0.8292682926829268,0.918918918918919,0.910455873360962,0.8828436058009229,0.8717948717948718,0.8457711442786069,0.8634754068534944
3937,0.9783333333333334,0.9267160359625881,0.8617886178861789,0.9217391304347826,0.9267160359625881,0.8988472074938141,0.8907563025210083,0.8731466227347612,0.7483461522037921
3938,0.9783333333333334,0.9231152478655706,0.8536585365853658,0.9292035398230089,0.9231152478655705,0.8989310382041873,0.8898305084745762,0.8677685950413223,0.7483454858726003
3939,0.9791666666666666,0.9199787123219422,0.8455284552845529,0.9454545454545454,0.9199787123219422,0.9034081670362158,0.8927038626609443,0.8637873754152826,0.7195618395477911
3940,0.9783333333333334,0.9267160359625881,0.8617886178861789,0.9217391304347826,0.9267160359625881,0.8988472074938141,0.8907563025210083,0.8731466227347612,0.7483461522037922
3941,0.9741666666666666,0.9135924089045904,0.8373983739837398,0.9035087719298246,0.9135924089045905,0.8787869062901155,0.869198312236287,0.8498349834983498,0.8922590531783037
3942,0.9783333333333334,0.9231152478655706,0.8536585365853658,0.9292035398230089,0.9231152478655705,0.8989310382041873,0.8898305084745762,0.8677685950413223,0.7483454858726003
3943,0.9783333333333334,0.9231152478655706,0.8536585365853658,0.9292035398230089,0.9231152478655705,0.8989310382041873,0.8898305084745762,0.8677685950413223,0.7483454858726003
3944,0.9783333333333334,0.9303168240596055,0.8699186991869918,0.9145299145299145,0.9303168240596055,0.8988909735251197,0.8916666666666666,0.8784893267651888,0.7483468185349841
3945,0.9816666666666667,0.935774622370179,0.8780487804878049,0.9391304347826087,0.9357746223701789,0.9148396076352068,0.907563025210084,0.8896210873146623,0.6332155648917063
3946,0.9816666666666667,0.9393754104671966,0.8861788617886179,0.9316239316239316,0.9393754104671966,0.9147347300396081,0.9083333333333333,0.8949096880131364,0.6332162312228982
3947,0.9791666666666666,0.9235795004189595,0.8536585365853658,0.9375,0.9235795004189595,0.9030792682926829,0.8936170212765958,0.869205298013245,0.7195625058789828
3948,0.9808333333333333,0.9317095817197726,0.8699186991869918,0.9385964912280702,0.9317095817197726,0.9109242618741977,0.9029535864978903,0.8828382838283828,0.6619978785541318
3949,0.9783333333333334,0.9303168240596055,0.8699186991869918,0.9145299145299145,0.9303168240596055,0.8988909735251197,0.8916666666666666,0.8784893267651888,0.7483468185349841
3950,0.9783333333333334,0.9303168240596055,0.8699186991869918,0.9145299145299145,0.9303168240596055,0.8988909735251197,0.8916666666666666,0.8784893267651888,0.7483468185349839
3951,0.9758333333333333,0.9217224902054034,0.8536585365853658,0.9051724137931034,0.9217224902054034,0.8869154751892346,0.8786610878661086,0.8634868421052632,0.8346944258534527
3952,0.9808333333333333,0.9353103698167902,0.8780487804878049,0.9310344827586207,0.93531036981679,0.9107916316232127,0.903765690376569,0.8881578947368419,0.6619985448853236
3953,0.9791666666666666,0.934381864710012,0.8780487804878049,0.9152542372881356,0.934381864710012,0.9029015088879703,0.896265560165975,0.8852459016393444,0.7195645048725584
3954,0.9783333333333334,0.9231152478655706,0.8536585365853658,0.9292035398230089,0.9231152478655705,0.8989310382041873,0.8898305084745762,0.8677685950413223,0.7483454858726003
3955,0.9783333333333334,0.9195144597685532,0.8455284552845529,0.9369369369369369,0.9195144597685532,0.8991493627774115,0.888888888888889,0.8623548922056385,0.7483448195414085
3956,0.9766666666666667,0.9149851665647576,0.8373983739837398,0.9279279279279279,0.9149851665647576,0.8909964842891671,0.8803418803418804,0.8540630182421227,0.8059101131974514
3957,0.9783333333333334,0.9303168240596055,0.8699186991869918,0.9145299145299145,0.9303168240596055,0.8988909735251197,0.8916666666666666,0.8784893267651888,0.748346818534984
3958,0.9791666666666666,0.9271802885159771,0.8617886178861789,0.9298245614035088,0.9271802885159771,0.9028899229781772,0.8945147679324894,0.8745874587458744,0.7195631722101747
3959,0.9775,0.9226509953121815,0.8536585365853658,0.9210526315789473,0.9226509953121815,0.8948555840821566,0.8860759493670887,0.8663366336633662,0.7771284658662176
3960,0.9775,0.9190502072151641,0.8455284552845529,0.9285714285714286,0.9190502072151642,0.8949666085946575,0.8851063829787236,0.8609271523178809,0.7771277995350259
3961,0.9791666666666666,0.9307810766129945,0.8699186991869918,0.9224137931034483,0.9307810766129946,0.9028329128118868,0.8953974895397491,0.8799342105263158,0.7195638385413665
3962,0.9783333333333334,0.9195144597685532,0.8455284552845529,0.9369369369369369,0.9195144597685532,0.8991493627774115,0.888888888888889,0.8623548922056385,0.7483448195414085
3963,0.9783333333333334,0.9231152478655706,0.8536585365853658,0.9292035398230089,0.9231152478655705,0.8989310382041873,0.8898305084745762,0.8677685950413223,0.7483454858726003
3964,0.9766666666666667,0.9185859546617751,0.8455284552845529,0.9203539823008849,0.9185859546617752,0.8908578854593857,0.8813559322033898,0.8595041322314051,0.8059107795286433
3965,0.9816666666666667,0.9321738342731616,0.8699186991869918,0.9469026548672567,0.9321738342731616,0.9150773436937908,0.9067796610169492,0.884297520661157,0.6332148985605144
3966,0.9766666666666667,0.9221867427587924,0.8536585365853658,0.9130434782608695,0.9221867427587924,0.8908510074231177,0.8823529411764706,0.8649093904448104,0.8059114458598352
3967,0.9766666666666667,0.9221867427587924,0.8536585365853658,0.9130434782608695,0.9221867427587924,0.8908510074231177,0.8823529411764706,0.8649093904448104,0.8059114458598351
3968,0.9791666666666666,0.9307810766129945,0.8699186991869918,0.9224137931034483,0.9307810766129946,0.9028329128118868,0.8953974895397491,0.8799342105263158,0.7195638385413666
3969,0.9758333333333333,0.9217224902054034,0.8536585365853658,0.9051724137931034,0.9217224902054034,0.8869154751892346,0.8786610878661086,0.8634868421052632,0.8346944258534525
3970,0.9766666666666667,0.9221867427587924,0.8536585365853658,0.9130434782608695,0.9221867427587924,0.8908510074231177,0.8823529411764706,0.8649093904448104,0.8059114458598352
3971,0.9833333333333333,0.9475054917680097,0.9024390243902439,0.9327731092436975,0.9475054917680096,0.9226060668169707,0.9173553719008264,0.9083469721767595,0.5756516038980469
3972,0.98,0.934846117263401,0.8780487804878049,0.9230769230769231,0.934846117263401,0.906812851782364,0.9,0.8866995073891627,0.6907815248789411
3973,0.9775,0.9226509953121815,0.8536585365853658,0.9210526315789473,0.9226509953121815,0.8948555840821566,0.8860759493670887,0.8663366336633662,0.7771284658662178
3974,0.98,0.9276445410693661,0.8617886178861789,0.9380530973451328,0.927644541069366,0.9070041909489892,0.8983050847457628,0.8760330578512395,0.6907801922165574
3975,0.9808333333333333,0.9317095817197726,0.8699186991869918,0.9385964912280702,0.9317095817197726,0.9109242618741977,0.9029535864978903,0.8828382838283828,0.6619978785541318
3976,0.975,0.910455873360962,0.8292682926829268,0.918918918918919,0.910455873360962,0.8828436058009229,0.8717948717948718,0.8457711442786069,0.8634754068534944
3977,0.9741666666666666,0.9027900446135381,0.8130081300813008,0.9259259259259259,0.9027900446135381,0.8790503613369468,0.8658008658008658,0.8333333333333333,0.8922570541847282
3978,0.9791666666666666,0.9307810766129945,0.8699186991869918,0.9224137931034483,0.9307810766129946,0.9028329128118868,0.8953974895397491,0.8799342105263158,0.7195638385413665
3979,0.9775,0.9190502072151641,0.8455284552845529,0.9285714285714286,0.9190502072151642,0.8949666085946575,0.8851063829787236,0.8609271523178809,0.7771277995350259
3980,0.9783333333333334,0.9267160359625881,0.8617886178861789,0.9217391304347826,0.9267160359625881,0.8988472074938141,0.8907563025210083,0.8731466227347612,0.7483461522037923
3981,0.9808333333333333,0.9353103698167902,0.8780487804878049,0.9310344827586207,0.93531036981679,0.9107916316232127,0.903765690376569,0.8881578947368419,0.6619985448853236
3982,0.9766666666666667,0.9149851665647576,0.8373983739837398,0.9279279279279279,0.9149851665647576,0.8909964842891671,0.8803418803418804,0.8540630182421227,0.8059101131974514
3983,0.9741666666666666,0.9063908327105555,0.8211382113821138,0.9181818181818182,0.9063908327105556,0.8788266814486327,0.8669527896995709,0.8388704318936877,0.89225772051592
3984,0.98,0.9312453291663836,0.8699186991869918,0.9304347826086956,0.9312453291663836,0.9068434075645104,0.8991596638655462,0.8813838550247116,0.6907808585477492
3985,0.9758333333333333,0.9181217021083861,0.8455284552845529,0.9122807017543859,0.9181217021083861,0.886821245186136,0.8776371308016878,0.8580858085808581,0.8346937595222608
3986,0.9766666666666667,0.9221867427587924,0.8536585365853658,0.9130434782608695,0.9221867427587924,0.8908510074231177,0.8823529411764706,0.8649093904448104,0.8059114458598351
3987,0.98,0.9276445410693661,0.8617886178861789,0.9380530973451328,0.927644541069366,0.9070041909489892,0.8983050847457628,0.8760330578512395,0.6907801922165574
3988,0.9791666666666666,0.9307810766129945,0.8699186991869918,0.9224137931034483,0.9307810766129946,0.9028329128118868,0.8953974895397491,0.8799342105263158,0.7195638385413665
3989,0.98,0.9276445410693661,0.8617886178861789,0.9380530973451328,0.927644541069366,0.9070041909489892,0.8983050847457628,0.8760330578512395,0.6907801922165573
3990,0.9783333333333334,0.9267160359625881,0.8617886178861789,0.9217391304347826,0.9267160359625881,0.8988472074938141,0.8907563025210083,0.8731466227347612,0.7483461522037922
3991,0.9775,0.9226509953121815,0.8536585365853658,0.9210526315789473,0.9226509953121815,0.8948555840821566,0.8860759493670887,0.8663366336633662,0.7771284658662176
3992,0.9833333333333333,0.9439047036709921,0.8943089430894309,0.9401709401709402,0.9439047036709921,0.9226566082968523,0.9166666666666666,0.9031198686371099,0.575650937566855
3993,0.9791666666666666,0.934381864710012,0.8780487804878049,0.9152542372881356,0.934381864710012,0.9029015088879703,0.896265560165975,0.8852459016393444,0.7195645048725584
3994,0.9775,0.9190502072151641,0.8455284552845529,0.9285714285714286,0.9190502072151642,0.8949666085946575,0.8851063829787236,0.8609271523178809,0.7771277995350259
3995,0.9775,0.9226509953121815,0.8536585365853658,0.9210526315789473,0.9226509953121815,0.8948555840821566,0.8860759493670887,0.8663366336633662,0.7771284658662176
3996,0.9775,0.926251783409199,0.8617886178861789,0.9137931034482759,0.926251783409199,0.8948741940005607,0.887029288702929,0.8717105263157895,0.7771291321974095
3997,0.9775,0.9190502072151641,0.8455284552845529,0.9285714285714286,0.9190502072151642,0.8949666085946575,0.8851063829787236,0.8609271523178809,0.7771277995350259
3998,0.9783333333333334,0.9195144597685532,0.8455284552845529,0.9369369369369369,0.9195144597685532,0.8991493627774115,0.888888888888889,0.8623548922056385,0.7483448195414085
3999,0.9775,0.926251783409199,0.8617886178861789,0.9137931034482759,0.926251783409199,0.8948741940005607,0.887029288702929,0.8717105263157895,0.7771291321974095
4000,0.9775,0.926251783409199,0.8617886178861789,0.9137931034482759,0.926251783409199,0.8948741940005607,0.887029288702929,0.8717105263157895,0.7771291321974095
