Unnamed: 0,accuracy,balanced_accuracy,recall,precision,auc,pr_auc,f1_score,f2_score,log_loss
0,0.755,0.7549993194425539,0.7545909849749582,0.7545909849749582,0.7549993194425542,0.8158409849749583,0.7545909849749582,0.7545909849749582,8.462098167438317
1,0.755,0.7549965416570601,0.7529215358931552,0.7554438860971524,0.7549965416570602,0.8158493776618205,0.7541806020066891,0.7534246575342466,8.462097501107127
2,0.7558333333333334,0.7558368217689493,0.7579298831385642,0.7541528239202658,0.7558368217689494,0.8164580201960817,0.7560366361365529,0.7571714476317544,8.433316520107082
3,0.7608333333333334,0.7608173911594198,0.7512520868113522,0.7653061224489796,0.7608173911594198,0.8203624379634993,0.7582139848357203,0.7540214477211796,8.260615974820611
4,0.76,0.759988222189506,0.7529215358931552,0.7631133671742809,0.759988222189506,0.8196841182003848,0.7579831932773108,0.7549380649481084,8.28939962114542
5,0.7525,0.7524868124633679,0.7445742904841403,0.7559322033898305,0.7524868124633679,0.8140032469369853,0.7502102607232969,0.7468184862692564,8.54844310943202
6,0.7616666666666667,0.7616743379842722,0.7662771285475793,0.7586776859504132,0.7616743379842722,0.8208107405823296,0.7624584717607974,0.7647450849716763,8.23183899180772
7,0.7475,0.7474979097164158,0.7462437395659433,0.7474916387959866,0.7474979097164158,0.8102010225142983,0.7468671679197995,0.7464929859719439,8.721141655724914
8,0.7525,0.7525034791763309,0.7545909849749582,0.7508305647840532,0.7525034791763311,0.8139607748795058,0.75270607826811,0.753835890593729,8.54844710741917
9,0.7633333333333333,0.7633271203531121,0.7595993322203672,0.7647058823529411,0.7633271203531121,0.8221526072866542,0.7621440536013399,0.7606151788699431,8.174270366495717
10,0.7583333333333333,0.7582937730382584,0.7345575959933222,0.7705779334500875,0.7582937730382584,0.8188177647217048,0.7521367521367521,0.7414897202561509,8.346958251489545
11,0.7558333333333334,0.7557923772010477,0.7312186978297162,0.7684210526315789,0.7557923772010477,0.8169032085639809,0.7493584260051325,0.7383681726230614,8.433305858808014
12,0.7608333333333334,0.7608201689449137,0.7529215358931552,0.7644067796610171,0.7608201689449138,0.8203308244437528,0.7586206896551725,0.7551908908238446,8.260616641151804
13,0.7575,0.7574618262828507,0.7345575959933222,0.7692307692307693,0.7574618262828507,0.8181441826120457,0.7514944491887274,0.7412398921832883,8.375741231483161
14,0.7516666666666667,0.7516465323514787,0.7395659432387313,0.7572649572649572,0.7516465323514788,0.8134154502518443,0.7483108108108109,0.7430392485743039,8.577224090432058
15,0.7608333333333334,0.7607951688754692,0.7378964941569283,0.7727272727272727,0.7607951688754692,0.8207285501087671,0.7549103330486764,0.7446091644204852,8.260610644171077
16,0.7566666666666667,0.7566437684549123,0.7429048414023373,0.7632933104631218,0.7566437684549123,0.8172657425993962,0.7529610829103215,0.7468949311849614,8.404527543132739
17,0.7483333333333333,0.7482965230458973,0.7262103505843072,0.7591623036649214,0.7482965230458973,0.8110196604579477,0.7423208191126279,0.7325698888514652,8.692350679756995
18,0.755,0.7549632082311339,0.7328881469115192,0.7661431064572426,0.7549632082311339,0.8161822933510475,0.7491467576791808,0.7393061636914785,8.462089505132822
19,0.76,0.7599771110475306,0.7462437395659433,0.7667238421955404,0.7599771110475307,0.8198171242140749,0.7563451776649746,0.7502517623363545,8.289396955820653
20,0.7483333333333333,0.7483020786168849,0.7295492487479132,0.7573656845753901,0.7483020786168849,0.8109574666616516,0.7431972789115647,0.7349478641103262,8.692352012419379
21,0.765,0.7649854582929396,0.7562604340567612,0.769100169779287,0.7649854582929397,0.8235136352513575,0.7626262626262625,0.7587939698492462,8.116703073846098
22,0.7566666666666667,0.7566493240259,0.7462437395659433,0.7614991482112436,0.7566493240259001,0.8172047772219267,0.7537942664418213,0.7492457257794167,8.404528875795123
23,0.7591666666666667,0.7591284975791599,0.7362270450751253,0.7709790209790209,0.75912849757916,0.8194363663604063,0.753202391118702,0.7429245283018868,8.31817593782712
24,0.75,0.7499798610551696,0.7378964941569283,0.7555555555555555,0.7499798610551696,0.8121426915229085,0.7466216216216215,0.7413619590741363,8.634789384088101
25,0.7483333333333333,0.7483020786168849,0.7295492487479132,0.7573656845753901,0.7483020786168849,0.8109574666616516,0.7431972789115647,0.7349478641103262,8.692352012419379
26,0.7541666666666667,0.7541451504031955,0.7412353923205343,0.7602739726027398,0.7541451504031956,0.8153380157949703,0.7506339814032122,0.7449664429530202,8.490875816782399
27,0.7466666666666667,0.7466131850366251,0.7145242070116862,0.7629233511586453,0.7466131850366251,0.8099737790851658,0.7379310344827588,0.7237064592492392,8.749911975425887
28,0.7641666666666667,0.7641285114680874,0.7412353923205343,0.7762237762237763,0.7641285114680875,0.8233129176054885,0.7583262169086251,0.7479784366576819,8.14548005685899
29,0.7608333333333334,0.7608062800174444,0.7445742904841403,0.7689655172413793,0.7608062800174445,0.8205199038627597,0.7565733672603902,0.7493279569892473,8.260613309495845
30,0.7525,0.7524590346084294,0.7278797996661102,0.7649122807017544,0.7524590346084294,0.8143127068505991,0.7459366980325065,0.7349966284558327,8.5484364461201
31,0.7541666666666667,0.7541284836902324,0.7312186978297162,0.7657342657342657,0.7541284836902324,0.8155598151153243,0.7480785653287788,0.7378706199460916,8.490871818795247
32,0.7541666666666667,0.7541118169772694,0.7212020033388982,0.7714285714285715,0.7541118169772694,0.8158986207170681,0.7454702329594478,0.7307171853856563,8.490867820808099
33,0.76,0.759988222189506,0.7529215358931552,0.7631133671742809,0.759988222189506,0.8196841182003848,0.7579831932773108,0.7549380649481084,8.289399621145419
34,0.7508333333333334,0.7507868077411326,0.7228714524207012,0.7650176678445229,0.7507868077411326,0.8131112267992787,0.7433476394849786,0.7309250506414585,8.606000407113758
35,0.7583333333333333,0.7583159953222092,0.7479131886477463,0.7632027257240205,0.7583159953222092,0.8184746238525501,0.7554806070826307,0.7509218907140462,8.346963582139079
36,0.7533333333333333,0.7533270925752571,0.7495826377295493,0.7546218487394958,0.7533270925752572,0.8146022432345226,0.7520938023450585,0.7505850885991308,8.519662128431975
37,0.7616666666666667,0.7616632268422967,0.7595993322203672,0.7621440536013401,0.7616632268422968,0.8208716929108536,0.7608695652173914,0.7601069161376545,8.231836326482952
38,0.7491666666666666,0.749164581012725,0.7479131886477463,0.7491638795986622,0.7491645810127251,0.8114552007898709,0.7485380116959064,0.7481629926519706,8.66357636206887
39,0.7541666666666667,0.7541784838291217,0.7612687813021702,0.75,0.7541784838291218,0.8152177239844185,0.7555923777961888,0.758988015978695,8.490883812756701
40,0.7566666666666667,0.7566576573823816,0.7512520868113522,0.7588532883642496,0.7566576573823817,0.8171360209211342,0.7550335570469798,0.7527601204416192,8.404530874788696
41,0.7533333333333333,0.7533326481462448,0.7529215358931552,0.7529215358931552,0.7533326481462449,0.8145882025598219,0.7529215358931554,0.7529215358931552,8.519663461094359
42,0.755,0.7549659860166278,0.7345575959933222,0.7652173913043478,0.7549659860166278,0.8161374936488349,0.7495741056218057,0.7404914170313026,8.462090171464014
43,0.7625,0.7625368403801122,0.7846410684474123,0.7507987220447284,0.7625368403801122,0.8214698952460704,0.7673469387755101,0.7776307081403044,8.203063341457213
44,0.7566666666666667,0.7566548795968877,0.7495826377295493,0.7597292724196277,0.7566548795968878,0.8171559550745885,0.7546218487394958,0.7515902243053231,8.404530208457505
45,0.7708333333333334,0.7707951966533241,0.7479131886477463,0.7832167832167832,0.7707951966533241,0.8284816525989315,0.7651579846285226,0.7547169811320755,7.915218882234819
46,0.7608333333333334,0.7608229467304075,0.7545909849749582,0.7635135135135135,0.7608229467304076,0.8203022492442359,0.7590260285474391,0.7563587684069611,8.260617307482995
47,0.7541666666666667,0.7541562615451709,0.7479131886477463,0.7567567567567568,0.7541562615451708,0.8152516393689182,0.7523089840470194,0.7496653279785811,8.490878482107169
48,0.755,0.7550020972280478,0.7562604340567612,0.7537437603993344,0.7550020972280479,0.8158354305613812,0.7550000000000001,0.7557557557557558,8.462098833769508
49,0.7558333333333334,0.7558257106269739,0.7512520868113522,0.7575757575757576,0.7558257106269741,0.8164972555268882,0.7544006705783739,0.7525083612040134,8.433313854782313
50,0.7558333333333334,0.7558118216995047,0.7429048414023373,0.7619863013698629,0.7558118216995047,0.8166122380527668,0.7523245984784446,0.7466442953020135,8.433310523126357
51,0.7575,0.7574923819232829,0.7529215358931552,0.7592592592592593,0.7574923819232829,0.8177570642428741,0.7560771165129926,0.7541806020066889,8.375748561126272
52,0.7641666666666667,0.7641590671085197,0.7595993322203672,0.765993265993266,0.7641590671085198,0.8227962991068166,0.7627829002514669,0.7608695652173912,8.145487386502099
53,0.7583333333333333,0.7583076619657276,0.7429048414023373,0.76592082616179,0.7583076619657277,0.8185795004487303,0.7542372881355932,0.7473967080953979,8.346961583145504
54,0.7583333333333333,0.7583215508931969,0.7512520868113522,0.7614213197969543,0.7583215508931971,0.8184200366374865,0.7563025210084032,0.7532641446267158,8.346964914801463
55,0.7591666666666667,0.7591396087211353,0.7429048414023373,0.7672413793103449,0.7591396087211354,0.8192397770230077,0.7548770144189992,0.7476478494623656,8.318178603151887
56,0.7558333333333334,0.7558257106269739,0.7512520868113522,0.7575757575757576,0.7558257106269741,0.8164972555268882,0.7544006705783739,0.7525083612040134,8.433313854782313
57,0.76,0.7599937777604937,0.7562604340567612,0.761344537815126,0.7599937777604937,0.819635819269277,0.7587939698492461,0.7572718154463389,8.289400953807805
58,0.7575,0.7574757152103199,0.7429048414023373,0.7646048109965635,0.7574757152103201,0.8179214928661169,0.7535986452159187,0.7471457353928812,8.37574456313912
59,0.7541666666666667,0.7541534837596771,0.7462437395659433,0.7576271186440678,0.7541534837596772,0.8152687624383388,0.751892346509672,0.7484929671801741,8.490877815775976
60,0.7725,0.7724896458045717,0.7662771285475793,0.7753378378378378,0.7724896458045717,0.8291408165260419,0.7707808564231738,0.7680722891566265,7.857660251890692
61,0.7525,0.7524951458198494,0.7495826377295493,0.7533557046979866,0.7524951458198496,0.8139691712137679,0.7514644351464435,0.7503342245989305,8.548445108425593
62,0.7708333333333334,0.7708313078647441,0.7696160267111853,0.7709030100334449,0.7708313078647441,0.8277595183723151,0.7702589807852965,0.769873079492318,7.915227544540312
63,0.7575,0.7574951597087769,0.7545909849749582,0.7583892617449665,0.7574951597087769,0.8177401233599623,0.7564853556485356,0.7553475935828876,8.375749227457463
64,0.7533333333333333,0.7533382037172325,0.7562604340567612,0.7512437810945274,0.7533382037172326,0.8145854409089777,0.7537437603993344,0.7552517505835278,8.519664793756744
65,0.7716666666666666,0.7716549212636702,0.7646076794657763,0.7749576988155669,0.7716549212636702,0.8285326891406716,0.7697478991596639,0.7666555071978574,7.88644256555312
66,0.7658333333333334,0.7658368495468043,0.7679465776293823,0.7641196013289037,0.7658368495468043,0.8239497561458096,0.7660283097418819,0.7671781187458305,8.087924758170825
67,0.7658333333333334,0.7658201828338411,0.7579298831385642,0.7694915254237288,0.7658201828338412,0.8241273709478132,0.7636669470142977,0.7602143335565974,8.087920760183675
68,0.7575,0.7574757152103199,0.7429048414023373,0.7646048109965635,0.7574757152103201,0.8179214928661169,0.7535986452159187,0.7471457353928812,8.37574456313912
69,0.7625,0.7624896180267167,0.7562604340567612,0.7652027027027027,0.7624896180267167,0.8215649017130653,0.7607052896725441,0.7580321285140562,8.203052013826952
70,0.7608333333333334,0.7608396134433707,0.7646076794657763,0.7582781456953642,0.7608396134433707,0.8201929125805703,0.7614297589359933,0.7633333333333333,8.260621305470146
71,0.7716666666666666,0.7716604768346579,0.7679465776293823,0.773109243697479,0.7716604768346578,0.8284445773300974,0.7705192629815746,0.7689735874289536,7.886443898215503
72,0.7616666666666667,0.7616826713407537,0.7712854757929883,0.7561374795417348,0.7616826713407537,0.820794811000695,0.7636363636363636,0.768207515796475,8.231840990801295
73,0.7675,0.7674785207736687,0.7545909849749582,0.773972602739726,0.7674785207736688,0.8255317938573422,0.7641589180050719,0.7583892617449665,8.030353467534058
74,0.7591666666666667,0.7591729421470614,0.7629382303839732,0.7566225165562914,0.7591729421470615,0.8189470401367991,0.7597672485453034,0.7616666666666666,8.31818659912619
75,0.7716666666666666,0.7716743657621271,0.7762938230383973,0.7685950413223142,0.771674365762127,0.828277765513689,0.7724252491694353,0.7747417527490836,7.886447229871463
76,0.7541666666666667,0.7541757060436278,0.7595993322203672,0.7508250825082509,0.7541757060436279,0.8152122073643091,0.7551867219917013,0.7578281145902731,8.49088314642551
77,0.7658333333333334,0.7658312939758166,0.7646076794657763,0.7658862876254181,0.7658312939758166,0.8239969835455974,0.7652464494569757,0.7648630594522379,8.087923425508443
78,0.7658333333333334,0.7658340717613105,0.7662771285475793,0.765,0.7658340717613105,0.8239718976071231,0.7656380316930774,0.7660213618157544,8.087924091839634
79,0.7708333333333334,0.7708229745082625,0.7646076794657763,0.7736486486486487,0.7708229745082625,0.8278781640572125,0.7691015952980691,0.7663989290495314,7.915225545546737
80,0.76,0.7599937777604937,0.7562604340567612,0.761344537815126,0.7599937777604937,0.819635819269277,0.7587939698492461,0.7572718154463389,8.289400953807803
81,0.7741666666666667,0.7741590948863747,0.7696160267111853,0.7760942760942761,0.7741590948863747,0.8303551514027306,0.7728415758591787,0.7709030100334449,7.8000956245658415
82,0.7733333333333333,0.7733410370584363,0.7779632721202003,0.7702479338842976,0.7733410370584363,0.8295222696689156,0.7740863787375415,0.7764078640453183,7.828881936215417
83,0.7641666666666667,0.7641757338214828,0.7696160267111853,0.7607260726072608,0.7641757338214828,0.8226710496592231,0.7651452282157677,0.7678214523650899,8.145491384489253
84,0.7616666666666667,0.7616715601987784,0.7646076794657763,0.7595356550580431,0.7616715601987784,0.8208216672619096,0.7620632279534109,0.7635878626208736,8.231838325476529
85,0.7616666666666667,0.7616743379842722,0.7662771285475793,0.7586776859504132,0.7616743379842722,0.8208107405823296,0.7624584717607974,0.7647450849716763,8.23183899180772
86,0.7608333333333334,0.7608535023708399,0.7729549248747913,0.754071661237785,0.7608535023708399,0.8201799597229549,0.763396537510305,0.7691029900332226,8.260624637126107
87,0.7591666666666667,0.7591840532890369,0.7696160267111853,0.7532679738562091,0.7591840532890369,0.8189420002836971,0.7613542526837325,0.7662898936170213,8.318189264450957
88,0.7733333333333333,0.7733299259164609,0.7712854757929883,0.7738693467336684,0.7733299259164609,0.8296607445966616,0.7725752508361204,0.7718008686936185,7.828879270890652
89,0.7616666666666667,0.7616771157697659,0.7679465776293823,0.7578253706754531,0.7616771157697659,0.8208026408190843,0.7628524046434496,0.7659007659007658,8.231839658138911
90,0.7775,0.777492437478993,0.7729549248747913,0.7794612794612794,0.7774924374789929,0.8328747688347021,0.7761944677284157,0.7742474916387959,7.6849650372537575
91,0.7608333333333334,0.7608562801563338,0.7746243739565943,0.7532467532467533,0.7608562801563338,0.8201855636016737,0.7637860082304527,0.7702523240371847,8.260625303457296
92,0.7666666666666667,0.7666715740877058,0.7696160267111853,0.7645107794361525,0.7666715740877058,0.8245634030736689,0.7670549084858569,0.7685895298432811,8.0591424445084
93,0.7733333333333333,0.7733660371278811,0.7929883138564274,0.7624398073836276,0.7733660371278809,0.8293807272866941,0.7774140752864158,0.7866843325604506,7.828887933196148
94,0.7575,0.7575090486362461,0.7629382303839732,0.7541254125412541,0.7575090486362461,0.8176984881292804,0.7585062240663899,0.7611592271818788,8.375752559113423
95,0.7741666666666667,0.7741757615993378,0.7796327212020033,0.7706270627062707,0.7741757615993378,0.8301298919541371,0.775103734439834,0.7778147901399066,7.8000996225529935
96,0.7841666666666667,0.7841424559512665,0.7696160267111853,0.7920962199312714,0.7841424559512664,0.8383561233212283,0.7806943268416596,0.7740094022834116,7.454699864642433
97,0.7691666666666667,0.7691757477104103,0.7746243739565943,0.7656765676567657,0.7691757477104103,0.8264004708066799,0.7701244813278009,0.7728181212524984,7.972795503521121
98,0.7691666666666667,0.7691868588523857,0.7813021702838063,0.7622149837133549,0.7691868588523857,0.8263419103319142,0.7716405605935698,0.7774086378737541,7.972798168845889
99,0.775,0.7749854860707946,0.7662771285475793,0.7792869269949066,0.7749854860707946,0.8311153611045763,0.7727272727272728,0.7688442211055276,7.771311311909841
100,0.77,0.7700160278222995,0.7796327212020033,0.7643207855973814,0.7700160278222995,0.8269767533996925,0.7719008264462809,0.7765214499501164,7.944014522521081
101,0.7741666666666667,0.774153539315387,0.7662771285475793,0.7779661016949152,0.774153539315387,0.8304549484545806,0.7720773759461732,0.7685867381111856,7.8000942919034575
102,0.7575,0.7575034930652584,0.7595993322203672,0.7558139534883721,0.7575034930652585,0.8177066428543697,0.7577019150707743,0.758839226150767,8.375751226451039
103,0.76,0.7600021111169752,0.7612687813021702,0.7587354409317804,0.7600021111169752,0.8195854444503087,0.76,0.7607607607607608,8.289402952801378
104,0.7733333333333333,0.7733132592034977,0.7612687813021702,0.7794871794871795,0.7733132592034978,0.8299613137280082,0.7702702702702703,0.7648440120764843,7.828875272903503
105,0.7825,0.7824896735824266,0.7762938230383973,0.785472972972973,0.7824896735824266,0.8367167313390186,0.7808564231738035,0.7781124497991968,7.512268489954437
106,0.7808333333333334,0.7808341134280928,0.7813021702838063,0.78,0.7808341134280928,0.8352344184752365,0.7806505421184321,0.7810413885180241,7.569836448935248
107,0.7608333333333334,0.7608312800868889,0.7595993322203672,0.7608695652173914,0.7608312800868892,0.8202344487188794,0.7602339181286549,0.7598530394121576,8.26061930647657
108,0.7858333333333334,0.7858369051025141,0.7879799666110183,0.7840531561461794,0.7858369051025141,0.8389332280452656,0.7860116569525396,0.7871914609739826,7.397141234298309
109,0.775,0.7749993749982639,0.7746243739565943,0.7746243739565943,0.7749993749982639,0.8308743739565942,0.7746243739565944,0.7746243739565943,7.7713146435658
110,0.7675,0.7675035208431135,0.7696160267111853,0.7657807308970099,0.7675035208431135,0.8251983788040975,0.7676935886761032,0.7688458972648433,8.030359464514783
111,0.7783333333333333,0.7783466065183514,0.7863105175292153,0.7733990147783252,0.7783466065183514,0.8331880994871036,0.7798013245033112,0.7836938435940101,7.6561873879096725
112,0.7808333333333334,0.7808202245006236,0.7729549248747913,0.7847457627118644,0.7808202245006236,0.8355170104599945,0.7788057190916736,0.775284661754856,7.569833117279287
113,0.7766666666666666,0.7766521573671038,0.7679465776293823,0.7809847198641766,0.7766521573671038,0.8323823154134462,0.7744107744107744,0.7705192629815746,7.713746018253799
114,0.7758333333333334,0.7758146550407085,0.7646076794657763,0.7815699658703071,0.7758146550407085,0.8318388226680418,0.7729957805907173,0.7679409792085848,7.742527665585032
115,0.7766666666666666,0.7766632685090792,0.7746243739565943,0.7772194304857621,0.7766632685090792,0.8321719022211782,0.7759197324414715,0.7751419979953225,7.713748683578566
116,0.775,0.7750049305692516,0.7779632721202003,0.7728026533996684,0.7750049305692516,0.8307996294266009,0.7753743760399335,0.7769256418806268,7.771315976228187
117,0.775,0.7750021527837577,0.7762938230383973,0.7737104825291181,0.7750021527837577,0.8308354861170909,0.7749999999999999,0.7757757757757758,7.771315309896994
118,0.7775,0.7774841041225115,0.7679465776293823,0.782312925170068,0.7774841041225115,0.8330464180663919,0.7750631844987362,0.7707774798927614,7.684963038260181
119,0.7841666666666667,0.7841841227336743,0.7946577629382304,0.7777777777777778,0.7841841227336742,0.8374677703580041,0.7861271676300579,0.7912234042553192,7.454709859610312
120,0.77,0.7700049166803241,0.7729549248747913,0.7678275290215588,0.7700049166803241,0.8270578936148417,0.7703826955074874,0.7719239746582194,7.944011857196313
121,0.7775,0.7774868819080053,0.7696160267111853,0.7813559322033898,0.7774868819080053,0.8329859794572876,0.7754415475189235,0.7719356999330208,7.684963704591373
122,0.7741666666666667,0.7741702060283501,0.7762938230383973,0.7724252491694352,0.7741702060283501,0.8301928694372497,0.7743547044129891,0.7755170113408941,7.8000982898906095
123,0.7833333333333333,0.7833243981233281,0.7779632721202003,0.7858347386172007,0.7833243981233281,0.8373156720353672,0.7818791946308724,0.7795249247239878,7.483486176292011
124,0.7783333333333333,0.7783549398748331,0.7913188647746243,0.7707317073170732,0.7783549398748331,0.8331086193791821,0.7808896210873146,0.7871139156426435,7.656189386903249
125,0.7708333333333334,0.7708285300792502,0.7679465776293823,0.7718120805369127,0.7708285300792502,0.8277959957498142,0.7698744769874477,0.7687165775401069,7.91522687820912
126,0.78,0.7800132778146606,0.7879799666110183,0.7750410509031199,0.7800132778146606,0.8344271754237358,0.7814569536423842,0.7853577371048253,7.59862209425363
127,0.7683333333333333,0.7683493565259903,0.7779632721202003,0.762684124386252,0.7683493565259903,0.8257403649198929,0.7702479338842975,0.7748586631193879,8.001579816177124
128,0.7791666666666667,0.7791841088447468,0.7896494156928213,0.7728758169934641,0.7791841088447468,0.8337626163431426,0.7811725846407929,0.7862367021276595,7.627405740578442
129,0.7658333333333334,0.7658312939758166,0.7646076794657763,0.7658862876254181,0.7658312939758166,0.8239969835455974,0.7652464494569757,0.7648630594522379,8.087923425508443
130,0.7866666666666666,0.7866660740724281,0.7863105175292153,0.7863105175292153,0.7866660740724281,0.8396438508625486,0.7863105175292153,0.7863105175292153,7.368357587973501
131,0.7758333333333334,0.7758340995391654,0.7762938230383973,0.775,0.7758340995391654,0.8314802448525319,0.7756463719766472,0.7760347129506008,7.742532329903375
132,0.79,0.7900105278070217,0.7963272120200334,0.785831960461285,0.7900105278070216,0.8419129195739925,0.7910447761194029,0.7942057942057943,7.253229665986183
133,0.7733333333333333,0.7733410370584363,0.7779632721202003,0.7702479338842976,0.7733410370584363,0.8295222696689156,0.7740863787375415,0.7764078640453183,7.828881936215419
134,0.7716666666666666,0.7716688101911394,0.7729549248747913,0.7703826955074875,0.7716688101911394,0.8283354768578062,0.7716666666666666,0.7724391057724392,7.886445897209077
135,0.7783333333333333,0.7783466065183514,0.7863105175292153,0.7733990147783252,0.7783466065183514,0.8331880994871036,0.7798013245033112,0.7836938435940101,7.6561873879096725
136,0.7641666666666667,0.7641590671085197,0.7595993322203672,0.765993265993266,0.7641590671085198,0.8227962991068166,0.7627829002514669,0.7608695652173912,8.145487386502099
137,0.7716666666666666,0.7716660324056456,0.7712854757929883,0.7712854757929883,0.7716660324056456,0.8283688091263217,0.7712854757929885,0.7712854757929883,7.886445230877887
138,0.77,0.7700049166803241,0.7729549248747913,0.7678275290215588,0.7700049166803241,0.8270578936148417,0.7703826955074874,0.7719239746582194,7.944011857196313
139,0.775,0.7750049305692516,0.7779632721202003,0.7728026533996684,0.7750049305692516,0.8307996294266009,0.7753743760399335,0.7769256418806268,7.771315976228187
140,0.7691666666666667,0.7691646365684349,0.7679465776293823,0.7692307692307693,0.7691646365684348,0.8265053400967424,0.7685881370091897,0.7682030728122913,7.972792838196356
141,0.7808333333333334,0.7808396689990805,0.7846410684474123,0.7781456953642384,0.7808396689990805,0.8351433819058254,0.7813798836242727,0.7833333333333333,7.56983778159763
142,0.7791666666666667,0.7791757754882652,0.7846410684474123,0.7755775577557755,0.7791757754882652,0.8338593131015939,0.7800829875518672,0.7828114590273151,7.627403741584864
143,0.7741666666666667,0.7741674282428562,0.7746243739565943,0.7733333333333333,0.7741674282428562,0.8302288536449639,0.7739783152627189,0.7743658210947929,7.8000976235594175
144,0.7783333333333333,0.7783549398748331,0.7913188647746243,0.7707317073170732,0.7783549398748331,0.8331086193791821,0.7808896210873146,0.7871139156426435,7.656189386903249
145,0.7908333333333334,0.7908480301334171,0.7996661101836394,0.7852459016393443,0.790848030133417,0.8424560059114918,0.7923904052936313,0.7967398536260811,7.224448018654948
146,0.7866666666666666,0.7866827407853911,0.7963272120200334,0.7806873977086743,0.786682740785391,0.8393406381976872,0.7884297520661158,0.7931493182573994,7.368361585960651
147,0.7791666666666667,0.7791479976333268,0.7679465776293823,0.7849829351535836,0.7791479976333268,0.8343814230581497,0.7763713080168776,0.7712944332662643,7.627397078272946
148,0.77,0.7700104722513118,0.7762938230383973,0.7660626029654036,0.7700104722513118,0.8270115463352338,0.7711442786069651,0.7742257742257743,7.944013189858698
149,0.7816666666666666,0.7816966158239329,0.7996661101836394,0.7713365539452496,0.7816966158239328,0.8355013320644444,0.7852459016393443,0.7938349353662578,7.54106079858474
150,0.7775,0.7775257709049193,0.7929883138564274,0.7686084142394822,0.7775257709049191,0.8324650307146215,0.7806080525883321,0.7879893828798941,7.684973033228059
151,0.7708333333333334,0.7708368634357318,0.7729549248747913,0.7691029900332226,0.7708368634357318,0.8276956241206737,0.7710241465445462,0.7721814543028687,7.915228877202695
152,0.7875,0.7875007986133294,0.7879799666110183,0.7866666666666666,0.7875007986133294,0.8402399833055091,0.7873227689741451,0.7877169559412549,7.339575274311075
153,0.7866666666666666,0.7866632962869341,0.7846410684474123,0.7872696817420436,0.7866632962869341,0.839705375094728,0.7859531772575251,0.7851653859004343,7.368356921642307
154,0.7833333333333333,0.7833355092653035,0.7846410684474123,0.7820299500831946,0.7833355092653035,0.8370855092653036,0.7833333333333332,0.7841174507841175,7.4834888416167775
155,0.7833333333333333,0.7833493981927728,0.7929883138564274,0.7774140752864157,0.7833493981927727,0.8368678612380881,0.7851239669421488,0.7898237445959428,7.4834921732727375
156,0.7825,0.7824980069389081,0.7813021702838063,0.7826086956521741,0.7824980069389081,0.8365387663013235,0.7819548872180452,0.781563126252505,7.512270488948013
157,0.79,0.7899827499520832,0.7796327212020033,0.7955706984667802,0.7899827499520831,0.8426017098343918,0.7875210792580102,0.7827690244720079,7.253223002674265
158,0.7808333333333334,0.7808424467845744,0.7863105175292153,0.7772277227722773,0.7808424467845744,0.8351024534840796,0.7817427385892116,0.7844770153231179,7.569838447928822
159,0.775,0.7750271528532023,0.7913188647746243,0.7657512116316639,0.7750271528532023,0.8306183715364776,0.7783251231527093,0.7860696517412935,7.771321306877719
160,0.7758333333333334,0.77585909960861,0.7913188647746243,0.7669902912621359,0.77585909960861,0.8312379113517135,0.7789646672144617,0.7863304578633046,7.742538326884103
161,0.7775,0.7775202153339315,0.7896494156928213,0.7703583061889251,0.7775202153339315,0.8325038609408733,0.7798845836768342,0.7857142857142857,7.684971700565674
162,0.7783333333333333,0.7783438287328576,0.7846410684474123,0.7742998352553542,0.7783438287328576,0.8332204518513833,0.7794361525704809,0.7825507825507826,7.656186721578482
163,0.775,0.77499659721277,0.7729549248747913,0.7755443886097152,0.77499659721277,0.8309163234089199,0.7742474916387959,0.7734714333444704,7.771313977234608
164,0.785,0.7850105139180942,0.7913188647746243,0.7808896210873146,0.7850105139180942,0.8381875762643028,0.7860696517412935,0.7892107892107891,7.42592554695431
165,0.7858333333333334,0.7858369051025141,0.7879799666110183,0.7840531561461794,0.7858369051025141,0.8389332280452656,0.7860116569525396,0.7871914609739826,7.397141234298309
166,0.7858333333333334,0.7858202383895511,0.7779632721202003,0.7898305084745763,0.7858202383895511,0.839313556964055,0.7838519764507991,0.7803081044876089,7.397137236311157
167,0.775,0.7750188194967208,0.7863105175292153,0.7683523654159871,0.7750188194967208,0.8306647748059345,0.7772277227722771,0.7826520438683948,7.771319307884143
168,0.7758333333333334,0.7758202106116961,0.7679465776293823,0.7796610169491526,0.7758202106116959,0.8317204639559341,0.7737594617325484,0.7702612190221032,7.742528998247418
169,0.7791666666666667,0.7791757754882652,0.7846410684474123,0.7755775577557755,0.7791757754882652,0.8338593131015939,0.7800829875518672,0.7828114590273151,7.627403741584864
170,0.7858333333333334,0.7858369051025141,0.7879799666110183,0.7840531561461794,0.7858369051025141,0.8389332280452656,0.7860116569525396,0.7871914609739826,7.397141234298309
171,0.7716666666666666,0.7716854769041025,0.7829716193656093,0.765089722675367,0.7716854769041025,0.8281973376871549,0.7739273927392739,0.7793286806247923,7.886449895196228
172,0.7916666666666666,0.7916549768193801,0.7846410684474123,0.7952622673434856,0.7916549768193801,0.8437016678954491,0.7899159663865546,0.7867425510545697,7.195659041680603
173,0.7825,0.7825035625098958,0.7846410684474123,0.7807308970099668,0.7825035625098958,0.8364359827286897,0.7826810990840964,0.7838559039359573,7.512271821610395
174,0.7833333333333333,0.783327175908822,0.7796327212020033,0.7848739495798319,0.783327175908822,0.8372533353909176,0.7822445561139029,0.7806753594115681,7.4834868426232015
175,0.7816666666666666,0.7816771713254759,0.7879799666110183,0.7775947281713345,0.7816771713254759,0.8357040140578431,0.7827529021558872,0.7858807858807858,7.541056134266398
176,0.7816666666666666,0.7816660601835005,0.7813021702838063,0.7813021702838063,0.7816660601835005,0.8358855036171396,0.7813021702838063,0.7813021702838063,7.5410534689416275
177,0.7866666666666666,0.7866660740724281,0.7863105175292153,0.7863105175292153,0.7866660740724281,0.8396438508625486,0.7863105175292153,0.7863105175292153,7.368357587973501
178,0.7925,0.7924869235747877,0.7846410684474123,0.7966101694915254,0.7924869235747877,0.8443756189694689,0.7905803195962994,0.7870060281312793,7.166876061686986
179,0.7883333333333333,0.7883438565107126,0.7946577629382304,0.7841845140032949,0.7883438565107126,0.8406711384707627,0.7893864013266998,0.7925407925407926,7.310794959642223
180,0.7875,0.7874980208278356,0.7863105175292153,0.7876254180602007,0.7874980208278356,0.8403013011280414,0.7869674185463659,0.7865731462925852,7.3395746079798805
181,0.7816666666666666,0.7816493934705374,0.7712854757929883,0.7870528109028959,0.7816493934705374,0.8362524766812756,0.7790893760539629,0.7743881997988602,7.541049470954478
182,0.7758333333333334,0.7758340995391654,0.7762938230383973,0.775,0.7758340995391654,0.8314802448525319,0.7756463719766472,0.7760347129506008,7.742532329903375
183,0.7841666666666667,0.7841563448787358,0.7779632721202003,0.7871621621621622,0.7841563448787358,0.8379793838078481,0.7825356842989085,0.7797858099062919,7.454703196298393
184,0.7775,0.7775007708354745,0.7779632721202003,0.7766666666666666,0.7775007708354744,0.8327316360601001,0.7773144286905755,0.7777036048064085,7.684967036247332
185,0.7708333333333334,0.7708340856502379,0.7712854757929883,0.77,0.7708340856502379,0.8277260712298274,0.7706422018348623,0.7710280373831776,7.915228210871503
186,0.7841666666666667,0.7841674560207111,0.7846410684474123,0.7833333333333333,0.7841674560207111,0.8377372008903727,0.7839866555462887,0.7843791722296395,7.454705861623161
187,0.7858333333333334,0.7858369051025141,0.7879799666110183,0.7840531561461794,0.7858369051025141,0.8389332280452656,0.7860116569525396,0.7871914609739826,7.397141234298309
188,0.785,0.7849994027761188,0.7846410684474123,0.7846410684474123,0.7849994027761188,0.8383910684474123,0.7846410684474123,0.7846410684474123,7.4259228816295435
189,0.775,0.7750077083547454,0.7796327212020033,0.7719008264462809,0.7750077083547454,0.8307667738241422,0.7757475083056479,0.7780739753415528,7.771316642559376
190,0.77,0.7699826943963732,0.7595993322203672,0.7751277683134583,0.7699826943963732,0.8273635502669128,0.7672849915682969,0.7626550452564532,7.944006526546778
191,0.7816666666666666,0.7816799491109697,0.7896494156928213,0.7766830870279147,0.7816799491109697,0.835666251360368,0.7831125827814569,0.7870216306156407,7.5410568005975875
192,0.7791666666666667,0.7791757754882652,0.7846410684474123,0.7755775577557755,0.7791757754882652,0.8338593131015939,0.7800829875518672,0.7828114590273151,7.627403741584864
193,0.7741666666666667,0.7741674282428562,0.7746243739565943,0.7733333333333333,0.7741674282428562,0.8302288536449639,0.7739783152627189,0.7743658210947929,7.800097623559419
194,0.7708333333333334,0.7708201967227686,0.7629382303839732,0.7745762711864407,0.7708201967227687,0.8279239174518737,0.768713204373423,0.7652377762893502,7.915224879215544
195,0.7766666666666666,0.7766410462251283,0.7612687813021702,0.7848537005163512,0.7766410462251284,0.8326445742425941,0.7728813559322034,0.7658716829022505,7.713743352929032
196,0.7808333333333334,0.7808313356425992,0.7796327212020033,0.7809364548494984,0.7808313356425992,0.8352845880257509,0.7802840434419381,0.7798931195724783,7.569835782604056
197,0.7841666666666667,0.7841619004497234,0.7813021702838063,0.785234899328859,0.7841619004497234,0.8378518681396661,0.7832635983263598,0.7820855614973261,7.454704528960778
198,0.7808333333333334,0.7808202245006236,0.7729549248747913,0.7847457627118644,0.7808202245006236,0.8355170104599945,0.7788057190916736,0.775284661754856,7.569833117279288
199,0.7658333333333334,0.7658201828338411,0.7579298831385642,0.7694915254237288,0.7658201828338412,0.8241273709478132,0.7636669470142977,0.7602143335565974,8.087920760183675
200,0.7825,0.7824896735824266,0.7762938230383973,0.785472972972973,0.7824896735824266,0.8367167313390186,0.7808564231738035,0.7781124497991968,7.512268489954437
201,0.775,0.7749632637868438,0.7529215358931552,0.787085514834206,0.7749632637868438,0.8316701920303473,0.7696245733788396,0.759514988211519,7.7713059812603085
202,0.7741666666666667,0.7741424281734115,0.7595993322203672,0.781786941580756,0.7741424281734116,0.8306931369005616,0.7705334462320067,0.7639355271994627,7.800091626578692
203,0.7833333333333333,0.7833188425523404,0.7746243739565943,0.7877758913412564,0.7833188425523403,0.8374501326489252,0.7811447811447813,0.7772194304857621,7.483484843629626
204,0.7816666666666666,0.7816521712560313,0.7729549248747913,0.7860780984719864,0.7816521712560311,0.8361831783400555,0.7794612794612794,0.7755443886097152,7.541050137285668
205,0.7816666666666666,0.7816549490415251,0.7746243739565943,0.7851099830795262,0.7816549490415251,0.8361171785180601,0.7798319327731092,0.7766990291262136,7.541050803616861
206,0.7666666666666667,0.7666271295198042,0.7429048414023373,0.7793345008756567,0.7666271295198043,0.8252863378056636,0.7606837606837606,0.7499157398045164,8.059131783209331
207,0.78,0.7799799443887344,0.7679465776293823,0.7863247863247863,0.7799799443887344,0.8350523486437509,0.7770270270270271,0.7715531700771553,7.598614098279329
208,0.7883333333333333,0.7883216342267617,0.7813021702838063,0.7918781725888325,0.7883216342267617,0.8411735047696528,0.7865546218487395,0.7833947104117844,7.31078962899269
209,0.7833333333333333,0.7833243981233281,0.7779632721202003,0.7858347386172007,0.7833243981233281,0.8373156720353672,0.7818791946308724,0.7795249247239878,7.483486176292011
210,0.785,0.7849938472051311,0.7813021702838063,0.7865546218487395,0.7849938472051311,0.8385117293996063,0.7839195979899498,0.7823470411233701,7.425921548967159
211,0.775,0.77499659721277,0.7729549248747913,0.7755443886097152,0.77499659721277,0.8309163234089199,0.7742474916387959,0.7734714333444704,7.771313977234611
212,0.7825,0.7824924513679204,0.7779632721202003,0.7845117845117845,0.7824924513679204,0.8366541949826591,0.7812238055322714,0.7792642140468228,7.51226915628563
213,0.7758333333333334,0.7758257661826838,0.7712854757929883,0.7777777777777778,0.7758257661826838,0.8316149601187164,0.7745180217937973,0.7725752508361204,7.7425303309097995
214,0.7883333333333333,0.7883271897977494,0.7846410684474123,0.7899159663865546,0.7883271897977494,0.8410285174169834,0.7872696817420436,0.7856904045469741,7.310790961655075
215,0.7841666666666667,0.7841480115222542,0.7729549248747913,0.7901023890784983,0.7841480115222542,0.8381953236433115,0.7814345991561179,0.7763246143527834,7.454701197304818
216,0.78,0.7799882777452158,0.7729549248747913,0.7834179357021996,0.7799882777452158,0.8348530969551622,0.7781512605042016,0.7750251088048209,7.598616097272905
217,0.7891666666666667,0.7891619143386509,0.7863105175292153,0.7902684563758391,0.7891619143386509,0.8416228202858604,0.7882845188284519,0.7870989304812834,7.282008647992648
218,0.785,0.7850160694890821,0.7946577629382304,0.7790507364975451,0.7850160694890819,0.8381042497178877,0.7867768595041323,0.7914865314266711,7.425926879616693
219,0.7883333333333333,0.7883216342267617,0.7813021702838063,0.7918781725888325,0.7883216342267617,0.8411735047696528,0.7865546218487395,0.7833947104117844,7.31078962899269
220,0.7866666666666666,0.7866688518579218,0.7879799666110183,0.7853577371048253,0.7866688518579218,0.8395855185245885,0.7866666666666666,0.7874541207874541,7.368358254304692
221,0.785,0.7850077361326003,0.7896494156928213,0.7818181818181819,0.7850077361326003,0.8382337987555015,0.7857142857142857,0.7880706431189604,7.425924880623119
222,0.7733333333333333,0.7733160369889915,0.7629382303839732,0.7785349233390121,0.7733160369889917,0.8299032435281593,0.7706576728499156,0.7660073751257124,7.828875939234692
223,0.7883333333333333,0.7883271897977494,0.7846410684474123,0.7899159663865546,0.7883271897977494,0.8410285174169834,0.7872696817420436,0.7856904045469741,7.310790961655072
224,0.7733333333333333,0.7733299259164609,0.7712854757929883,0.7738693467336684,0.7733299259164609,0.8296607445966616,0.7725752508361204,0.7718008686936185,7.828879270890652
225,0.7933333333333333,0.7933216481156892,0.7863105175292153,0.7969543147208121,0.7933216481156892,0.8449657494583471,0.7915966386554621,0.7884164713759624,7.138093748024559
226,0.7833333333333333,0.7833410648362912,0.7879799666110183,0.7801652892561983,0.7833410648362912,0.8369892946002749,0.7840531561461793,0.7864045318227256,7.4834901742791615
227,0.785,0.7849744027066742,0.7696160267111853,0.7934595524956971,0.7849744027066742,0.8390377896034412,0.78135593220339,0.7742693987235473,7.425916884648816
228,0.7816666666666666,0.7816716157544882,0.7846410684474123,0.7794361525704809,0.7816716157544882,0.8357886105089466,0.7820299500831946,0.7835945315105035,7.541054801604012
229,0.78,0.7799771666032406,0.7662771285475793,0.7873070325900514,0.7799771666032406,0.8351254139021487,0.7766497461928935,0.770392749244713,7.598613431948137
230,0.7866666666666666,0.7866744074289095,0.7913188647746243,0.7834710743801653,0.7866744074289095,0.8394783029107281,0.7873754152823921,0.7897367544151949,7.368359586967075
231,0.7925,0.7924841457892938,0.7829716193656093,0.7976190476190477,0.7924841457892938,0.8444620001589952,0.7902274641954508,0.7858579088471849,7.166875395355794
232,0.7908333333333334,0.7908258078494662,0.7863105175292153,0.7929292929292929,0.7908258078494662,0.8429532385625874,0.7896060352053647,0.7876254180602006,7.224442688005412
233,0.7875,0.7874702429728971,0.7696160267111853,0.7975778546712803,0.7874702429728971,0.8410969406912329,0.7833474936278674,0.7750504371217216,7.339567944667963
234,0.7908333333333334,0.7908091411365031,0.7762938230383973,0.7989690721649485,0.7908091411365029,0.8434647809350063,0.7874682472480948,0.7807253190060442,7.224438690018263
235,0.7875,0.7874980208278356,0.7863105175292153,0.7876254180602007,0.7874980208278356,0.8403013011280414,0.7869674185463659,0.7865731462925852,7.339574607979883
236,0.7891666666666667,0.7891646921241448,0.7879799666110183,0.7892976588628763,0.7891646921241448,0.841555479403614,0.7886382623224729,0.7882431529726118,7.282009314323839
237,0.79,0.7900021944505401,0.7913188647746243,0.7886855241264559,0.7900021944505401,0.8420855277838735,0.79,0.7907907907907908,7.253227666992607
238,0.7775,0.7775035486209684,0.7796327212020033,0.7757475083056479,0.7775035486209683,0.8326901147538256,0.7776852622814322,0.7788525683789193,7.684967702578523
239,0.785,0.7849994027761188,0.7846410684474123,0.7846410684474123,0.7849994027761188,0.8383910684474123,0.7846410684474123,0.7846410684474123,7.4259228816295435
240,0.7866666666666666,0.7866744074289095,0.7913188647746243,0.7834710743801653,0.7866744074289095,0.8394783029107281,0.7873754152823921,0.7897367544151949,7.368359586967075
241,0.79,0.7899827499520832,0.7796327212020033,0.7955706984667802,0.7899827499520831,0.8426017098343918,0.7875210792580102,0.7827690244720079,7.253223002674265
242,0.7891666666666667,0.7891535809821694,0.7813021702838063,0.7932203389830509,0.7891535809821694,0.8418445879667619,0.7872161480235493,0.7836570663094442,7.282006648999072
243,0.7833333333333333,0.7833188425523404,0.7746243739565943,0.7877758913412564,0.7833188425523403,0.8374501326489252,0.7811447811447813,0.7772194304857621,7.483484843629628
244,0.7808333333333334,0.7808480023555621,0.7896494156928213,0.7754098360655738,0.7808480023555621,0.8350296258791976,0.7824648469809761,0.7867598137059215,7.569839780591204
245,0.8008333333333333,0.8008230578418274,0.7946577629382304,0.8040540540540541,0.8008230578418273,0.8506059084961423,0.7993282955499581,0.7965194109772423,6.879050259737962
246,0.7866666666666666,0.7866744074289095,0.7913188647746243,0.7834710743801653,0.7866744074289095,0.8394783029107281,0.7873754152823921,0.7897367544151949,7.368359586967075
247,0.7866666666666666,0.7866605185014403,0.7829716193656093,0.7882352941176469,0.7866605185014403,0.8397701234082948,0.7855946398659966,0.7840187228351722,7.368356255311116
248,0.7908333333333334,0.7908230300639724,0.7846410684474123,0.7939189189189191,0.7908230300639724,0.8430299936831656,0.7892527287993284,0.7864792503346719,7.2244420216742204
249,0.7975,0.7974897152492091,0.7913188647746243,0.8006756756756757,0.7974897152492091,0.8480806035584834,0.7959697732997478,0.7931726907630521,6.994180847050051
250,0.7975,0.7974924930347029,0.7929883138564274,0.7996632996632996,0.7974924930347028,0.8479924734265303,0.7963118189438391,0.7943143812709031,6.994181513381243
251,0.7883333333333333,0.7883577454381818,0.8030050083472454,0.779578606158833,0.7883577454381817,0.8404584739197059,0.7911184210526315,0.7982077663458348,7.310798291298183
252,0.8,0.7999911110864197,0.7946577629382304,0.8026981450252951,0.7999911110864195,0.8499279539817628,0.7986577181208054,0.7962529274004684,6.9078332397315805
253,0.8033333333333333,0.8033216758935442,0.7963272120200334,0.8071065989847716,0.8033216758935441,0.8525502388357358,0.8016806722689076,0.7984599933043186,6.792701986088304
254,0.7958333333333333,0.7958369328803692,0.7979966611018364,0.7940199335548173,0.7958369328803689,0.8464249639949936,0.7960033305578683,0.7971981320880588,7.051749472362053
255,0.7958333333333333,0.7958452662368507,0.8030050083472454,0.7911184210526315,0.7958452662368506,0.846228381366605,0.7970173985086992,0.8005992010652464,7.051751471355628
256,0.8016666666666666,0.8016855602376673,0.8130217028380634,0.7944535073409462,0.8016855602376672,0.8504042717561715,0.8036303630363036,0.8092389498172149,6.850274609387455
257,0.7966666666666666,0.7966716574212707,0.7996661101836394,0.7943615257048093,0.7966716574212706,0.8470138179442244,0.7970049916805326,0.7985995331777259,7.0229671586996245
258,0.8025,0.8025036180656058,0.8046744574290484,0.8006644518272426,0.8025036180656056,0.8514194546281455,0.8026644462947544,0.8038692461641094,6.82148829773788
259,0.79,0.7899966388795524,0.7879799666110183,0.7906197654941374,0.7899966388795524,0.8422165327192446,0.7892976588628763,0.7885065152021383,7.253226334330223
260,0.7991666666666667,0.7991674976874936,0.7996661101836394,0.7983333333333333,0.7991674976874935,0.8489997217584864,0.7989991659716431,0.7993991989319092,6.936618218718773
261,0.7866666666666666,0.7866549629304526,0.7796327212020033,0.7901861252115059,0.7866549629304526,0.8399094232067545,0.7848739495798319,0.7817207900903916,7.368354922648733
262,0.7916666666666666,0.7916549768193801,0.7846410684474123,0.7952622673434856,0.7916549768193801,0.8437016678954491,0.7899159663865546,0.7867425510545697,7.195659041680603
263,0.7883333333333333,0.788316078655774,0.7779632721202003,0.7938671209540034,0.7883160786557739,0.8413318632037685,0.7858347386172007,0.7810928595373784,7.3107882963303075
264,0.795,0.7949966527684801,0.7929883138564274,0.7956448911222781,0.7949966527684799,0.8459832691560194,0.7943143812709029,0.7935182091546944,7.080530453362093
265,0.7933333333333333,0.7933022036172322,0.7746243739565943,0.804159445407279,0.7933022036172321,0.8456419096819365,0.7891156462585034,0.7803565422132526,7.138089083706218
266,0.7833333333333333,0.7833160647668466,0.7729549248747913,0.7887563884156729,0.7833160647668466,0.8375223233118987,0.7807757166947724,0.7760643647334897,7.483484177298436
267,0.8008333333333333,0.8008258356273212,0.7963272120200334,0.803030303030303,0.8008258356273211,0.8505120908585015,0.7996647108130761,0.7976588628762542,6.879050926069155
268,0.8016666666666666,0.8016605601682227,0.7979966611018364,0.8033613445378152,0.8016605601682226,0.8510956694864924,0.8006700167504188,0.7990638582413908,6.850268612406729
269,0.7925,0.7925035902877509,0.7946577629382304,0.7906976744186046,0.7925035902877507,0.8439277186784175,0.7926727726894255,0.7938625750500334,7.1668800596741375
270,0.7808333333333334,0.7808202245006236,0.7729549248747913,0.7847457627118644,0.7808202245006236,0.8355170104599945,0.7788057190916736,0.775284661754856,7.569833117279288
271,0.79,0.7899994166650463,0.7896494156928213,0.7896494156928213,0.7899994166650463,0.8421494156928213,0.7896494156928213,0.7896494156928213,7.253227000661415
272,0.8025,0.8024758402106673,0.7879799666110183,0.8109965635738832,0.8024758402106672,0.8524049317591175,0.7993226079593565,0.7924781732706515,6.821481634425961
273,0.7875,0.7874896874713541,0.7813021702838063,0.7905405405405406,0.7874896874713541,0.8405046887455068,0.7858942065491183,0.7831325301204819,7.339572608986306
274,0.7991666666666667,0.7991536087600243,0.7913188647746243,0.8033898305084746,0.7991536087600243,0.8494376809748828,0.7973086627417997,0.7937039517749498,6.936614887062816
275,0.7966666666666666,0.7966605462792953,0.7929883138564274,0.7983193277310925,0.7966605462792952,0.8473204874604265,0.795644891122278,0.7940488131059846,7.022964493374858
276,0.7825,0.7824896735824266,0.7762938230383973,0.785472972972973,0.7824896735824266,0.8367167313390186,0.7808564231738035,0.7781124497991968,7.512268489954437
277,0.7933333333333333,0.7933160925447015,0.7829716193656093,0.7989778534923339,0.7933160925447015,0.8451414030956383,0.790893760539629,0.7861213543412672,7.138092415362178
278,0.7891666666666667,0.7891619143386509,0.7863105175292153,0.7902684563758391,0.7891619143386509,0.8416228202858604,0.7882845188284519,0.7870989304812834,7.282008647992648
279,0.79,0.7899855277375769,0.7813021702838063,0.7945670628183361,0.7899855277375769,0.8425179498844045,0.7878787878787878,0.7839195979899497,7.253223669005455
280,0.795,0.7950188750524307,0.8063439065108514,0.7879282218597063,0.7950188750524307,0.8454693975186122,0.7970297029702971,0.80259222333001,7.08053578401163
281,0.7941666666666667,0.7941619282275784,0.7913188647746243,0.7953020134228188,0.7941619282275783,0.8453937724320549,0.7933054393305439,0.7921122994652406,7.109312767024519
282,0.7941666666666667,0.7941480393001091,0.7829716193656093,0.8003412969283277,0.7941480393001091,0.8458231248136352,0.7915611814345992,0.7863849765258216,7.10930943536856
283,0.7841666666666667,0.7841646782352173,0.7829716193656093,0.7842809364548495,0.7841646782352173,0.8377929445768961,0.783625730994152,0.7832331329325317,7.454705195291969
284,0.8033333333333333,0.8033327870355196,0.8030050083472454,0.8030050083472454,0.8033327870355195,0.852171675013912,0.8030050083472455,0.8030050083472454,6.792704651413072
285,0.7941666666666667,0.7941674837985662,0.7946577629382304,0.7933333333333333,0.7941674837985662,0.8452455481357819,0.7939949958298582,0.7943925233644861,7.109314099686904
286,0.8025,0.802481395781655,0.7913188647746243,0.8088737201365188,0.8024813957816549,0.8521796257889049,0.8,0.7947686116700201,6.821482967088345
287,0.8041666666666667,0.8041369559359888,0.7863105175292153,0.8148788927335641,0.8041369559359886,0.8539280384647231,0.8003398470688189,0.7918628110289173,6.763915008107535
288,0.8008333333333333,0.8008063911288643,0.7846410684474123,0.8103448275862069,0.8008063911288642,0.8512429480168096,0.7972858354537743,0.7896505376344085,6.879046261750813
289,0.7991666666666667,0.7991508309745304,0.7896494156928213,0.8044217687074829,0.7991508309745304,0.8495355922001522,0.796967144060657,0.7925603217158175,6.936614220731622
290,0.8025,0.8024758402106673,0.7879799666110183,0.8109965635738832,0.8024758402106672,0.8524049317591175,0.7993226079593565,0.7924781732706515,6.821481634425963
291,0.7925,0.7924980347167631,0.7913188647746243,0.7926421404682275,0.792498034716763,0.8440638359547593,0.7919799498746867,0.7915831663326653,7.1668787270117535
292,0.8075,0.8074730763141009,0.7913188647746243,0.8172413793103448,0.8074730763141008,0.8563634553758179,0.8040712468193383,0.7963709677419354,6.64878508712664
293,0.7875,0.7874619096164156,0.7646076794657763,0.8006993006993007,0.7874619096164156,0.8414034900825386,0.7822374039282665,0.7715633423180593,7.339565945674387
294,0.7908333333333334,0.7908008077800216,0.7712854757929883,0.8020833333333334,0.7908008077800216,0.8437677378964943,0.7863829787234042,0.7772543741588156,7.224436691024687
295,0.8016666666666666,0.8016522268117412,0.7929883138564274,0.8064516129032258,0.801652226811741,0.8513866300464933,0.7996632996632995,0.7956448911222782,6.850266613413155
296,0.7991666666666667,0.7991397198325552,0.7829716193656093,0.8086206896551724,0.799139719832555,0.8499628211770575,0.7955894826123834,0.7879704301075269,6.936611555406857
297,0.7991666666666667,0.7991619421165059,0.7963272120200334,0.8003355704697986,0.7991619421165058,0.8491647245782493,0.7983263598326361,0.797125668449198,6.93661688605639
298,0.8,0.7999883333009259,0.7929883138564274,0.8037225042301185,0.7999883333009257,0.8500220757099396,0.7983193277310925,0.7951121526615332,6.907832573400389
299,0.8075,0.8074869652415702,0.7996661101836394,0.8118644067796609,0.8074869652415699,0.8557652584816502,0.8057190916736754,0.8020763563295379,6.648788418782599
300,0.7991666666666667,0.7991480531890366,0.7879799666110183,0.8054607508532423,0.7991480531890365,0.8496370253987969,0.7966244725738396,0.7914151576123407,6.936613554400432
301,0.7933333333333333,0.7933077591882199,0.7779632721202003,0.8020654044750429,0.7933077591882199,0.8454310049642884,0.7898305084745763,0.7826671145448437,7.138090416368603
302,0.7975,0.7974952708201968,0.7946577629382304,0.7986577181208053,0.7974952708201967,0.8479077405295179,0.7966527196652721,0.7954545454545455,6.994182179712434
303,0.7991666666666667,0.7991536087600243,0.7913188647746243,0.8033898305084746,0.7991536087600243,0.8494376809748828,0.7973086627417997,0.7937039517749498,6.936614887062816
304,0.7941666666666667,0.7941285948016523,0.7712854757929883,0.8076923076923077,0.7941285948016521,0.8465722250759813,0.7890691716481639,0.7783018867924527,7.1093047710502155
305,0.8158333333333333,0.8157786549407082,0.7829716193656093,0.8375,0.8157786549407081,0.8644024763494713,0.8093183779119932,0.7933017591339648,6.360951955534508
306,0.7966666666666666,0.7966466573518259,0.7846410684474123,0.8034188034188035,0.7966466573518259,0.8477799359331079,0.7939189189189189,0.7883260650788325,7.022961161718899
307,0.8133333333333334,0.813324481456893,0.8080133555926544,0.8161888701517707,0.8133244814568928,0.8600177795388791,0.8120805369127516,0.8096353295416527,6.447310890483237
308,0.7958333333333333,0.7958063772399367,0.7796327212020033,0.8051724137931034,0.7958063772399367,0.8474025674975534,0.7921967769296012,0.7846102150537634,7.0517421427189415
309,0.7941666666666667,0.7941424837291214,0.7796327212020033,0.8024054982817871,0.7941424837291214,0.8460191097418952,0.7908552074513124,0.7840832773673606,7.109308102706176
310,0.8066666666666666,0.8066522407006687,0.7979966611018364,0.8115449915110357,0.8066522407006685,0.8551874929731027,0.8047138047138047,0.8006700167504188,6.677570732445027
311,0.8075,0.8074647429576194,0.7863105175292153,0.8205574912891986,0.8074647429576193,0.8567673377425403,0.80306905370844,0.7929292929292929,6.648783088133066
312,0.8033333333333333,0.8033188981080503,0.7946577629382304,0.8081494057724957,0.8033188981080502,0.8526535843553631,0.8013468013468014,0.7973199329983249,6.792701319757112
313,0.805,0.8049911249753472,0.7996661101836394,0.8077571669477235,0.8049911249753471,0.8537116385656814,0.8036912751677852,0.8012713282034126,6.735137358763452
314,0.8133333333333334,0.8132828146744853,0.7829716193656093,0.8330373001776199,0.8132828146744853,0.8621711264382813,0.8072289156626505,0.7924974653599188,6.447300895515361
315,0.8141666666666667,0.8141397614993375,0.7979966611018364,0.8241379310344827,0.8141397614993374,0.8614839627348262,0.8108566581849025,0.8030913978494624,6.418523912502469
316,0.8033333333333333,0.803307786966075,0.7879799666110183,0.8123924268502581,0.8033077869660749,0.853102863397305,0.7999999999999999,0.7927443735303997,6.792698654432344
317,0.7941666666666667,0.7941785949405415,0.8013355592654424,0.7894736842105263,0.7941785949405414,0.8449879550713176,0.7953603976801988,0.7989347536617845,7.10931676501167
318,0.8025,0.8024841735671489,0.7929883138564274,0.8078231292517006,0.8024841735671487,0.8520723882207306,0.8003369839932604,0.7959115281501342,6.821483633419538
319,0.7866666666666666,0.7866521851449587,0.7779632721202003,0.7911714770797963,0.7866521851449586,0.839984041266665,0.7845117845117845,0.7805695142378559,7.3683542563175415
320,0.8008333333333333,0.8008175022708396,0.7913188647746243,0.8061224489795918,0.8008175022708396,0.8508039902104415,0.7986520640269585,0.7942359249329758,6.879048927075579
321,0.815,0.8149661526837575,0.7946577629382304,0.8278260869565217,0.8149661526837574,0.8624919249473759,0.8109028960817717,0.8010770784247728,6.389739599846468
322,0.81,0.8099828055077931,0.7996661101836394,0.8160136286201022,0.809982805507793,0.8578398694018707,0.8077571669477234,0.8028830036875628,6.562439478801748
323,0.8116666666666666,0.8116355878766329,0.7929883138564274,0.8232235701906413,0.8116355878766329,0.8597726086902011,0.8078231292517007,0.7988563740329633,6.504870853489745
324,0.8083333333333333,0.8083050230695086,0.7913188647746243,0.8186528497409327,0.8083050230695085,0.8570691905911119,0.8047538200339558,0.7966386554621848,6.620002107133023
325,0.8008333333333333,0.8008230578418274,0.7946577629382304,0.8040540540540541,0.8008230578418273,0.8506059084961423,0.7993282955499581,0.7965194109772423,6.879050259737962
326,0.8108333333333333,0.8107980855502377,0.7896494156928213,0.8240418118466899,0.8107980855502377,0.8593456137697556,0.8064791133844843,0.7962962962962963,6.5336525008209785
327,0.7983333333333333,0.7983244397901106,0.7929883138564274,0.8010118043844857,0.7983244397901105,0.8486667257871232,0.7969798657718121,0.7945801271328204,6.965398533387624
328,0.8091666666666667,0.809123080897447,0.7829716193656093,0.8257042253521126,0.809123080897447,0.8585045890255276,0.8037703513281921,0.7911605937921727,6.591215795483447
329,0.81,0.8099439165108793,0.7762938230383973,0.8318425760286225,0.8099439165108792,0.8599015328668432,0.8031088082901554,0.7868020304568527,6.562430150165062
330,0.8191666666666667,0.8191703310286973,0.8213689482470785,0.8172757475083057,0.8191703310286973,0.8639056812110254,0.8193172356369692,0.8205470313542361,6.245835361177449
331,0.8066666666666666,0.8066550184861625,0.7996661101836394,0.8104906937394247,0.8066550184861623,0.8550784019615321,0.8050420168067227,0.8018078339471042,6.677571398776218
332,0.8066666666666666,0.8066300184167179,0.7846410684474123,0.8202443280977313,0.8066300184167178,0.8561926982725718,0.8020477815699658,0.7915122937015829,6.677565401795491
333,0.8016666666666666,0.8016383378842721,0.7846410684474123,0.8117443868739206,0.8016383378842719,0.8519427276606665,0.797962648556876,0.7899159663865547,6.8502632817571945
334,0.8116666666666666,0.8116578101605838,0.8063439065108514,0.8145025295109612,0.8116578101605836,0.8587565513442397,0.8104026845637584,0.8079625292740046,6.50487618413928
335,0.7958333333333333,0.7958008216689492,0.7762938230383973,0.8072916666666666,0.7958008216689492,0.8476260781858653,0.7914893617021277,0.7823014804845223,7.0517408100565575
336,0.8075,0.8074786318850886,0.7946577629382304,0.8150684931506851,0.8074786318850884,0.8561131280444577,0.8047337278106509,0.7986577181208055,6.648786419789023
337,0.8116666666666666,0.8116522545895961,0.8030050083472454,0.8166383701188455,0.8116522545895959,0.8589883558997121,0.8097643097643098,0.8056951423785594,6.504874851476897
338,0.8091666666666667,0.8091619698943608,0.8063439065108514,0.8104026845637584,0.8091619698943606,0.8567066288706383,0.8083682008368201,0.8071524064171123,6.5912251241201325
339,0.8066666666666666,0.8066494629151748,0.7963272120200334,0.8126064735945485,0.8066494629151747,0.8553001761406243,0.8043844856661045,0.7995306738183037,6.677570066113832
340,0.8183333333333334,0.8183161619893389,0.8080133555926544,0.8245315161839863,0.8183161619893389,0.864189102554987,0.8161888701517706,0.8112638283607106,6.2746130105215325
341,0.8141666666666667,0.8141508726413129,0.8046744574290484,0.8197278911564626,0.8141508726413128,0.8609511742927556,0.8121314237573715,0.8076407506702413,6.418526577827238
342,0.8158333333333333,0.8157980994391651,0.7946577629382304,0.8292682926829268,0.8157980994391651,0.8632130278105785,0.8115942028985507,0.8013468013468015,6.360956619852849
343,0.8075,0.807489743027064,0.8013355592654424,0.8108108108108109,0.8074897430270639,0.8556565183714601,0.8060453400503779,0.8032128514056226,6.648789085113791
344,0.805,0.8049605693349149,0.7813021702838063,0.819614711033275,0.8049605693349149,0.8550417739918741,0.7999999999999999,0.7886754297269968,6.7351300291203415
345,0.8108333333333333,0.8107953077647438,0.7879799666110183,0.8251748251748252,0.8107953077647438,0.8594940625595885,0.8061485909479078,0.7951482479784366,6.5336518344897865
346,0.8016666666666666,0.8016522268117412,0.7929883138564274,0.8064516129032258,0.801652226811741,0.8513866300464933,0.7996632996632995,0.7956448911222782,6.850266613413154
347,0.8108333333333333,0.8108480856891269,0.8196994991652755,0.8049180327868852,0.8108480856891269,0.8573087659760803,0.8122415219189413,0.8166999334664006,6.533664494782433
348,0.8066666666666666,0.8066300184167179,0.7846410684474123,0.8202443280977313,0.8066300184167178,0.8561926982725718,0.8020477815699658,0.7915122937015829,6.677565401795491
349,0.8108333333333333,0.8107980855502377,0.7896494156928213,0.8240418118466899,0.8107980855502377,0.8593456137697556,0.8064791133844843,0.7962962962962963,6.5336525008209785
350,0.8075,0.8075008541690394,0.8080133555926544,0.8066666666666666,0.8075008541690393,0.8552566777963272,0.8073394495412844,0.8077436582109478,6.648791750438559
351,0.82,0.8199967222131173,0.8180300500834724,0.8207705192629816,0.8199967222131171,0.8648169513398937,0.8193979933110368,0.8185766789174742,6.2170510485214505
352,0.8108333333333333,0.8108203078341885,0.8030050083472454,0.8152542372881356,0.8108203078341883,0.8582962894843572,0.8090832632464255,0.8054253181513731,6.533657831470514
353,0.8116666666666666,0.8116494768041023,0.8013355592654424,0.8177172061328789,0.8116494768041022,0.8591097160324941,0.8094435075885328,0.8045591686221923,6.504874185145703
354,0.8075,0.8074730763141009,0.7913188647746243,0.8172413793103448,0.8074730763141008,0.8563634553758179,0.8040712468193383,0.7963709677419354,6.64878508712664
355,0.815,0.8149772638257329,0.8013355592654424,0.8233276157804459,0.8149772638257328,0.8619149208562775,0.8121827411167513,0.8056394763343404,6.389742265171236
356,0.8075,0.8074730763141009,0.7913188647746243,0.8172413793103448,0.8074730763141008,0.8563634553758179,0.8040712468193383,0.7963709677419354,6.64878508712664
357,0.8091666666666667,0.8091341920394224,0.7896494156928213,0.8211805555555556,0.8091341920394224,0.8579149856241886,0.8051063829787235,0.7957604306864063,6.591218460808214
358,0.8116666666666666,0.8116494768041023,0.8013355592654424,0.8177172061328789,0.8116494768041022,0.8591097160324941,0.8094435075885328,0.8045591686221923,6.504874185145703
359,0.8141666666666667,0.8141397614993375,0.7979966611018364,0.8241379310344827,0.8141397614993374,0.8614839627348262,0.8108566581849025,0.8030913978494624,6.418523912502469
360,0.8025,0.802481395781655,0.7913188647746243,0.8088737201365188,0.8024813957816549,0.8521796257889049,0.8,0.7947686116700201,6.821482967088344
361,0.8083333333333333,0.8083272453534593,0.8046744574290484,0.8100840336134454,0.8083272453534592,0.8561292455212469,0.8073701842546063,0.8057505850885992,6.620007437782558
362,0.8108333333333333,0.8107980855502377,0.7896494156928213,0.8240418118466899,0.8107980855502377,0.8593456137697556,0.8064791133844843,0.7962962962962963,6.5336525008209785
363,0.8108333333333333,0.8108036411212254,0.7929883138564274,0.8217993079584776,0.8108036411212253,0.8590604775741191,0.8071367884451996,0.7985877605917957,6.5336538334833625
364,0.8175,0.8174786596629435,0.8046744574290484,0.8253424657534246,0.8174786596629435,0.8637584615912365,0.8148774302620456,0.8087248322147651,6.303394657852767
365,0.8091666666666667,0.8091453031813978,0.7963272120200334,0.8167808219178082,0.8091453031813977,0.8573873503022541,0.8064243448858834,0.8003355704697988,6.5912211261329805
366,0.81,0.8099689165803239,0.7913188647746243,0.8214904679376083,0.8099689165803239,0.8584879996894497,0.8061224489795917,0.7971745711402622,6.562436147145787
367,0.82,0.8199578332162034,0.7946577629382304,0.8365553602811949,0.8199578332162034,0.8668565616097128,0.8150684931506849,0.802698145025295,6.2170417198847625
368,0.8108333333333333,0.8108036411212254,0.7929883138564274,0.8217993079584776,0.8108036411212253,0.8590604775741191,0.8071367884451996,0.7985877605917957,6.5336538334833625
369,0.81,0.8099689165803239,0.7913188647746243,0.8214904679376083,0.8099689165803239,0.8584879996894497,0.8061224489795917,0.7971745711402622,6.562436147145787
370,0.8125,0.8124842013450038,0.8030050083472454,0.8180272108843537,0.8124842013450037,0.8596827762824664,0.8104465037910699,0.8059651474530831,6.4760918714832805
371,0.8066666666666666,0.8066550184861625,0.7996661101836394,0.8104906937394247,0.8066550184861623,0.8550784019615321,0.8050420168067227,0.8018078339471042,6.677571398776218
372,0.8175,0.8174842152339312,0.8080133555926544,0.8231292517006803,0.8174842152339311,0.8634879703133341,0.8155012636899747,0.8109919571045576,6.303395990515151
373,0.8108333333333333,0.8108119744777069,0.7979966611018364,0.8184931506849316,0.8108119744777068,0.8586615725600506,0.8081149619611158,0.8020134228187918,6.5336558324769385
374,0.8075,0.8074869652415702,0.7996661101836394,0.8118644067796609,0.8074869652415699,0.8557652584816502,0.8057190916736754,0.8020763563295379,6.648788418782599
375,0.8091666666666667,0.8091369698249162,0.7913188647746243,0.8200692041522492,0.8091369698249161,0.85777736779677,0.8054375531011045,0.7969065232010759,6.591219127139405
376,0.8025,0.8024758402106673,0.7879799666110183,0.8109965635738832,0.8024758402106672,0.8524049317591175,0.7993226079593565,0.7924781732706515,6.821481634425963
377,0.82,0.8199800555001542,0.8080133555926544,0.8273504273504273,0.8199800555001542,0.8655985581382075,0.8175675675675675,0.8118081180811807,6.2170470505342985
378,0.8091666666666667,0.8091341920394224,0.7896494156928213,0.8211805555555556,0.8091341920394224,0.8579149856241886,0.8051063829787235,0.7957604306864063,6.5912184608082125
379,0.8191666666666667,0.8191314420317835,0.7979966611018364,0.8327526132404182,0.8191314420317835,0.8657913038377939,0.8150042625745951,0.8047138047138046,6.245826032540764
380,0.8183333333333334,0.8183272731313143,0.8146911519198664,0.8201680672268907,0.8183272731313141,0.8636796095733785,0.8174204355108876,0.8157806753594115,6.2746156758463005
381,0.825,0.8249550693196371,0.7979966611018364,0.8430335097001763,0.8249550693196371,0.8709317520676729,0.8198970840480274,0.8066149173135335,6.044345172585444
382,0.8033333333333333,0.8033105647515688,0.7896494156928213,0.8113207547169812,0.8033105647515687,0.8529850852049012,0.8003384094754653,0.7938905673044644,6.792699320763536
383,0.8208333333333333,0.8208147800410557,0.8096828046744574,0.8276450511945392,0.8208147800410557,0.8661639279344984,0.8185654008438819,0.8132126089872568,6.188264736871872
384,0.8216666666666667,0.8216383934399818,0.8046744574290484,0.8324697754749568,0.8216383934399818,0.8673221164520026,0.8183361629881155,0.8100840336134453,6.159479757884679
385,0.815,0.8149911527532021,0.8096828046744574,0.8178752107925801,0.814991152753202,0.8612790077335188,0.8137583892617449,0.8113081298093008,6.3897455968271935
386,0.8158333333333333,0.8158119883666344,0.8030050083472454,0.8236301369863014,0.8158119883666344,0.8624842393334401,0.8131868131868132,0.8070469798657718,6.360959951508809
387,0.8175,0.8174758818774497,0.8030050083472454,0.8264604810996563,0.8174758818774496,0.8638994113901175,0.8145639288738358,0.8075889858965749,6.303393991521576
388,0.8025,0.8024730624251735,0.7863105175292153,0.8120689655172414,0.8024730624251732,0.8525230748565616,0.7989821882951654,0.7913306451612903,6.821480968094768
389,0.8141666666666667,0.8141480948558191,0.8030050083472454,0.8208191126279863,0.8141480948558191,0.8610787271542825,0.8118143459915612,0.806505700871898,6.418525911496045
390,0.8216666666666667,0.8216495045819572,0.8113522537562604,0.8279386712095401,0.8216495045819572,0.8667287958162335,0.8195615514333896,0.8146161582299697,6.159482423209448
391,0.8125,0.8124564234900653,0.7863105175292153,0.8292253521126759,0.8124564234900652,0.861101268154279,0.8071979434447301,0.7945344129554656,6.4760852081713605
392,0.81,0.8099716943658177,0.7929883138564274,0.8203799654576857,0.8099716943658176,0.8583508063237233,0.8064516129032258,0.7983193277310925,6.562436813476981
393,0.8191666666666667,0.8191342198172773,0.7996661101836394,0.8315972222222222,0.8191342198172773,0.8656316662029309,0.8153191489361702,0.8058546433378195,6.245826698871956
394,0.82,0.8199856110711419,0.8113522537562604,0.8251273344651953,0.8199856110711419,0.8653231274440611,0.8181818181818182,0.8140703517587938,6.2170483831966825
395,0.8208333333333333,0.8208092244700681,0.8063439065108514,0.8298969072164949,0.8208092244700679,0.8664537401970065,0.8179508890770534,0.8109469442578912,6.188263404209489
396,0.8191666666666667,0.8191231086753019,0.7929883138564274,0.8362676056338029,0.8191231086753019,0.8662946264117819,0.8140531276778064,0.8012820512820512,6.245824033547188
397,0.8191666666666667,0.8191286642462896,0.7963272120200334,0.8339160839160842,0.8191286642462896,0.865954981301392,0.8146883005977796,0.8035714285714286,6.245825366209573
398,0.8066666666666666,0.8066439073441871,0.7929883138564274,0.8147512864493996,0.806643907344187,0.8555364668195802,0.8037225042301185,0.7972473984558577,6.677568733451451
399,0.8166666666666667,0.8166356017655605,0.7979966611018364,0.82842287694974,0.8166356017655605,0.8636264356924549,0.8129251700680272,0.8039017827110663,6.332174972521616
400,0.8191666666666667,0.8191369976027711,0.8013355592654424,0.8304498269896193,0.8191369976027709,0.8654760264608641,0.8156329651656754,0.8069939475453933,6.245827365203148
401,0.8158333333333333,0.8158175439376221,0.8063439065108514,0.8214285714285714,0.815817543937622,0.8622195723030448,0.8138163437236731,0.8093163538873994,6.360961284171193
402,0.8175,0.8174619929499805,0.7946577629382304,0.8321678321678322,0.8174619929499805,0.8646627975530312,0.8129803586678053,0.8018867924528302,6.303390659865617
403,0.8108333333333333,0.8108091966922131,0.7963272120200334,0.8195876288659794,0.810809196692213,0.8587907537763397,0.8077900084674005,0.8008730691739423,6.5336551661457465
404,0.8091666666666667,0.8091258586829408,0.7846410684474123,0.8245614035087719,0.8091258586829408,0.8583512359780922,0.8041060735671515,0.7923128792987189,6.591216461814637
405,0.8091666666666667,0.8091480809668916,0.7979966611018364,0.8156996587030717,0.8091480809668915,0.8572648265691207,0.8067510548523207,0.801475519785379,6.5912217924641725
406,0.82,0.8199522776452157,0.7913188647746243,0.8389380530973451,0.8199522776452157,0.8672117922693181,0.8144329896907216,0.8004052684903747,6.217040387222379
407,0.8191666666666667,0.8191231086753019,0.7929883138564274,0.8362676056338029,0.8191231086753019,0.8662946264117819,0.8140531276778064,0.8012820512820512,6.245824033547188
408,0.82,0.8199606110016973,0.7963272120200334,0.8353765323992994,0.8199606110016973,0.8666852055429998,0.8153846153846155,0.8038422649140547,6.2170423862159545
409,0.8191666666666667,0.8191564421012281,0.8130217028380634,0.8226351351351351,0.8191564421012281,0.8644950856532659,0.8178001679261125,0.8149263721552878,6.24583202952149
410,0.8158333333333333,0.8157925438681775,0.7913188647746243,0.8315789473684211,0.8157925438681773,0.8635322394048559,0.8109495295124038,0.7990559676331759,6.360955287190468
411,0.8083333333333333,0.8083189119969778,0.7996661101836394,0.8132427843803056,0.8083189119969777,0.8564544472819725,0.8063973063973063,0.8023450586264657,6.620005438788983
412,0.8075,0.8074758540995948,0.7929883138564274,0.8161512027491409,0.8074758540995947,0.8562364249694507,0.8044030482641829,0.7975151108126259,6.648785753457832
413,0.8166666666666667,0.8166522684785236,0.8080133555926544,0.8217317487266553,0.8166522684785233,0.8627892188263215,0.8148148148148148,0.8107202680067002,6.332178970508767
414,0.8308333333333333,0.8307953633204537,0.8080133555926544,0.8461538461538461,0.8307953633204536,0.8750002675399169,0.8266438941076003,0.8153638814016173,5.8428683106172725
415,0.8258333333333333,0.8258009050025139,0.8063439065108514,0.8385416666666666,0.8258009050025138,0.8707761199220923,0.8221276595744681,0.8125841184387617,6.015565524247784
416,0.8233333333333334,0.8233022869507971,0.8046744574290484,0.8353552859618717,0.8233022869507971,0.8687648716954601,0.8197278911564625,0.8106289942818701,6.101913797897445
417,0.8266666666666667,0.8266189628304523,0.7979966611018364,0.8460176991150442,0.8266189628304523,0.8724238467751071,0.8213058419243986,0.8071597433299562,5.986779212598207
418,0.8216666666666667,0.8216272822980064,0.7979966611018364,0.8371278458844134,0.8216272822980064,0.8679789201597915,0.8170940170940172,0.8055274688237277,6.1594770925599125
419,0.8166666666666667,0.8166161572671036,0.7863105175292153,0.8365896980461812,0.8166161572671036,0.8647834411210316,0.8106712564543891,0.7958769854680636,6.332170308203273
420,0.8191666666666667,0.8191203308898081,0.7913188647746243,0.8374558303886925,0.8191203308898081,0.8664706809149918,0.8137339055793992,0.8001350438892638,6.245823367215997
421,0.8266666666666667,0.8266245184014399,0.8013355592654424,0.843585237258348,0.8266245184014399,0.8720437315952285,0.8219178082191781,0.8094435075885328,5.986780545260593
422,0.825,0.8249772916035878,0.8113522537562604,0.8336192109777015,0.8249772916035877,0.8695690657003143,0.8223350253807107,0.8157099697885195,6.044350503234978
423,0.8366666666666667,0.8366273239647888,0.8130217028380634,0.8528896672504378,0.8366273239647887,0.8796223517109172,0.8324786324786325,0.8206943040107852,5.6413894496555255
424,0.82,0.8199939444276234,0.8163606010016694,0.8218487394957983,0.8199939444276233,0.8649380035820672,0.8190954773869347,0.8174523570712136,6.217050382190258
425,0.8166666666666667,0.8166383795510543,0.7996661101836394,0.8272884283246977,0.8166383795510542,0.8634772692541686,0.8132427843803057,0.8050420168067227,6.332175638852807
426,0.8241666666666667,0.8241397892771924,0.8080133555926544,0.8344827586206897,0.8241397892771924,0.8691647237733388,0.8210347752332485,0.8131720430107527,6.07313215056621
427,0.815,0.8149689304692513,0.7963272120200334,0.8266897746967071,0.8149689304692513,0.8623418266917037,0.8112244897959183,0.8022199798183652,6.389740266177659
428,0.8225,0.8224620068389079,0.7996661101836394,0.8374125874125874,0.8224620068389079,0.8685393487981135,0.8181041844577284,0.8069407008086252,6.130694778897487
429,0.825,0.8249634026761186,0.8030050083472454,0.8394415357766143,0.8249634026761186,0.8703899387285965,0.8208191126279863,0.8100370495116199,6.044347171579019
430,0.8266666666666667,0.8266356295434154,0.8080133555926544,0.8388214904679376,0.8266356295434154,0.8713340896969627,0.8231292517006804,0.813992600067272,5.986783210585358
431,0.8208333333333333,0.8208314467540188,0.8196994991652755,0.8210702341137124,0.8208314467540188,0.865384866639494,0.8203842940685045,0.8199732798931196,6.1882687348590215
432,0.8208333333333333,0.8207870021861172,0.7929883138564274,0.8392226148409894,0.8207870021861172,0.8677721310153751,0.8154506437768241,0.8018230925050642,6.188258073559954
433,0.8191666666666667,0.8191342198172773,0.7996661101836394,0.8315972222222222,0.8191342198172773,0.8656316662029309,0.8153191489361702,0.8058546433378195,6.245826698871956
434,0.8233333333333334,0.8233022869507971,0.8046744574290484,0.8353552859618717,0.8233022869507971,0.8687648716954601,0.8197278911564625,0.8106289942818701,6.101913797897445
435,0.8116666666666666,0.8116605879460776,0.8080133555926544,0.8134453781512605,0.8116605879460774,0.8586460335386241,0.8107202680067002,0.8090939485122032,6.504876850470471
436,0.8141666666666667,0.8141564282123006,0.8080133555926544,0.8175675675675675,0.8141564282123004,0.8607071282467776,0.8127623845507976,0.8099062918340025,6.41852791048962
437,0.8341666666666666,0.8341009280581335,0.7946577629382304,0.8623188405797102,0.8341009280581334,0.8797383017589704,0.8271068635968724,0.8073270013568521,5.727731059993267
438,0.8125,0.8124703124175345,0.7946577629382304,0.8235294117647058,0.8124703124175345,0.8603435873514681,0.8088360237892949,0.8002689979825149,6.4760885398273205
439,0.8266666666666667,0.8266384073289093,0.8096828046744574,0.8376511226252159,0.8266384073289091,0.8711669636498367,0.8234295415959254,0.8151260504201681,5.98678387691655
440,0.8266666666666667,0.8266328517579216,0.8063439065108514,0.84,0.8266328517579216,0.8715052865887589,0.8228279386712095,0.8128576236957253,5.986782544254169
441,0.8258333333333333,0.8257786827185631,0.7929883138564274,0.8482142857142857,0.8257786827185629,0.8722679664520232,0.8196721311475411,0.8034506089309879,6.01556019359825
442,0.825,0.8249578471051309,0.7996661101836394,0.8418277680140598,0.8249578471051308,0.8707469390988496,0.8202054794520548,0.8077571669477235,6.044345838916635
443,0.8158333333333333,0.8157814327262021,0.7846410684474123,0.8362989323843416,0.8157814327262021,0.8642200004158769,0.8096468561584841,0.7944557133198107,6.3609526218657
444,0.8291666666666667,0.8291231364531568,0.8030050083472454,0.8468309859154929,0.8291231364531568,0.8740846637980358,0.8243359040274207,0.8114035087719299,5.900432271610931
445,0.8333333333333334,0.8332995369431582,0.8130217028380634,0.8469565217391304,0.8332995369431581,0.8766557789552636,0.8296422487223167,0.8195893638505554,5.756521369629994
446,0.8175,0.8174953263759066,0.8146911519198664,0.8187919463087249,0.8174953263759064,0.8629915491142957,0.8167364016736401,0.8155080213903744,6.303398655839918
447,0.8308333333333333,0.8308092522479229,0.8163606010016694,0.8402061855670103,0.8308092522479229,0.8741167266176733,0.8281117696867062,0.8210208193418401,5.842871642273232
448,0.825,0.8249634026761186,0.8030050083472454,0.8394415357766143,0.8249634026761186,0.8703899387285965,0.8208191126279863,0.8100370495116199,6.044347171579018
449,0.8225,0.8224620068389079,0.7996661101836394,0.8374125874125874,0.8224620068389079,0.8685393487981135,0.8181041844577284,0.8069407008086252,6.130694778897487
450,0.8275,0.8274620207278354,0.8046744574290484,0.8426573426573427,0.8274620207278353,0.8724159000431956,0.8232280102476516,0.8119946091644205,5.957998897929357
451,0.8416666666666667,0.8416190044972347,0.8130217028380634,0.8619469026548673,0.8416190044972346,0.8841509694131321,0.8367697594501718,0.8223573117190138,5.468691569693822
452,0.8341666666666666,0.8341064836291212,0.7979966611018364,0.8597122302158273,0.8341064836291211,0.8792711123254985,0.8277056277056277,0.8096205962059619,5.7277323926556525
453,0.825,0.8249578471051309,0.7996661101836394,0.8418277680140598,0.8249578471051308,0.8707469390988496,0.8202054794520548,0.8077571669477235,6.044345838916635
454,0.8325,0.832475923544232,0.8180300500834724,0.8419243986254296,0.8324759235442319,0.8753938910211176,0.8298052497883149,0.8226997985224983,5.785306348617189
455,0.8316666666666667,0.8316078655774044,0.7963272120200334,0.8563734290843806,0.8316078655774043,0.8771836538855402,0.8252595155709342,0.8076532339993227,5.814080666305312
456,0.825,0.8249745138180942,0.8096828046744574,0.8347676419965576,0.8249745138180942,0.8697252233355075,0.8220338983050848,0.814578434665771,6.044349836903787
457,0.835,0.8349328748135412,0.7946577629382304,0.8638838475499092,0.8349328748135412,0.8805208052440698,0.8278260869565217,0.8076009501187651,5.698948079999651
458,0.8383333333333334,0.8382967730465918,0.8163606010016694,0.8534031413612565,0.8382967730465917,0.8807152045147963,0.8344709897610921,0.8235095991916469,5.5838248223306755
459,0.8391666666666666,0.8391203864455179,0.8113522537562604,0.8586572438162544,0.8391203864455179,0.8820880821195907,0.8343347639484978,0.8203916272788656,5.555039843343482
460,0.84,0.8399745554848763,0.8247078464106845,0.8502581755593803,0.8399745554848764,0.8812330109850324,0.8372881355932204,0.8296943231441049,5.526262193999399
461,0.8458333333333333,0.845778738274273,0.8130217028380634,0.8696428571428572,0.845778738274273,0.8879989466571272,0.8403796376186367,0.8237483085250338,5.3247766697257335
462,0.8366666666666667,0.8366162128228134,0.8063439065108514,0.8579040852575488,0.8366162128228134,0.8804573292175335,0.8313253012048192,0.8161541061169315,5.6413867843307575
463,0.8341666666666666,0.8341203725565904,0.8063439065108514,0.8533568904593639,0.8341203725565904,0.8781837318184409,0.8291845493562232,0.8153274814314652,5.727735724311612
464,0.84,0.8399439998444441,0.8063439065108514,0.8640429338103757,0.8399439998444439,0.8835267534939468,0.8341968911917098,0.8172588832487311,5.5262548643562885
465,0.8408333333333333,0.840787057741827,0.8130217028380634,0.8604240282685512,0.840787057741827,0.8833895322199741,0.8360515021459227,0.8220796758946657,5.497474549687438
466,0.8358333333333333,0.835814821707838,0.8247078464106845,0.8430034129692833,0.8358148217078382,0.8776056296899838,0.8337552742616032,0.8283031522468144,5.670177093967487
467,0.8383333333333334,0.8382939952610979,0.8146911519198664,0.8546409807355516,0.8382939952610979,0.8809160663277091,0.8341880341880342,0.8223795079204584,5.583824155999483
468,0.8341666666666666,0.8341342614840597,0.8146911519198664,0.8472222222222222,0.8341342614840596,0.8772066870710443,0.8306382978723404,0.8209959623149394,5.727739055967568
469,0.8358333333333333,0.8358064883513565,0.8196994991652755,0.8465517241379309,0.8358064883513565,0.8781256116516032,0.8329092451229855,0.8249327956989247,5.670175094973911
470,0.8366666666666667,0.8366273239647888,0.8130217028380634,0.8528896672504378,0.8366273239647887,0.8796223517109172,0.8324786324786325,0.8206943040107852,5.6413894496555255
471,0.8233333333333334,0.8232883980233279,0.7963272120200334,0.8412698412698413,0.8232883980233278,0.8696318599782707,0.8181818181818182,0.8049274384070199,6.1019104662414865
472,0.835,0.8349578748829858,0.8096828046744574,0.8523725834797891,0.8349578748829858,0.8785276940771233,0.8304794520547945,0.8178752107925801,5.698954076980377
473,0.8358333333333333,0.8357925994238873,0.8113522537562604,0.8526315789473684,0.8357925994238872,0.8790752496851477,0.8314798973481609,0.8192852326365475,5.670171763317951
474,0.845,0.8449606804463345,0.8213689482470785,0.861646234676007,0.8449606804463347,0.8860909247948761,0.8410256410256409,0.8291203235591507,5.353562981375312
475,0.8333333333333334,0.8332828702301951,0.8030050083472454,0.8543516873889876,0.8332828702301949,0.8778450145347831,0.8278829604130808,0.8127745860087868,5.756517371642843
476,0.8425,0.8424453956816547,0.8096828046744574,0.8660714285714286,0.8424453956816547,0.8853771166229429,0.8369283865401207,0.8203653585926929,5.439907257037818
477,0.8308333333333333,0.8307953633204537,0.8080133555926544,0.8461538461538461,0.8307953633204536,0.8750002675399169,0.8266438941076003,0.8153638814016173,5.8428683106172725
478,0.8366666666666667,0.8366328795357765,0.8163606010016694,0.8504347826086956,0.8366328795357765,0.8792310251385158,0.8330494037478705,0.8229552339279703,5.6413907823179095
479,0.8358333333333333,0.8358009327803688,0.8163606010016694,0.8489583333333334,0.8358009327803688,0.8784928005008348,0.8323404255319148,0.8226783310901751,5.670173762311527
480,0.8325,0.8324592568312691,0.8080133555926544,0.8491228070175438,0.8324592568312691,0.8764847479717658,0.8280581693755347,0.8159136884693188,5.785302350630037
481,0.8383333333333334,0.8382967730465918,0.8163606010016694,0.8534031413612565,0.8382967730465917,0.8807152045147963,0.8344709897610921,0.8235095991916469,5.583824822330674
482,0.84,0.8399745554848763,0.8247078464106845,0.8502581755593803,0.8399745554848764,0.8812330109850324,0.8372881355932204,0.8296943231441049,5.526262193999399
483,0.835,0.8349606526684796,0.8113522537562604,0.8511383537653241,0.8349606526684795,0.8783286370941255,0.8307692307692307,0.8190091001011123,5.6989547433115675
484,0.8341666666666666,0.8341203725565904,0.8063439065108514,0.8533568904593639,0.8341203725565904,0.8781837318184409,0.8291845493562232,0.8153274814314652,5.727735724311612
485,0.8258333333333333,0.8257870160750447,0.7979966611018364,0.8445229681978799,0.8257870160750447,0.8716764813165249,0.8206008583690986,0.8068872383524645,6.015562192591826
486,0.8308333333333333,0.830789807749466,0.8046744574290484,0.8485915492957746,0.830789807749466,0.8753830033624115,0.8260497000856899,0.8130904183535762,5.842866977954887
487,0.8308333333333333,0.8308036966769352,0.8130217028380634,0.8425605536332179,0.8308036966769351,0.8744577949023074,0.8275276125743416,0.8187626092804302,5.842870309610848
488,0.8441666666666666,0.8441231781199392,0.8180300500834724,0.8626760563380281,0.8441231781199392,0.8857697198774169,0.8397600685518423,0.8265856950067476,5.3823446287065435
489,0.8375,0.8374648262911841,0.8163606010016694,0.8519163763066202,0.8374648262911841,0.8799718219874781,0.8337595907928389,0.8232323232323233,5.612607802324291
490,0.8191666666666667,0.8191369976027711,0.8013355592654424,0.8304498269896193,0.8191369976027709,0.8654760264608641,0.8156329651656754,0.8069939475453933,6.245827365203147
491,0.8333333333333334,0.8332939813721705,0.8096828046744574,0.8493870402802102,0.8332939813721705,0.8770349224773338,0.8290598290598291,0.8173238961914392,5.756520036967611
492,0.8291666666666667,0.8291398031661199,0.8130217028380634,0.8396551724137931,0.8291398031661199,0.8730051042925948,0.8261238337574216,0.8182123655913978,5.9004362695980825
493,0.8325,0.8324620346167628,0.8096828046744574,0.8479020979020979,0.8324620346167628,0.8762924512882776,0.8283518360375748,0.8170485175202158,5.785303016961229
494,0.8233333333333334,0.8233050647362908,0.8063439065108514,0.8341968911917098,0.8233050647362908,0.868603732184614,0.8200339558573854,0.8117647058823528,6.101914464228638
495,0.8308333333333333,0.8308148078189106,0.8196994991652755,0.8378839590443686,0.8308148078189107,0.8737917291048221,0.8286919831223628,0.8232729711602951,5.842872974935614
496,0.8266666666666667,0.8266328517579216,0.8063439065108514,0.84,0.8266328517579216,0.8715052865887589,0.8228279386712095,0.8128576236957253,5.986782544254169
497,0.825,0.824991180531057,0.8196994991652755,0.8279932546374368,0.8249911805310571,0.868846376901356,0.8238255033557047,0.8213449314151892,6.044353834890938
498,0.8258333333333333,0.8258231272864647,0.8196994991652755,0.8293918918918919,0.8258231272864648,0.8695456955285837,0.8245172124265323,0.8216198125836681,6.015570854897318
499,0.8241666666666667,0.8241536782046617,0.8163606010016694,0.8288135593220339,0.8241536782046617,0.8684204134951851,0.8225399495374265,0.8188211654387142,6.0731354822221695
500,0.8391666666666666,0.8391314975874933,0.8180300500834724,0.8536585365853658,0.8391314975874932,0.8812609600010857,0.8354646206308609,0.8249158249158249,5.555042508668248
501,0.835,0.8349745415959489,0.8196994991652755,0.8450946643717728,0.8349745415959491,0.877397081768524,0.8322033898305085,0.8246556936513268,5.6989580749675275
502,0.8275,0.8274647985133292,0.8063439065108514,0.8414634146341463,0.8274647985133292,0.8722369939058321,0.8235294117647058,0.813131313131313,5.9579995642605486
503,0.8325,0.8324814791152197,0.8213689482470785,0.8395904436860068,0.8324814791152199,0.8750630292998759,0.8303797468354429,0.8249496981891349,5.785307681279571
504,0.8216666666666667,0.8216550601529449,0.8146911519198664,0.8257191201353637,0.8216550601529449,0.8664551360276149,0.8201680672268907,0.8168731168396384,6.159483755871832
505,0.8325,0.832475923544232,0.8180300500834724,0.8419243986254296,0.8324759235442319,0.8753938910211176,0.8298052497883149,0.8226997985224983,5.785306348617188
506,0.8358333333333333,0.8357981549948751,0.8146911519198664,0.8501742160278746,0.8357981549948751,0.8786826839738705,0.8320545609548167,0.8215488215488215,5.670173095980336
507,0.8325,0.8324731457587382,0.8163606010016694,0.843103448275862,0.8324731457587382,0.8755653579720992,0.8295165394402035,0.8215725806451613,5.785305682285997
508,0.8316666666666667,0.8316356434323429,0.8130217028380634,0.8440207972270364,0.8316356434323429,0.8751879166992166,0.8282312925170068,0.8190380087453751,5.814087329617231
509,0.8258333333333333,0.8258036827880078,0.8080133555926544,0.8373702422145328,0.8258036827880078,0.8706084655702603,0.8224299065420559,0.8137188971082716,6.015566190578977
510,0.8366666666666667,0.8366384351067642,0.8196994991652755,0.8480138169257341,0.8366384351067642,0.8788566580455048,0.8336162988115451,0.8252100840336136,5.6413921149802935
511,0.8316666666666667,0.8316328656468491,0.8113522537562604,0.8452173913043478,0.8316328656468491,0.8753681558636375,0.8279386712095401,0.8179064288118478,5.814086663286039
512,0.8416666666666667,0.8416273378537162,0.8180300500834724,0.8581436077057794,0.8416273378537161,0.8835034955612926,0.8376068376068375,0.8257499157398044,5.468693568687396
513,0.8275,0.8274814652262923,0.8163606010016694,0.8344709897610921,0.8274814652262923,0.8712491287147142,0.8253164556962025,0.8199195171026155,5.958003562247701
514,0.8358333333333333,0.8358037105658627,0.8180300500834724,0.8477508650519031,0.8358037105658626,0.8783071242343543,0.8326253186066271,0.8238063214525891,5.670174428642718
515,0.8366666666666667,0.8366106572518257,0.8030050083472454,0.8604651162790697,0.8366106572518257,0.8809017289798242,0.8307426597582037,0.8138747884940778,5.641385451668374
516,0.8466666666666667,0.8466440184556068,0.8330550918196995,0.855917667238422,0.8466440184556068,0.8861530461957274,0.8443316412859561,0.8375293722725747,5.296001685706419
517,0.8316666666666667,0.8316384212178367,0.8146911519198664,0.842832469775475,0.8316384212178366,0.8750118108476707,0.8285229202037352,0.8201680672268906,5.81408799594842
518,0.8325,0.832475923544232,0.8180300500834724,0.8419243986254296,0.8324759235442319,0.8753938910211176,0.8298052497883149,0.8226997985224983,5.785306348617189
519,0.8416666666666667,0.8416551157086547,0.8347245409015025,0.8460236886632826,0.8416551157086547,0.8816241147823924,0.8403361344537815,0.8369601606963508,5.468700231999314
520,0.8391666666666666,0.8391342753729871,0.8196994991652755,0.8524305555555556,0.8391342753729871,0.8810650273604155,0.8357446808510639,0.826043068640646,5.555043174999441
521,0.845,0.8449717915883099,0.8280467445742905,0.8566493955094991,0.8449717915883099,0.8852647367085615,0.8421052631578947,0.8336134453781512,5.353565646700078
522,0.8366666666666667,0.8366606573907149,0.8330550918196995,0.838655462184874,0.8366606573907149,0.8775219436689534,0.8358458961474038,0.8341691741892343,5.641397445629827
523,0.8366666666666667,0.8366328795357765,0.8163606010016694,0.8504347826086956,0.8366328795357765,0.8792310251385158,0.8330494037478705,0.8229552339279703,5.6413907823179095
524,0.835,0.8349856527379242,0.8263772954924875,0.8404074702886248,0.8349856527379242,0.8767257162238895,0.8333333333333333,0.8291457286432162,5.698960740292296
525,0.8408333333333333,0.8408092800257778,0.8263772954924875,0.8505154639175257,0.8408092800257779,0.8817797130383399,0.8382726502963591,0.8310946944257891,5.497479880336972
526,0.8441666666666666,0.84414540040389,0.8313856427378965,0.8527397260273972,0.8441454004038901,0.8841460177159802,0.8419273034657649,0.8355704697986577,5.38234995935608
527,0.8391666666666666,0.8391398309439748,0.8230383973288815,0.85,0.8391398309439749,0.8806858653311074,0.8363019508057677,0.8282930107526881,5.555044507661825
528,0.8375,0.8374759374331595,0.8230383973288815,0.8470790378006873,0.8374759374331595,0.8792253842314511,0.8348856900931415,0.8277367360644728,5.612610467649058
529,0.84,0.8399662221283948,0.8196994991652755,0.8539130434782609,0.8399662221283948,0.8818062713217681,0.8364565587734243,0.8263211040053855,5.5262601950058245
530,0.8408333333333333,0.8408092800257778,0.8263772954924875,0.8505154639175257,0.8408092800257779,0.8817797130383399,0.8382726502963591,0.8310946944257891,5.497479880336972
531,0.8408333333333333,0.8408037244547901,0.8230383973288815,0.8529411764705882,0.8408037244547901,0.8821564535664015,0.8377230246389125,0.8288500336247477,5.497478547674589
532,0.8366666666666667,0.8366273239647888,0.8130217028380634,0.8528896672504378,0.8366273239647887,0.8796223517109172,0.8324786324786325,0.8206943040107852,5.6413894496555255
533,0.84,0.8399773332703702,0.8263772954924875,0.8490566037735849,0.8399773332703703,0.8810502829663696,0.8375634517766497,0.8308157099697886,5.526262860330591
534,0.8366666666666667,0.8366412128922579,0.8213689482470785,0.846815834767642,0.8366412128922579,0.8786757248406936,0.8338983050847457,0.8263352368155862,5.6413927813114855
535,0.8341666666666666,0.8341342614840597,0.8146911519198664,0.8472222222222222,0.8341342614840596,0.8772066870710443,0.8306382978723404,0.8209959623149394,5.727739055967568
536,0.8408333333333333,0.8407953910983086,0.8180300500834724,0.8566433566433567,0.8407953910983086,0.8827533700300813,0.8368915456874467,0.8254716981132075,5.497476548681013
537,0.825,0.8249884027455632,0.8180300500834724,0.8291032148900169,0.8249884027455632,0.8689832991534113,0.8235294117647058,0.8202209574824241,6.044353168559746
538,0.835,0.8349828749524304,0.8247078464106845,0.8415672913117547,0.8349828749524304,0.8768875688612197,0.8330522765598651,0.8280254777070063,5.698960073961104
539,0.84,0.8399745554848763,0.8247078464106845,0.8502581755593803,0.8399745554848764,0.8812330109850324,0.8372881355932204,0.8296943231441049,5.526262193999399
540,0.8383333333333334,0.8383189953305425,0.8297161936560935,0.8438030560271647,0.8383189953305427,0.879259624841629,0.8367003367003366,0.8324958123953099,5.583830152980209
541,0.8375,0.8374898263606287,0.8313856427378965,0.8412162162162162,0.8374898263606289,0.8783842628103897,0.8362720403022671,0.8333333333333333,5.612613799305018
542,0.8391666666666666,0.8391481643004564,0.8280467445742905,0.8464163822525598,0.8391481643004564,0.8801482300800918,0.8371308016877638,0.8316566063044936,5.5550465066554
543,0.84,0.8400023333398148,0.8414023372287145,0.8386023294509152,0.8400023333398149,0.8795856666731483,0.8400000000000001,0.8408408408408409,5.526268857311317
544,0.8425,0.8424592846091239,0.8180300500834724,0.8596491228070176,0.8424592846091239,0.8842562531119116,0.8383233532934132,0.8260283209710045,5.439910588693778
545,0.8416666666666667,0.8416412267811855,0.8263772954924875,0.8519793459552496,0.8416412267811856,0.8825116540572019,0.8389830508474577,0.8313738663083642,5.468696900343355
546,0.8566666666666667,0.8566357128769801,0.8380634390651085,0.8700173310225303,0.8566357128769801,0.8944570517104861,0.8537414965986394,0.8442650521358895,4.950607924776585
547,0.85,0.8499745832627312,0.8347245409015025,0.8605851979345955,0.8499745832627313,0.888904869418049,0.8474576271186441,0.8397715821296607,5.1808704320631405
548,0.8366666666666667,0.8366551018197272,0.8297161936560935,0.8409475465313029,0.8366551018197272,0.8778318700936981,0.8352941176470589,0.8319383997321728,5.641396112967444
549,0.8525,0.8524982013838928,0.8514190317195326,0.8528428093645485,0.8524982013838929,0.8892142538753739,0.8521303258145364,0.8517034068136273,5.094528155394206
550,0.8508333333333333,0.8507926410906697,0.8263772954924875,0.8684210526315791,0.8507926410906697,0.8907325073953666,0.8468776732249786,0.8344571813890762,5.152084120413566
551,0.8491666666666666,0.8491426365073236,0.8347245409015025,0.8591065292096219,0.8491426365073237,0.8881655350555623,0.8467400508044031,0.8394895903290799,5.209653412056759
552,0.8475,0.8474787429965083,0.8347245409015025,0.8561643835616438,0.8474787429965083,0.8866944622315732,0.8453085376162299,0.8389261744966444,5.267219372043994
553,0.855,0.8549801527226464,0.8430717863105175,0.8632478632478633,0.8549801527226464,0.8923264914458571,0.8530405405405405,0.8470311975847032,5.008175883757397
554,0.8458333333333333,0.8457981827727299,0.8247078464106845,0.8606271777003485,0.8457981827727299,0.8864175120555166,0.8422847399829497,0.8316498316498316,5.3247813340440775
555,0.84,0.8399801110558639,0.8280467445742905,0.8478632478632478,0.8399801110558639,0.8808716628854358,0.8378378378378379,0.8319355920831936,5.526263526661784
556,0.845,0.8450023472287422,0.8464106844741235,0.8435940099833611,0.8450023472287422,0.8833356805620757,0.845,0.8458458458458458,5.353572976343188
557,0.8441666666666666,0.8441592893313592,0.8397328881469115,0.8468013468013468,0.8441592893313592,0.8832671174741292,0.8432523051131602,0.8411371237458193,5.382353291012038
558,0.85,0.8499773610482251,0.8363939899833055,0.8593481989708405,0.8499773610482251,0.8887044278104063,0.8477157360406091,0.8408862034239678,5.1808710983943325
559,0.8358333333333333,0.8358175994933319,0.8263772954924875,0.8418367346938775,0.8358175994933319,0.8774403484265159,0.8340353833192923,0.8294235924932977,5.670177760298678
560,0.8425,0.8425009513915316,0.8430717863105175,0.8416666666666667,0.8425009513915316,0.8815358931552588,0.8423686405337781,0.8427903871829104,5.4399205836616575
561,0.8425,0.8424787291075808,0.8297161936560935,0.851027397260274,0.8424787291075809,0.8828717954581837,0.8402366863905326,0.8338926174496644,5.4399152530121215
562,0.8458333333333333,0.8458370717696438,0.8480801335559266,0.8438538205980066,0.8458370717696441,0.8838836437436333,0.8459616985845128,0.8472314876584389,5.324790662680763
563,0.8416666666666667,0.8416662268506301,0.8414023372287145,0.8414023372287145,0.8416662268506302,0.8809856705620478,0.8414023372287145,0.8414023372287145,5.468702897324082
564,0.8391666666666666,0.8391842755118765,0.8497495826377296,0.8316993464052288,0.8391842755118765,0.8782244645214792,0.8406275805119736,0.8460771276595745,5.555055168960894
565,0.8375,0.8374926041461226,0.8330550918196995,0.8400673400673401,0.8374926041461226,0.8782278826101865,0.8365465213746857,0.8344481605351171,5.61261446563621
566,0.845,0.8450023472287422,0.8464106844741235,0.8435940099833611,0.8450023472287422,0.8833356805620757,0.845,0.8458458458458458,5.353572976343188
567,0.84,0.8399912221978394,0.8347245409015025,0.8431703204047217,0.8399912221978395,0.8801974306531121,0.8389261744966443,0.8364001338240215,5.52626619198655
568,0.8441666666666666,0.8441731782588285,0.8480801335559266,0.8410596026490066,0.8441731782588286,0.8824865347691333,0.8445552784704904,0.8466666666666667,5.382356622667997
569,0.845,0.8449829027302853,0.8347245409015025,0.8517887563884157,0.8449829027302854,0.8845066486449591,0.8431703204047217,0.8380824673147838,5.353568312024845
570,0.8475,0.8474926319239775,0.8430717863105175,0.8501683501683501,0.8474926319239776,0.8857867349061005,0.8466051969823972,0.8444816053511706,5.267222703699952
571,0.8408333333333333,0.8408315023097286,0.8397328881469115,0.8411371237458194,0.8408315023097287,0.8804350059463655,0.8404344193817878,0.8400133600534403,5.497485210986508
572,0.8341666666666666,0.8341814838374549,0.8430717863105175,0.8278688524590164,0.8341814838374549,0.8746369860514336,0.8354011579818031,0.8399866932801063,5.72775038359783
573,0.8466666666666667,0.8466412406701129,0.8313856427378965,0.8571428571428571,0.8466412406701129,0.8863475832737102,0.8440677966101696,0.8364124958011421,5.296001019375226
574,0.8383333333333334,0.8383439953999872,0.8447412353923205,0.8336079077429983,0.8383439953999873,0.8779245715676594,0.8391376451077943,0.8424908424908423,5.583836149960936
575,0.8416666666666667,0.8416662268506301,0.8414023372287145,0.8414023372287145,0.8416662268506302,0.8809856705620478,0.8414023372287145,0.8414023372287145,5.468702897324083
576,0.8491666666666666,0.8491537476492991,0.8414023372287145,0.8542372881355932,0.8491537476492991,0.8874031460154872,0.8477712363330528,0.8439383791024784,5.209656077381526
577,0.8458333333333333,0.8458259606276683,0.8414023372287145,0.8484848484848485,0.8458259606276685,0.8845269261901149,0.8449287510477788,0.842809364548495,5.324787997355997
578,0.8483333333333334,0.8483218008938913,0.8414023372287145,0.8527918781725888,0.8483218008938914,0.8866804410339849,0.8470588235294118,0.8436558419819218,5.238439057375143
579,0.8341666666666666,0.8341648171244921,0.8330550918196995,0.8344481605351171,0.8341648171244921,0.8754182928440749,0.83375104427736,0.8333333333333334,5.727746385610679
580,0.8533333333333334,0.8533329259247943,0.8530884808013356,0.8530884808013356,0.8533329259247943,0.8897551474680023,0.8530884808013356,0.8530884808013356,5.065745841731782
581,0.8466666666666667,0.8466662407395575,0.8464106844741235,0.8464106844741235,0.8466662407395577,0.8847440178074568,0.8464106844741235,0.8464106844741235,5.296007016355953
582,0.8391666666666666,0.8391787199408887,0.8464106844741235,0.8338815789473685,0.8391787199408888,0.8784794650440795,0.8400994200497099,0.8438748335552596,5.555053836298511
583,0.85,0.8499940277611882,0.8464106844741235,0.8521008403361344,0.8499940277611883,0.8875890957384625,0.8492462311557789,0.8475426278836508,5.1808750963814845
584,0.8516666666666667,0.8516523657010158,0.8430717863105175,0.8573853989813243,0.8516523657010158,0.8893952593125876,0.8501683501683501,0.8458961474036851,5.1233078037318664
585,0.8475,0.847484298567496,0.8380634390651085,0.8537414965986394,0.8474842985674961,0.8863191344985406,0.8458298230834035,0.8411528150134047,5.267220704706377
586,0.8408333333333333,0.8408342800952224,0.8414023372287145,0.84,0.8408342800952225,0.8802845019476905,0.8407005838198498,0.8411214953271029,5.4974858773177
587,0.8441666666666666,0.8441648449023469,0.8430717863105175,0.8444816053511706,0.8441648449023469,0.8829433624975107,0.8437761069340016,0.8433533734134936,5.382354623674422
588,0.8433333333333334,0.8433245647904577,0.8380634390651085,0.8465430016863407,0.8433245647904577,0.8827198870423912,0.8422818791946309,0.8397457343593173,5.411135604674463
589,0.8475,0.847503743065953,0.8497495826377296,0.8455149501661129,0.8475037430659531,0.8851322664019212,0.8476269775187344,0.8488992661774517,5.26722536902472
590,0.8433333333333334,0.84331900921947,0.8347245409015025,0.8488964346349746,0.8433190092194701,0.8830604877682385,0.8417508417508418,0.8375209380234506,5.41113427201208
591,0.8366666666666667,0.8366523240342334,0.8280467445742905,0.8421052631578947,0.8366523240342335,0.8779926705327593,0.835016835016835,0.830820770519263,5.641395446636253
592,0.8583333333333333,0.8583329398137217,0.8580968280467446,0.8580968280467446,0.8583329398137217,0.8935134947134113,0.8580968280467446,0.8580968280467446,4.893049960763654
593,0.8516666666666667,0.8516662546284851,0.8514190317195326,0.8514190317195326,0.8516662546284852,0.8885023650528658,0.8514190317195326,0.8514190317195326,5.123311135387824
594,0.8483333333333334,0.8483301342503728,0.8464106844741235,0.8492462311557789,0.848330134250373,0.8861617911482845,0.8478260869565217,0.8469762779819578,5.238441056368719
595,0.8466666666666667,0.8466829074525207,0.8564273789649416,0.8396072013093291,0.8466829074525207,0.8838506234704686,0.8479338842975208,0.8530096441636184,5.2960110143431045
596,0.85,0.849999583332176,0.8497495826377296,0.8497495826377296,0.8499995833321761,0.8872495826377296,0.8497495826377296,0.8497495826377296,5.1808764290438685
597,0.85,0.8499912499756943,0.8447412353923205,0.8532883642495784,0.8499912499756944,0.8877647998209496,0.8489932885906041,0.8464369354299097,5.1808744300502925
598,0.8441666666666666,0.8441565115458654,0.8380634390651085,0.847972972972973,0.8441565115458654,0.8834348726857074,0.8429890848026868,0.8400267737617134,5.382352624680847
599,0.84,0.8399912221978394,0.8347245409015025,0.8431703204047217,0.8399912221978395,0.8801974306531121,0.8389261744966443,0.8364001338240215,5.52626619198655
600,0.8508333333333333,0.8508259745165958,0.8464106844741235,0.8535353535353535,0.8508259745165959,0.8883063523380718,0.8499580888516344,0.8478260869565216,5.152092116387866
601,0.8425,0.8424815068930747,0.8313856427378965,0.8498293515358362,0.8424815068930748,0.8826908304701997,0.8405063291139241,0.8350100603621731,5.439915919343313
602,0.8516666666666667,0.8516412545590404,0.8363939899833055,0.8623063683304647,0.8516412545590405,0.8901835124902183,0.8491525423728813,0.8414511252939201,5.123305138407098
603,0.85,0.849999583332176,0.8497495826377296,0.8497495826377296,0.8499995833321761,0.8872495826377296,0.8497495826377296,0.8497495826377296,5.1808764290438685
604,0.8491666666666666,0.8491537476492991,0.8414023372287145,0.8542372881355932,0.8491537476492991,0.8874031460154872,0.8477712363330528,0.8439383791024784,5.209656077381526
605,0.8425,0.8424648401801116,0.8213689482470785,0.8571428571428571,0.8424648401801117,0.8838392360283012,0.8388746803069055,0.8282828282828284,5.4399119213561615
606,0.8433333333333334,0.8432967869355192,0.8213689482470785,0.8586387434554974,0.8432967869355192,0.8845871791846213,0.8395904436860069,0.8285618053216571,5.411128941362546
607,0.8383333333333334,0.8383412176144933,0.8430717863105175,0.8347107438016529,0.8383412176144934,0.8780579317227519,0.8388704318936878,0.8413862045984671,5.583835483629744
608,0.8466666666666667,0.8466773518815329,0.8530884808013356,0.8418451400329492,0.8466773518815331,0.8841334770838091,0.84742951907131,0.8508158508158509,5.2960096816807205
609,0.8533333333333334,0.8533107036408434,0.8397328881469115,0.8627787307032591,0.8533107036408435,0.8912558094250853,0.8510998307952623,0.844243034575361,5.065740511082247
610,0.8416666666666667,0.8416634490651362,0.8397328881469115,0.8425460636515912,0.8416634490651363,0.8811394758992513,0.8411371237458193,0.8402940193785501,5.468702230992889
611,0.8416666666666667,0.8416634490651362,0.8397328881469115,0.8425460636515912,0.8416634490651363,0.8811394758992513,0.8411371237458193,0.8402940193785501,5.468702230992889
612,0.8441666666666666,0.8441676226878407,0.8447412353923205,0.8433333333333334,0.8441676226878407,0.8827872843628268,0.8440366972477064,0.8444592790387182,5.382355290005614
613,0.84,0.8399912221978394,0.8347245409015025,0.8431703204047217,0.8399912221978395,0.8801974306531121,0.8389261744966443,0.8364001338240215,5.52626619198655
614,0.85,0.8499829166192128,0.8397328881469115,0.8568994889267462,0.8499829166192128,0.8883161885368288,0.8482293423271501,0.8431109621186724,5.180872431056717
615,0.8458333333333333,0.8458287384131622,0.8430717863105175,0.8473154362416108,0.8458287384131622,0.8843602779427309,0.8451882845188285,0.8439171122994651,5.324788663687189
616,0.8416666666666667,0.8416523379231609,0.8330550918196995,0.8471986417657046,0.8416523379231609,0.8817935334593687,0.8400673400673401,0.8358458961474036,5.468699565668123
617,0.8416666666666667,0.8416662268506301,0.8414023372287145,0.8414023372287145,0.8416662268506302,0.8809856705620478,0.8414023372287145,0.8414023372287145,5.468702897324082
618,0.8433333333333334,0.8433245647904577,0.8380634390651085,0.8465430016863407,0.8433245647904577,0.8827198870423912,0.8422818791946309,0.8397457343593173,5.411135604674463
619,0.84,0.8399828888413579,0.8297161936560935,0.8466780238500852,0.8399828888413579,0.8806971087530894,0.8381112984822935,0.833053972510895,5.526264192992975
620,0.8391666666666666,0.8391426087294687,0.8247078464106845,0.8487972508591065,0.8391426087294688,0.8805025486348955,0.8365791701947504,0.8294157152451309,5.555045173993016
621,0.8483333333333334,0.8483079119664221,0.8330550918196995,0.8588640275387264,0.8483079119664222,0.8876262263458796,0.8457627118644069,0.8380920389654013,5.238435725719183
622,0.8458333333333333,0.8458259606276683,0.8414023372287145,0.8484848484848485,0.8458259606276685,0.8845269261901149,0.8449287510477788,0.842809364548495,5.324787997355997
623,0.8391666666666666,0.8391703865844071,0.8414023372287145,0.8372093023255814,0.8391703865844072,0.8788891531104813,0.8393005828476271,0.8405603735823882,5.555051837304935
624,0.8466666666666667,0.8466495740265945,0.8363939899833055,0.8534923339011925,0.8466495740265946,0.8857764952755823,0.8448566610455313,0.8397586322494133,5.296003018368802
625,0.8491666666666666,0.8491704143622621,0.8514190317195326,0.8471760797342193,0.8491704143622623,0.8863808890602093,0.8492922564529559,0.8505670446964644,5.209660075368677
626,0.8458333333333333,0.8458287384131622,0.8430717863105175,0.8473154362416108,0.8458287384131622,0.8843602779427309,0.8451882845188285,0.8439171122994651,5.324788663687186
627,0.845,0.8450245695126931,0.8597662771285476,0.8346839546191248,0.8450245695126931,0.8822251158738361,0.8470394736842105,0.8546299369399271,5.3535783069927225
628,0.8516666666666667,0.8516634768429913,0.8497495826377296,0.8525963149078727,0.8516634768429914,0.8886729487728012,0.8511705685618729,0.8503174072836619,5.123310469056633
629,0.8508333333333333,0.8508315300875836,0.8497495826377296,0.8511705685618729,0.8508315300875837,0.8879600755998012,0.8504594820384294,0.8500334001336006,5.15209344905025
630,0.8425,0.8424787291075808,0.8297161936560935,0.851027397260274,0.8424787291075809,0.8828717954581837,0.8402366863905326,0.8338926174496644,5.4399152530121215
631,0.8508333333333333,0.850803752232645,0.8330550918196995,0.8633217993079585,0.850803752232645,0.8898551122304956,0.8479184367034834,0.8389374579690653,5.152086785738331
632,0.8391666666666666,0.8391703865844071,0.8414023372287145,0.8372093023255814,0.8391703865844072,0.8788891531104813,0.8393005828476271,0.8405603735823882,5.555051837304935
633,0.8383333333333334,0.8383439953999872,0.8447412353923205,0.8336079077429983,0.8383439953999873,0.8779245715676594,0.8391376451077943,0.8424908424908423,5.583836149960936
634,0.8441666666666666,0.8441398448329023,0.8280467445742905,0.8551724137931035,0.8441398448329023,0.8845262458503635,0.8413910093299406,0.8333333333333335,5.382348626693696
635,0.8458333333333333,0.8458092939147053,0.8313856427378965,0.8556701030927835,0.8458092939147053,0.8856112062486733,0.8433530906011856,0.8361316319677636,5.324783999368844
636,0.85,0.8499884721902005,0.8430717863105175,0.8544839255499154,0.8499884721902006,0.8879445225968831,0.8487394957983193,0.8453297623033144,5.1808737637191
637,0.8425,0.84249261803505,0.8380634390651085,0.8451178451178452,0.84249261803505,0.8820073087581435,0.8415758591785415,0.8394648829431438,5.439918584668081
638,0.8391666666666666,0.8391870532973703,0.8514190317195326,0.8306188925081434,0.8391870532973702,0.8781022954471712,0.8408903544929927,0.8471760797342194,5.555055835292086
639,0.8333333333333334,0.8333300925835905,0.8313856427378965,0.8341708542713567,0.8333300925835906,0.8748615818379599,0.8327759197324414,0.8319411961242901,5.7565286992731055
640,0.8433333333333334,0.8433023425065069,0.8247078464106845,0.8561525129982669,0.843302342506507,0.8841801797044757,0.8401360544217686,0.8308106289942819,5.411130274024929
641,0.8441666666666666,0.8441704004733346,0.8464106844741235,0.8421926910299004,0.8441704004733346,0.8826350210853453,0.8442964196502913,0.8455637091394261,5.382355956336807
642,0.8375,0.8375092708590857,0.8430717863105175,0.8333333333333334,0.8375092708590857,0.8773692264885922,0.8381742738589213,0.8411059293804131,5.612618463623361
643,0.8391666666666666,0.8391592754424317,0.8347245409015025,0.8417508417508418,0.8391592754424319,0.8794876913261721,0.8382229673093043,0.8361204013377928,5.5550491719801665
644,0.8408333333333333,0.8408203911677532,0.8330550918196995,0.8457627118644068,0.8408203911677532,0.8810755685087198,0.8393608074011774,0.8355659745478901,5.49748254566174
645,0.8433333333333334,0.8433328981469392,0.8430717863105175,0.8430717863105175,0.8433328981469392,0.8822384529771842,0.8430717863105175,0.8430717863105175,5.411137603668039
646,0.8541666666666666,0.8541648726802019,0.8530884808013356,0.8545150501672241,0.8541648726802019,0.8904684321509464,0.8538011695906433,0.8533734134936541,5.036962861738163
647,0.8458333333333333,0.8458370717696438,0.8480801335559266,0.8438538205980066,0.8458370717696441,0.8838836437436333,0.8459616985845128,0.8472314876584389,5.324790662680763
648,0.8366666666666667,0.8366467684632457,0.8247078464106845,0.8444444444444444,0.8366467684632458,0.8783261454275645,0.8344594594594595,0.8285810130828581,5.6413941139738695
649,0.8425,0.8425120625335071,0.8497495826377296,0.8371710526315791,0.8425120625335072,0.8809603176346543,0.8434134217067109,0.8472037283621838,5.4399232489864255
650,0.8425,0.8424842846785685,0.8330550918196995,0.8486394557823129,0.8424842846785685,0.882513940467673,0.8407750631844987,0.8361260053619304,5.4399165856745055
651,0.8491666666666666,0.8491509698638051,0.8397328881469115,0.8554421768707483,0.8491509698638051,0.8875875325088299,0.8475147430497052,0.842828418230563,5.209655411050334
652,0.8483333333333334,0.8483218008938913,0.8414023372287145,0.8527918781725888,0.8483218008938914,0.8866804410339849,0.8470588235294118,0.8436558419819218,5.238439057375143
653,0.8325,0.8324953680426891,0.8297161936560935,0.8338926174496645,0.8324953680426891,0.8743044055528789,0.8317991631799163,0.830548128342246,5.785311012935531
654,0.8383333333333334,0.8383412176144933,0.8430717863105175,0.8347107438016529,0.8383412176144934,0.8780579317227519,0.8388704318936878,0.8413862045984671,5.583835483629744
655,0.8416666666666667,0.8416551157086547,0.8347245409015025,0.8460236886632826,0.8416551157086547,0.8816241147823924,0.8403361344537815,0.8369601606963508,5.468700231999314
656,0.84,0.8399939999833332,0.8363939899833055,0.8420168067226891,0.8399939999833334,0.8800387316863307,0.8391959798994975,0.8375125376128385,5.526266858317743
657,0.8291666666666667,0.8291842477340214,0.8397328881469115,0.8218954248366013,0.8291842477340213,0.8708141564917564,0.8307184145334434,0.8361037234042553,5.900446930897151
658,0.8391666666666666,0.8391787199408887,0.8464106844741235,0.8338815789473685,0.8391787199408888,0.8784794650440795,0.8400994200497099,0.8438748335552596,5.555053836298511
659,0.8425,0.8425092847480132,0.8480801335559266,0.8382838283828383,0.8425092847480132,0.8810986476360492,0.8431535269709545,0.8461025982678215,5.4399225826552335
660,0.8383333333333334,0.8383356620435056,0.8397328881469115,0.8369384359400999,0.8383356620435057,0.8783356620435058,0.8383333333333334,0.8391725058391724,5.583834150967361
661,0.8408333333333333,0.840862057950161,0.8580968280467446,0.8290322580645161,0.8408620579501609,0.8789812097222971,0.8433141919606235,0.8521220159151194,5.497492540629618
662,0.8458333333333333,0.8458370717696438,0.8480801335559266,0.8438538205980066,0.8458370717696441,0.8838836437436333,0.8459616985845128,0.8472314876584389,5.324790662680763
663,0.8441666666666666,0.8441537337603715,0.8363939899833055,0.8491525423728814,0.8441537337603716,0.8836065995114268,0.8427249789739276,0.8389149363697253,5.3823519583496555
664,0.8425,0.8424898402495562,0.8363939899833055,0.8462837837837838,0.8424898402495562,0.8821722202168779,0.8413098236775819,0.8383534136546186,5.4399179183368895
665,0.84,0.8399717776993825,0.8230383973288815,0.8514680483592401,0.8399717776993826,0.8814198895107275,0.8370118845500849,0.8285714285714285,5.526261527668208
666,0.8391666666666666,0.8391537198714442,0.8313856427378965,0.8440677966101695,0.8391537198714442,0.8798100530073664,0.8376787216148024,0.8338914936369726,5.555047839317784
667,0.8433333333333334,0.8433245647904577,0.8380634390651085,0.8465430016863407,0.8433245647904577,0.8827198870423912,0.8422818791946309,0.8397457343593173,5.411135604674463
668,0.8358333333333333,0.8358342662062951,0.8363939899833055,0.835,0.8358342662062951,0.8765303283249859,0.8356964136780651,0.8361148197596796,5.670181758285829
669,0.8375,0.8374898263606287,0.8313856427378965,0.8412162162162162,0.8374898263606289,0.8783842628103897,0.8362720403022671,0.8333333333333333,5.612613799305018
670,0.8383333333333334,0.8383384398289995,0.8414023372287145,0.8358208955223879,0.8383384398289996,0.8781949497088846,0.8386023294509151,0.8402800933644546,5.583834817298553
671,0.8358333333333333,0.8358481551337642,0.8447412353923205,0.8295081967213115,0.8358481551337642,0.8758747160568159,0.8370554177005789,0.8416500332667998,5.6701850899417865
672,0.845,0.8449995694432484,0.8447412353923205,0.8447412353923205,0.8449995694432484,0.8834912353923206,0.8447412353923206,0.8447412353923205,5.353572310011996
673,0.8525,0.8524898680274111,0.8464106844741235,0.8564189189189191,0.8524898680274111,0.8897481350298545,0.8513853904282115,0.8483935742971886,5.094526156400631
674,0.8325,0.8325092569701582,0.8380634390651085,0.8283828382838284,0.8325092569701582,0.8736398053411352,0.8331950207468879,0.8361092604930047,5.78531434459149
675,0.8433333333333334,0.8433384537179269,0.8464106844741235,0.8407960199004975,0.8433384537179269,0.8819366855206437,0.8435940099833609,0.8452817605868623,5.411138936330423
676,0.8433333333333334,0.8433273425759515,0.8397328881469115,0.8453781512605042,0.8433273425759515,0.8825555197037079,0.8425460636515913,0.8408559010364426,5.411136271005657
677,0.8416666666666667,0.8416828935635933,0.8514190317195326,0.8346972176759411,0.8416828935635934,0.8801414580310701,0.8429752066115702,0.8480212836714334,5.468706895311233
678,0.8408333333333333,0.8408426134517041,0.8464106844741235,0.8366336633663366,0.8408426134517041,0.8798555072535634,0.8414937759336099,0.8444370419720185,5.497487876311276
679,0.8383333333333334,0.8383301064725179,0.8363939899833055,0.8391959798994975,0.838330106472518,0.8786283182747349,0.8377926421404682,0.8369528900768459,5.583832818304976
680,0.8341666666666666,0.8341675949099858,0.8347245409015025,0.8333333333333334,0.8341675949099859,0.8752789371174179,0.8340283569641369,0.8344459279038718,5.727747051941872
681,0.8425,0.8425065069625193,0.8464106844741235,0.8394039735099338,0.8425065069625193,0.8812406623253621,0.8428927680798005,0.8449999999999999,5.439921916324041
682,0.8383333333333334,0.8383189953305425,0.8297161936560935,0.8438030560271647,0.8383189953305427,0.879259624841629,0.8367003367003366,0.8324958123953099,5.583830152980209
683,0.8341666666666666,0.8341648171244921,0.8330550918196995,0.8344481605351171,0.8341648171244921,0.8754182928440749,0.83375104427736,0.8333333333333334,5.727746385610679
684,0.8408333333333333,0.8408481690226918,0.8497495826377296,0.8344262295081967,0.8408481690226918,0.879587906072963,0.8420181968569066,0.8466400532268795,5.49748920897366
685,0.8391666666666666,0.8391703865844071,0.8414023372287145,0.8372093023255814,0.8391703865844072,0.8788891531104813,0.8393005828476271,0.8405603735823882,5.555051837304935
686,0.8425,0.8424981736060377,0.8414023372287145,0.842809364548495,0.8424981736060377,0.8816891842219381,0.8421052631578947,0.8416833667334669,5.4399199173304655
687,0.8466666666666667,0.8466801296670269,0.8547579298831386,0.8407224958949097,0.846680129667027,0.883990212889024,0.847682119205298,0.8519134775374377,5.2960103480119125
688,0.8308333333333333,0.8308648079577998,0.8497495826377296,0.8183279742765274,0.8308648079577999,0.8715387784571286,0.8337428337428338,0.8432736911862161,5.842884968897067
689,0.8391666666666666,0.8391731643699009,0.8430717863105175,0.8360927152317881,0.8391731643699011,0.8787489174378196,0.8395677472984205,0.8416666666666667,5.555052503636127
690,0.84,0.8400023333398148,0.8414023372287145,0.8386023294509152,0.8400023333398149,0.8795856666731483,0.8400000000000001,0.8408408408408409,5.526268857311317
691,0.8325,0.8325037013991705,0.8347245409015025,0.8305647840531561,0.8325037013991705,0.8738946624773293,0.832639467110741,0.8338892595063376,5.785313011929107
692,0.84,0.8400078889108025,0.8447412353923205,0.8363636363636363,0.8400078889108026,0.8793024358779784,0.8405315614617941,0.8430523158947018,5.526270189973701
693,0.8283333333333334,0.8283328564801569,0.8280467445742905,0.8280467445742905,0.8283328564801569,0.8709634112409572,0.8280467445742905,0.8280467445742905,5.929225246572425
694,0.8483333333333334,0.8483440231778422,0.8547579298831386,0.8434925864909391,0.8483440231778423,0.8853752581870389,0.8490878938640133,0.8524808524808525,5.238444388024678
695,0.8483333333333334,0.8483301342503728,0.8464106844741235,0.8492462311557789,0.848330134250373,0.8861617911482845,0.8478260869565217,0.8469762779819578,5.238441056368719
696,0.8283333333333334,0.8283356342656507,0.8297161936560935,0.826955074875208,0.8283356342656507,0.8708356342656508,0.8283333333333334,0.8291624958291625,5.929225912903617
697,0.84,0.8399939999833332,0.8363939899833055,0.8420168067226891,0.8399939999833334,0.8800387316863307,0.8391959798994975,0.8375125376128385,5.526266858317743
698,0.8391666666666666,0.8391703865844071,0.8414023372287145,0.8372093023255814,0.8391703865844072,0.8788891531104813,0.8393005828476271,0.8405603735823882,5.555051837304935
699,0.8358333333333333,0.8358398217772827,0.8397328881469115,0.8327814569536424,0.8358398217772827,0.8762571725502768,0.8362427265170407,0.8383333333333333,5.670183090948213
700,0.8325,0.8325287014686152,0.8497495826377296,0.8209677419354838,0.8325287014686152,0.8728586622866066,0.8351107465135357,0.8438328912466844,5.785319008909832
701,0.8325,0.8325231458976274,0.8464106844741235,0.8230519480519479,0.8325231458976273,0.8730646495963691,0.8345679012345679,0.8416334661354581,5.785317676247449
702,0.8316666666666667,0.8316745324292567,0.8363939899833055,0.8280991735537191,0.8316745324292567,0.8730799151018456,0.8322259136212624,0.8347217594135289,5.814096658253916
703,0.8325,0.8325148125411459,0.8414023372287145,0.8262295081967214,0.8325148125411459,0.8733992560460512,0.8337468982630273,0.8383233532934132,5.785315677253872
704,0.825,0.8250161806005016,0.8347245409015025,0.8183306055646481,0.8250161806005016,0.8677775732330754,0.8264462809917357,0.8313934153641505,6.044359831871662
705,0.8341666666666666,0.8341731504809735,0.8380634390651085,0.8311258278145696,0.8341731504809736,0.8750113001065056,0.8345802161263507,0.8366666666666667,5.727748384604255
706,0.8391666666666666,0.8391703865844071,0.8414023372287145,0.8372093023255814,0.8391703865844072,0.8788891531104813,0.8393005828476271,0.8405603735823882,5.555051837304935
707,0.84,0.8400051111253086,0.8430717863105175,0.8374792703150912,0.8400051111253087,0.8794421949794711,0.8402662229617305,0.8419473157719238,5.526269523642509
708,0.8383333333333334,0.8383356620435056,0.8397328881469115,0.8369384359400999,0.8383356620435057,0.8783356620435058,0.8383333333333334,0.8391725058391724,5.583834150967361
709,0.8316666666666667,0.8316967547132076,0.8497495826377296,0.8196457326892109,0.8316967547132076,0.8721976576634702,0.8344262295081968,0.8435531985415976,5.814101988903451
710,0.835,0.8350023194508873,0.8363939899833055,0.8336106489184693,0.8350023194508874,0.8758356527842208,0.8350000000000001,0.8358358358358356,5.698964738279447
711,0.8425,0.8425037291770254,0.8447412353923205,0.8405315614617941,0.8425037291770254,0.8813863984270571,0.8426311407160699,0.8438959306204137,5.439921249992849
712,0.8316666666666667,0.8317106436406767,0.8580968280467446,0.8145800316957211,0.8317106436406767,0.8717550965378995,0.8357723577235773,0.8490254377271227,5.81410532055941
713,0.8333333333333334,0.8333356481545782,0.8347245409015025,0.8319467554076541,0.8333356481545783,0.8745856481545783,0.8333333333333334,0.8341675008341675,5.7565300319354895
714,0.8358333333333333,0.8358564884902459,0.8497495826377296,0.8262987012987013,0.8358564884902459,0.8755241419682155,0.8378600823045267,0.8449535192563082,5.6701870889353625
715,0.8433333333333334,0.8433551204308901,0.8564273789649416,0.8341463414634146,0.8433551204308901,0.8811201935475115,0.8451400329489291,0.8518764530056461,5.411142934317573
716,0.8391666666666666,0.8391648310134194,0.8380634390651085,0.8394648829431438,0.8391648310134195,0.8791808276707929,0.8387635756056809,0.8383433533734135,5.555050504642551
717,0.845,0.8449940138722607,0.8414023372287145,0.8470588235294118,0.8449940138722607,0.8838139137123966,0.8442211055276382,0.8425275827482448,5.353570977349612
718,0.8475,0.8474981874949652,0.8464106844741235,0.8478260869565217,0.8474981874949653,0.8854517190486559,0.8471177944862155,0.8466933867735471,5.267224036362336
719,0.8425,0.8425092847480132,0.8480801335559266,0.8382838283828383,0.8425092847480132,0.8810986476360492,0.8431535269709545,0.8461025982678215,5.439922582655232
720,0.8425,0.8425037291770254,0.8447412353923205,0.8405315614617941,0.8425037291770254,0.8813863984270571,0.8426311407160699,0.8438959306204137,5.439921249992849
721,0.8433333333333334,0.8433412315034209,0.8480801335559266,0.8396694214876033,0.8433412315034209,0.8817914441884316,0.8438538205980066,0.8463845384871708,5.411139602661615
722,0.8391666666666666,0.8391842755118765,0.8497495826377296,0.8316993464052288,0.8391842755118765,0.8782244645214792,0.8406275805119736,0.8460771276595745,5.555055168960894
723,0.8383333333333334,0.8383412176144933,0.8430717863105175,0.8347107438016529,0.8383412176144934,0.8780579317227519,0.8388704318936878,0.8413862045984671,5.583835483629744
724,0.8391666666666666,0.8391759421553948,0.8447412353923205,0.834983498349835,0.8391759421553949,0.8786123668710778,0.8398340248962655,0.8427714856762158,5.555053169967319
725,0.84,0.8400273334092595,0.8564273789649416,0.8287560581583199,0.8400273334092595,0.8784250518949641,0.8423645320197044,0.8507462686567164,5.526274854292043
726,0.84,0.8400106666962963,0.8464106844741235,0.8352553542009885,0.8400106666962964,0.8791663526708895,0.8407960199004975,0.8441558441558441,5.526270856304891
727,0.8375,0.8375092708590857,0.8430717863105175,0.8333333333333334,0.8375092708590857,0.8773692264885922,0.8381742738589213,0.8411059293804131,5.612618463623361
728,0.8383333333333334,0.8383134397595549,0.8263772954924875,0.8461538461538461,0.8383134397595549,0.8795989041565002,0.8361486486486487,0.8302583025830259,5.583828820317827
729,0.8491666666666666,0.8491676365767683,0.8497495826377296,0.8483333333333334,0.8491676365767684,0.8865414579855315,0.8490408673894914,0.8494659546061417,5.209659409037486
730,0.8441666666666666,0.8441704004733346,0.8464106844741235,0.8421926910299004,0.8441704004733346,0.8826350210853453,0.8442964196502913,0.8455637091394261,5.382355956336807
731,0.8308333333333333,0.8308648079577998,0.8497495826377296,0.8183279742765274,0.8308648079577999,0.8715387784571286,0.8337428337428338,0.8432736911862161,5.842884968897067
732,0.8408333333333333,0.8408398356662101,0.8447412353923205,0.8377483443708609,0.8408398356662102,0.8799947898815907,0.8412302576891105,0.8433333333333333,5.497487209980083
733,0.8391666666666666,0.8391814977263826,0.8480801335559266,0.8327868852459016,0.8391814977263826,0.8783501760675807,0.8403639371381306,0.8449767132401864,5.5550545026297025
734,0.8483333333333334,0.8483384676068545,0.8514190317195326,0.8457711442786071,0.8483384676068546,0.8856784213324029,0.848585690515807,0.85028342780927,5.238443055362295
735,0.8308333333333333,0.8308509190303306,0.8414023372287145,0.8235294117647058,0.8308509190303306,0.8720492078300436,0.8323699421965317,0.8377659574468084,5.842881637241108
736,0.8458333333333333,0.8458370717696438,0.8480801335559266,0.8438538205980066,0.8458370717696441,0.8838836437436333,0.8459616985845128,0.8472314876584389,5.324790662680763
737,0.8333333333333334,0.8333467592965536,0.8414023372287145,0.8275862068965517,0.8333467592965536,0.8740776053959664,0.8344370860927149,0.8386023294509152,5.756532697260256
738,0.8366666666666667,0.8366745463181842,0.8414023372287145,0.8330578512396695,0.8366745463181842,0.8768134275675253,0.8372093023255814,0.8397200933022326,5.641400777285787
739,0.8433333333333334,0.8433495648599024,0.8530884808013356,0.8363338788870703,0.8433495648599025,0.8813778465108696,0.8446280991735537,0.8496840705021615,5.41114160165519
740,0.8333333333333334,0.8333606482240229,0.8497495826377296,0.8222940226171244,0.8333606482240229,0.873521802627427,0.8357963875205254,0.8441127694859037,5.756536028916216
741,0.8475,0.8475092986369407,0.8530884808013356,0.8432343234323433,0.8475092986369408,0.8848280687835062,0.8481327800829876,0.8510992671552299,5.267226701687104
742,0.8483333333333334,0.8483495787488299,0.8580968280467446,0.8412438625204582,0.8483495787488299,0.8850870119502681,0.8495867768595041,0.8546724309943466,5.238445720687062
743,0.8333333333333334,0.8333412037255659,0.8380634390651085,0.8297520661157025,0.833341203725566,0.8743244192570722,0.8338870431893688,0.8363878707097634,5.756531364597873
744,0.8425,0.8425148403190009,0.8514190317195326,0.8360655737704918,0.8425148403190009,0.8808256360783455,0.8436724565756825,0.8483033932135728,5.439923915317617
745,0.835,0.8350384306623073,0.8580968280467446,0.8197767145135566,0.8350384306623073,0.8743534379468172,0.8384991843393149,0.8501488587495866,5.698973400584941
746,0.8425,0.8424981736060377,0.8414023372287145,0.842809364548495,0.8424981736060377,0.8816891842219381,0.8421052631578947,0.8416833667334669,5.4399199173304655
747,0.8425,0.8425065069625193,0.8464106844741235,0.8394039735099338,0.8425065069625193,0.8812406623253621,0.8428927680798005,0.8449999999999999,5.439921916324041
748,0.8341666666666666,0.8341731504809735,0.8380634390651085,0.8311258278145696,0.8341731504809736,0.8750113001065056,0.8345802161263507,0.8366666666666667,5.727748384604255
749,0.825,0.8250245139569832,0.8397328881469115,0.8152350081037277,0.8250245139569832,0.8674839481253196,0.8273026315789475,0.8347162296714237,6.044361830865237
750,0.8416666666666667,0.8416690046361239,0.8430717863105175,0.8402662229617305,0.841669004636124,0.8808356713027906,0.8416666666666667,0.8425091758425091,5.468703563655274
751,0.8333333333333334,0.8333412037255659,0.8380634390651085,0.8297520661157025,0.833341203725566,0.8743244192570722,0.8338870431893688,0.8363878707097634,5.756531364597873
752,0.8341666666666666,0.8341842616229489,0.8447412353923205,0.826797385620915,0.8341842616229488,0.8745193105066177,0.8356729975227085,0.8410904255319148,5.727751049929023
753,0.8366666666666667,0.8366856574601597,0.8480801335559266,0.8287112561174551,0.8366856574601597,0.8763123615033575,0.8382838283828382,0.8441342638750415,5.641403442610554
754,0.8516666666666667,0.8516690324139791,0.8530884808013356,0.8502495840266223,0.8516690324139791,0.8883356990806457,0.8516666666666667,0.8525191858525191,5.123311801719017
755,0.8458333333333333,0.8458342939841499,0.8464106844741235,0.845,0.8458342939841499,0.8840386755703951,0.8457047539616346,0.846128170894526,5.324789996349573
756,0.8375,0.8375092708590857,0.8430717863105175,0.8333333333333334,0.8375092708590857,0.8773692264885922,0.8381742738589213,0.8411059293804131,5.612618463623361
757,0.8458333333333333,0.8458398495551377,0.8497495826377296,0.8427152317880795,0.8458398495551378,0.8837324072129045,0.8462177888611804,0.8483333333333334,5.324791329011955
758,0.8366666666666667,0.8366939908166412,0.8530884808013356,0.8255250403877221,0.8366939908166412,0.8759734272611955,0.839080459770115,0.8474295190713103,5.641405441604129
759,0.8375,0.8374981597171103,0.8363939899833055,0.8377926421404682,0.8374981597171103,0.8779266493952201,0.8370927318295739,0.8366733466933868,5.612615798298593
760,0.8366666666666667,0.8366884352456535,0.8497495826377296,0.8276422764227642,0.8366884352456535,0.8761959295302468,0.8385502471169687,0.8452341414812357,5.641404108941744
761,0.845,0.8450190139417054,0.8564273789649416,0.8368678629690048,0.8450190139417054,0.8824809543003066,0.8465346534653465,0.8524426719840478,5.35357697433034
762,0.8483333333333334,0.8483273564648791,0.8447412353923205,0.8504201680672269,0.8483273564648791,0.8863307017297737,0.8475711892797321,0.8458709461718489,5.238440390037527
763,0.8425,0.8425037291770254,0.8447412353923205,0.8405315614617941,0.8425037291770254,0.8813863984270571,0.8426311407160699,0.8438959306204137,5.439921249992849
764,0.8441666666666666,0.8441537337603715,0.8363939899833055,0.8491525423728814,0.8441537337603716,0.8836065995114268,0.8427249789739276,0.8389149363697253,5.3823519583496555
765,0.8525,0.8525009791693866,0.8530884808013356,0.8516666666666667,0.8525009791693867,0.8890442404006678,0.8523769808173478,0.8528037383177571,5.094528821725398
766,0.8441666666666666,0.8441842894008039,0.8547579298831386,0.8366013071895425,0.844184289400804,0.8819296185363406,0.8455821635012386,0.8510638297872342,5.382359287992763
767,0.8375,0.8375176042155673,0.8480801335559266,0.8300653594771242,0.8375176042155673,0.8769894131831921,0.8389760528488853,0.8444148936170215,5.612620462616936
768,0.845,0.84500790279973,0.8497495826377296,0.8413223140495868,0.8450079027997301,0.8830359483436582,0.8455149501661129,0.8480506497834056,5.353574309005572
769,0.8316666666666667,0.8316856435712321,0.8430717863105175,0.8238172920065253,0.8316856435712321,0.872611205825188,0.8333333333333334,0.8391492190096377,5.8140993235786835
770,0.8441666666666666,0.8441787338298162,0.8514190317195326,0.8388157894736842,0.8441787338298163,0.8822007439299417,0.8450704225352113,0.8488681757656459,5.382357955330382
771,0.8341666666666666,0.8342064839068997,0.8580968280467446,0.8184713375796179,0.8342064839068997,0.8737007494798479,0.8378158109209454,0.8498677248677249,5.7277563805785565
772,0.8516666666666667,0.8516690324139791,0.8530884808013356,0.8502495840266223,0.8516690324139791,0.8883356990806457,0.8516666666666667,0.8525191858525191,5.123311801719017
773,0.8341666666666666,0.8341953727649244,0.8514190317195326,0.8225806451612904,0.8341953727649243,0.874083171773745,0.8367514356029533,0.8454907161803715,5.72775371525379
774,0.8341666666666666,0.8341925949794305,0.8497495826377296,0.8236245954692557,0.8341925949794305,0.8741870890534927,0.8364831552999178,0.8443928334439282,5.727753048922597
775,0.835,0.8350162083783566,0.8447412353923205,0.8281505728314239,0.8350162083783566,0.8751959041118723,0.8363636363636364,0.8413701363485201,5.698968069935407
776,0.8325,0.8325203681121336,0.8447412353923205,0.8241042345276873,0.8325203681121336,0.8731727349600038,0.8342951360263808,0.8405315614617941,5.785317009916258
777,0.8325,0.8325287014686152,0.8497495826377296,0.8209677419354838,0.8325287014686152,0.8728586622866066,0.8351107465135357,0.8438328912466844,5.785319008909832
778,0.8325,0.8325203681121336,0.8447412353923205,0.8241042345276873,0.8325203681121336,0.8731727349600038,0.8342951360263808,0.8405315614617941,5.785317009916258
779,0.84,0.8400023333398148,0.8414023372287145,0.8386023294509152,0.8400023333398149,0.8795856666731483,0.8400000000000001,0.8408408408408409,5.526268857311317
780,0.835,0.8350134305928627,0.8430717863105175,0.8292282430213465,0.8350134305928626,0.8753166813325987,0.8360927152317881,0.8402662229617305,5.698967403604215
781,0.8316666666666667,0.8316773102147506,0.8380634390651085,0.8270181219110379,0.8316773102147506,0.8729574471547399,0.8325041459369819,0.835830835830836,5.814097324585108
782,0.8366666666666667,0.8366801018891719,0.8447412353923205,0.8308702791461412,0.8366801018891719,0.8765557572692309,0.8377483443708609,0.8419301164725458,5.641402109948172
783,0.8341666666666666,0.8341842616229489,0.8447412353923205,0.826797385620915,0.8341842616229488,0.8745193105066177,0.8356729975227085,0.8410904255319148,5.727751049929023
784,0.8333333333333334,0.8333356481545782,0.8347245409015025,0.8319467554076541,0.8333356481545783,0.8745856481545783,0.8333333333333334,0.8341675008341675,5.7565300319354895
785,0.8425,0.8425065069625193,0.8464106844741235,0.8394039735099338,0.8425065069625193,0.8812406623253621,0.8428927680798005,0.8449999999999999,5.439921916324041
786,0.8291666666666667,0.8291759143775399,0.8347245409015025,0.8250825082508251,0.8291759143775399,0.8711535245761638,0.8298755186721991,0.8327781479013989,5.900444931903576
787,0.8416666666666667,0.8416828935635933,0.8514190317195326,0.8346972176759411,0.8416828935635934,0.8801414580310701,0.8429752066115702,0.8480212836714334,5.468706895311233
788,0.8383333333333334,0.838346773185481,0.8464106844741235,0.8325123152709359,0.8383467731854811,0.8777948332058629,0.8394039735099338,0.8435940099833611,5.583836816292127
789,0.8441666666666666,0.8441870671862978,0.8564273789649416,0.8355048859934854,0.8441870671862978,0.8817994658125469,0.8458367683429514,0.8521594684385382,5.382359954323956
790,0.835,0.8350245417348382,0.8497495826377296,0.8249594813614263,0.8350245417348382,0.8748545319995781,0.8371710526315791,0.8446730833056755,5.698970068928982
791,0.8366666666666667,0.8366828796746657,0.8464106844741235,0.8297872340425532,0.8366828796746657,0.8764322925916717,0.8380165289256197,0.8430329231792483,5.641402776279363
792,0.8391666666666666,0.8391759421553948,0.8447412353923205,0.834983498349835,0.8391759421553949,0.8786123668710778,0.8398340248962655,0.8427714856762158,5.555053169967319
793,0.8291666666666667,0.8291814699485276,0.8380634390651085,0.8229508196721311,0.8291814699485276,0.8709237960352865,0.8304383788254756,0.8349966733200266,5.900446264565959
794,0.8241666666666667,0.8241870116305878,0.8363939899833055,0.8159609120521173,0.8241870116305878,0.8670107843510448,0.8260511129431163,0.8322259136212624,6.0731434781964735
795,0.8308333333333333,0.8308509190303306,0.8414023372287145,0.8235294117647058,0.8308509190303306,0.8720492078300436,0.8323699421965317,0.8377659574468084,5.842881637241107
796,0.8425,0.8424870624640624,0.8347245409015025,0.8474576271186439,0.8424870624640624,0.8823410840100732,0.8410428931875525,0.8372404554588077,5.439917252005698
797,0.835,0.8350189861638504,0.8464106844741235,0.8270799347471451,0.8350189861638504,0.8750786429439676,0.8366336633663366,0.8424725822532403,5.698968736266598
798,0.8458333333333333,0.845814849485693,0.8347245409015025,0.8532423208191127,0.8458148494856931,0.8852334308603076,0.8438818565400844,0.8383635144198524,5.324785332031229
799,0.8425,0.8425148403190009,0.8514190317195326,0.8360655737704918,0.8425148403190009,0.8808256360783455,0.8436724565756825,0.8483033932135728,5.439923915317617
800,0.8408333333333333,0.8408453912371979,0.8480801335559266,0.8355263157894737,0.8408453912371979,0.8797198913393668,0.8417564208782106,0.8455392809587217,5.497488542642467
801,0.8416666666666667,0.8416773379926056,0.8480801335559266,0.8369028006589786,0.8416773379926056,0.8804081337741192,0.8424543946932007,0.8458208458208459,5.468705562648848
802,0.8275,0.8275397987216631,0.8514190317195326,0.8121019108280255,0.8275397987216632,0.8688438046071124,0.8312958435207825,0.8432539682539684,5.958017555202728
803,0.8441666666666666,0.8441676226878407,0.8447412353923205,0.8433333333333334,0.8441676226878407,0.8827872843628268,0.8440366972477064,0.8444592790387182,5.382355290005614
804,0.84,0.8400134444817903,0.8480801335559266,0.8341543513957307,0.8400134444817903,0.8790339091424952,0.8410596026490066,0.8452579034941764,5.526271522636084
805,0.8366666666666667,0.8366912130311474,0.8514190317195326,0.826580226904376,0.8366912130311472,0.8760829626452876,0.8388157894736842,0.846332558911384,5.641404775272938
806,0.8366666666666667,0.8366884352456535,0.8497495826377296,0.8276422764227642,0.8366884352456535,0.8761959295302468,0.8385502471169687,0.8452341414812357,5.641404108941744
807,0.8341666666666666,0.8341814838374549,0.8430717863105175,0.8278688524590164,0.8341814838374549,0.8746369860514336,0.8354011579818031,0.8399866932801063,5.72775038359783
808,0.8475,0.8475009652804592,0.8480801335559266,0.8466666666666667,0.8475009652804593,0.8852900667779633,0.8473728106755629,0.8477970627503337,5.267224702693529
809,0.8425,0.8424787291075808,0.8297161936560935,0.851027397260274,0.8424787291075809,0.8828717954581837,0.8402366863905326,0.8338926174496644,5.4399152530121215
810,0.8466666666666667,0.8466717963105453,0.8497495826377296,0.8441127694859039,0.8466717963105455,0.8844311760618166,0.8469217970049916,0.8486162054018006,5.296008349018337
811,0.8391666666666666,0.8391870532973703,0.8514190317195326,0.8306188925081434,0.8391870532973702,0.8781022954471712,0.8408903544929927,0.8471760797342194,5.555055835292086
812,0.8425,0.8425148403190009,0.8514190317195326,0.8360655737704918,0.8425148403190009,0.8808256360783455,0.8436724565756825,0.8483033932135728,5.439923915317617
813,0.8375,0.8375009375026041,0.8380634390651085,0.8366666666666667,0.8375009375026041,0.8777817195325542,0.8373644703919934,0.8377837116154874,5.612616464629786
814,0.8433333333333334,0.8433384537179269,0.8464106844741235,0.8407960199004975,0.8433384537179269,0.8819366855206437,0.8435940099833609,0.8452817605868623,5.411138936330423
815,0.8391666666666666,0.8391620532279256,0.8363939899833055,0.8406040268456376,0.8391620532279257,0.8793323417478051,0.8384937238493724,0.8372326203208557,5.5550498383113585
816,0.8408333333333333,0.8408315023097286,0.8397328881469115,0.8411371237458194,0.8408315023097287,0.8804350059463655,0.8404344193817878,0.8400133600534403,5.497485210986508
817,0.8441666666666666,0.844162067116853,0.8414023372287145,0.8456375838926175,0.844162067116853,0.8831032938939992,0.8435146443514644,0.8422459893048129,5.382353957343231
818,0.8383333333333334,0.8383523287564688,0.8497495826377296,0.8303425774877651,0.8383523287564687,0.8775460800627473,0.8399339933993399,0.8457959454968429,5.583838148954512
819,0.8366666666666667,0.8366828796746657,0.8464106844741235,0.8297872340425532,0.8366828796746657,0.8764322925916717,0.8380165289256197,0.8430329231792483,5.641402776279363
820,0.8383333333333334,0.8383328842580118,0.8380634390651085,0.8380634390651085,0.8383328842580118,0.8784801057317752,0.8380634390651085,0.8380634390651085,5.583833484636169
821,0.8416666666666667,0.8416662268506301,0.8414023372287145,0.8414023372287145,0.8416662268506302,0.8809856705620478,0.8414023372287145,0.8414023372287145,5.468702897324082
822,0.8416666666666667,0.8416912269200748,0.8564273789649416,0.8314424635332253,0.8416912269200748,0.8797682545824167,0.84375,0.8513109857285098,5.468708894304808
823,0.8333333333333334,0.8333578704385292,0.8480801335559266,0.8233387358184765,0.8333578704385292,0.8736261013538682,0.8355263157894737,0.8430136076999668,5.756535362585024
824,0.85,0.8500079166886575,0.8547579298831386,0.8462809917355372,0.8500079166886576,0.8867694608093378,0.850498338870432,0.8530489836721094,5.180878428037444
825,0.8266666666666667,0.8266911852532923,0.8414023372287145,0.8168557536466775,0.8266911852532923,0.8687123787710292,0.8289473684210525,0.8363757052771325,5.9867965372091945
826,0.8333333333333334,0.8333412037255659,0.8380634390651085,0.8297520661157025,0.833341203725566,0.8743244192570722,0.8338870431893688,0.8363878707097634,5.756531364597873
827,0.8433333333333334,0.8433523426453963,0.8547579298831386,0.8352365415986949,0.8433523426453964,0.8812472357409167,0.8448844884488449,0.8507809903622467,5.411142267986382
828,0.8416666666666667,0.8417078936330379,0.8664440734557596,0.8251192368839427,0.8417078936330379,0.8791149885031845,0.8452768729641693,0.8578512396694216,5.46871289229196
829,0.8283333333333334,0.8283606343350953,0.8447412353923205,0.8174474959612278,0.8283606343350953,0.869844365676774,0.8308702791461411,0.8391376451077943,5.9292319098843445
830,0.8358333333333333,0.8358564884902459,0.8497495826377296,0.8262987012987013,0.8358564884902459,0.8755241419682155,0.8378600823045267,0.8449535192563082,5.6701870889353625
831,0.85,0.849999583332176,0.8497495826377296,0.8497495826377296,0.8499995833321761,0.8872495826377296,0.8497495826377296,0.8497495826377296,5.1808764290438685
832,0.845,0.84500790279973,0.8497495826377296,0.8413223140495868,0.8450079027997301,0.8830359483436582,0.8455149501661129,0.8480506497834056,5.353574309005572
833,0.8333333333333334,0.8333578704385292,0.8480801335559266,0.8233387358184765,0.8333578704385292,0.8736261013538682,0.8355263157894737,0.8430136076999668,5.756535362585024
834,0.8416666666666667,0.8416773379926056,0.8480801335559266,0.8369028006589786,0.8416773379926056,0.8804081337741192,0.8424543946932007,0.8458208458208459,5.468705562648848
835,0.8458333333333333,0.8458370717696438,0.8480801335559266,0.8438538205980066,0.8458370717696441,0.8838836437436333,0.8459616985845128,0.8472314876584389,5.324790662680763
836,0.8325,0.8325203681121336,0.8447412353923205,0.8241042345276873,0.8325203681121336,0.8731727349600038,0.8342951360263808,0.8405315614617941,5.785317009916258
837,0.8491666666666666,0.8491565254347928,0.8430717863105175,0.8530405405405406,0.8491565254347929,0.8872228300921957,0.8480268681780017,0.8450468540829986,5.209656743712719
838,0.8391666666666666,0.8391953866538518,0.8564273789649416,0.8274193548387097,0.8391953866538518,0.8777567002351591,0.8416735028712059,0.8504641909814323,5.555057834285661
839,0.8341666666666666,0.8341759282664674,0.8397328881469115,0.8300330033003299,0.8341759282664675,0.8748829457236208,0.8348547717842323,0.8377748167888075,5.727749050935447
840,0.8383333333333334,0.8383634398984442,0.8564273789649416,0.8260869565217391,0.8383634398984442,0.8770905010766737,0.8409836065573771,0.8501823002983095,5.583840814279278
841,0.8458333333333333,0.8458592940535946,0.8614357262103506,0.8349514563106796,0.8458592940535947,0.8827769245938484,0.847986852917009,0.8560053085600531,5.324795993330298
842,0.8383333333333334,0.8383439953999872,0.8447412353923205,0.8336079077429983,0.8383439953999873,0.8779245715676594,0.8391376451077943,0.8424908424908423,5.583836149960935
843,0.8433333333333334,0.8433412315034209,0.8480801335559266,0.8396694214876033,0.8433412315034209,0.8817914441884316,0.8438538205980066,0.8463845384871708,5.411139602661615
844,0.8375,0.8375092708590857,0.8430717863105175,0.8333333333333334,0.8375092708590857,0.8773692264885922,0.8381742738589213,0.8411059293804131,5.612618463623361
845,0.845,0.8450162361562116,0.8547579298831386,0.8379705400981997,0.8450162361562117,0.8826142349906693,0.8462809917355372,0.8513468573328901,5.3535763079991465
846,0.8475,0.8475065208514468,0.8514190317195326,0.8443708609271523,0.847506520851447,0.8849782796566757,0.8478802992518703,0.85,5.267226035355911
847,0.8375,0.8375148264300734,0.8464106844741235,0.8311475409836065,0.8375148264300735,0.8771124460621983,0.8387096774193548,0.8433133732534929,5.6126197962857445
848,0.8433333333333334,0.8433440092889147,0.8497495826377296,0.8385502471169687,0.8433440092889148,0.8816499148773492,0.8441127694859039,0.8474858474858475,5.411140268992806
849,0.8416666666666667,0.8416745602071116,0.8464106844741235,0.8380165289256198,0.8416745602071116,0.880546940033205,0.8421926910299002,0.8447184271909363,5.468704896317658
850,0.8433333333333334,0.8433440092889147,0.8497495826377296,0.8385502471169687,0.8433440092889148,0.8816499148773492,0.8441127694859039,0.8474858474858475,5.411140268992806
851,0.8358333333333333,0.8358398217772827,0.8397328881469115,0.8327814569536424,0.8358398217772827,0.8762571725502768,0.8362427265170407,0.8383333333333333,5.670183090948213
852,0.8308333333333333,0.8308453634593429,0.8380634390651085,0.8256578947368421,0.8308453634593429,0.8722773335676419,0.8318144159072081,0.8355525965379494,5.842880304578725
853,0.8475,0.8474981874949652,0.8464106844741235,0.8478260869565217,0.8474981874949653,0.8854517190486559,0.8471177944862155,0.8466933867735471,5.267224036362336
854,0.84,0.8400245556237657,0.8547579298831386,0.8298217179902755,0.8400245556237657,0.8785398239367072,0.8421052631578947,0.8496515101228013,5.526274187960851
855,0.8325,0.8325009236136767,0.8330550918196995,0.8316666666666667,0.8325009236136767,0.8740275459098497,0.8323603002502084,0.8327770360480641,5.785312345597914
856,0.8391666666666666,0.8391953866538518,0.8564273789649416,0.8274193548387097,0.8391953866538518,0.8777567002351591,0.8416735028712059,0.8504641909814323,5.555057834285661
857,0.8383333333333334,0.8383301064725179,0.8363939899833055,0.8391959798994975,0.838330106472518,0.8786283182747349,0.8377926421404682,0.8369528900768459,5.583832818304976
858,0.8391666666666666,0.8391898310828642,0.8530884808013356,0.8295454545454546,0.8391898310828642,0.8779836343400617,0.8411522633744856,0.8482735723771583,5.5550565016232785
859,0.8366666666666667,0.8366717685326903,0.8397328881469115,0.8341625207296849,0.8366717685326903,0.8769477044382982,0.8369384359400998,0.8386128709569856,5.641400110954595
860,0.8483333333333334,0.8483523565343237,0.8597662771285476,0.8401305057096248,0.8483523565343237,0.8849483914190861,0.8498349834983497,0.8557660352276505,5.238446387018254
861,0.8491666666666666,0.8491676365767683,0.8497495826377296,0.8483333333333334,0.8491676365767684,0.8865414579855315,0.8490408673894914,0.8494659546061417,5.209659409037485
862,0.85,0.8500079166886575,0.8547579298831386,0.8462809917355372,0.8500079166886576,0.8867694608093378,0.850498338870432,0.8530489836721094,5.180878428037444
863,0.8433333333333334,0.8433440092889147,0.8497495826377296,0.8385502471169687,0.8433440092889148,0.8816499148773492,0.8441127694859039,0.8474858474858475,5.411140268992806
864,0.8458333333333333,0.8458398495551377,0.8497495826377296,0.8427152317880795,0.8458398495551378,0.8837324072129045,0.8462177888611804,0.8483333333333334,5.324791329011955
865,0.8375,0.837523159786555,0.8514190317195326,0.8279220779220781,0.8375231597865549,0.8767538881541386,0.8395061728395062,0.846613545816733,5.6126217952793205
866,0.84,0.8400051111253086,0.8430717863105175,0.8374792703150912,0.8400051111253087,0.8794421949794711,0.8402662229617305,0.8419473157719238,5.526269523642509
867,0.8383333333333334,0.838349550970975,0.8480801335559266,0.8314238952536824,0.838349550970975,0.8776686810714711,0.8396694214876034,0.8446957100099768,5.583837482623318
868,0.835,0.8350217639493444,0.8480801335559266,0.8260162601626017,0.8350217639493444,0.8749648635259308,0.8369028006589786,0.8435735636001328,5.698969402597789
869,0.8416666666666667,0.8416912269200748,0.8564273789649416,0.8314424635332253,0.8416912269200748,0.8797682545824167,0.84375,0.8513109857285098,5.468708894304808
870,0.8383333333333334,0.8383412176144933,0.8430717863105175,0.8347107438016529,0.8383412176144934,0.8780579317227519,0.8388704318936878,0.8413862045984671,5.583835483629744
871,0.8566666666666667,0.8566634907319187,0.8547579298831386,0.8576214405360134,0.8566634907319187,0.8924396852095758,0.8561872909698997,0.8553291012362177,4.950614588088504
872,0.8366666666666667,0.8366995463876289,0.8564273789649416,0.8234349919743178,0.8366995463876289,0.875764518802963,0.8396072013093291,0.8496190791652865,5.641406774266512
873,0.8433333333333334,0.8433495648599024,0.8530884808013356,0.8363338788870703,0.8433495648599025,0.8813778465108696,0.8446280991735537,0.8496840705021615,5.41114160165519
874,0.8391666666666666,0.8391592754424317,0.8347245409015025,0.8417508417508418,0.8391592754424319,0.8794876913261721,0.8382229673093043,0.8361204013377928,5.5550491719801665
875,0.8375,0.8375176042155673,0.8480801335559266,0.8300653594771242,0.8375176042155673,0.8769894131831921,0.8389760528488853,0.8444148936170215,5.6126204626169365
876,0.8308333333333333,0.8308398078883552,0.8347245409015025,0.8278145695364238,0.8308398078883551,0.8725195552189631,0.8312551953449709,0.8333333333333331,5.842878971916343
877,0.8516666666666667,0.8516662546284851,0.8514190317195326,0.8514190317195326,0.8516662546284852,0.8885023650528658,0.8514190317195326,0.8514190317195326,5.123311135387826
878,0.8425,0.8425065069625193,0.8464106844741235,0.8394039735099338,0.8425065069625193,0.8812406623253621,0.8428927680798005,0.8449999999999999,5.439921916324041
879,0.835,0.8350162083783566,0.8447412353923205,0.8281505728314239,0.8350162083783566,0.8751959041118723,0.8363636363636364,0.8413701363485201,5.698968069935407
880,0.8441666666666666,0.8441704004733346,0.8464106844741235,0.8421926910299004,0.8441704004733346,0.8826350210853453,0.8442964196502913,0.8455637091394261,5.382355956336807
881,0.8433333333333334,0.8433328981469392,0.8430717863105175,0.8430717863105175,0.8433328981469392,0.8822384529771842,0.8430717863105175,0.8430717863105175,5.411137603668039
882,0.8433333333333334,0.8433551204308901,0.8564273789649416,0.8341463414634146,0.8433551204308901,0.8811201935475115,0.8451400329489291,0.8518764530056461,5.411142934317573
883,0.8416666666666667,0.8416467823521732,0.8297161936560935,0.8495726495726496,0.8416467823521733,0.8821444216143716,0.8395270270270271,0.8336128815833613,5.468698233005741
884,0.8308333333333333,0.8308564746013183,0.8447412353923205,0.8214285714285714,0.8308564746013183,0.8718349034104459,0.8329218106995884,0.8399734395750329,5.842882969903492
885,0.835,0.8350134305928627,0.8430717863105175,0.8292282430213465,0.8350134305928626,0.8753166813325987,0.8360927152317881,0.8402662229617305,5.698967403604215
886,0.84,0.840019000052778,0.8514190317195326,0.831973898858075,0.840019000052778,0.8787797986221372,0.8415841584158416,0.8474576271186443,5.526272855298468
887,0.8383333333333334,0.8383384398289995,0.8414023372287145,0.8358208955223879,0.8383384398289996,0.8781949497088846,0.8386023294509151,0.8402800933644546,5.583834817298552
888,0.8416666666666667,0.8416773379926056,0.8480801335559266,0.8369028006589786,0.8416773379926056,0.8804081337741192,0.8424543946932007,0.8458208458208459,5.468705562648848
889,0.8416666666666667,0.8416690046361239,0.8430717863105175,0.8402662229617305,0.841669004636124,0.8808356713027906,0.8416666666666667,0.8425091758425091,5.468703563655274
890,0.8483333333333334,0.8483218008938913,0.8414023372287145,0.8527918781725888,0.8483218008938914,0.8866804410339849,0.8470588235294118,0.8436558419819218,5.238439057375143
891,0.8425,0.8425259514609763,0.8580968280467446,0.8317152103559871,0.8425259514609762,0.8803226858680324,0.8447000821692688,0.8526874585268746,5.439926580642385
892,0.8416666666666667,0.8416551157086547,0.8347245409015025,0.8460236886632826,0.8416551157086547,0.8816241147823924,0.8403361344537815,0.8369601606963508,5.468700231999316
893,0.8433333333333334,0.8433412315034209,0.8480801335559266,0.8396694214876033,0.8433412315034209,0.8817914441884316,0.8438538205980066,0.8463845384871708,5.411139602661615
894,0.8441666666666666,0.8441676226878407,0.8447412353923205,0.8433333333333334,0.8441676226878407,0.8827872843628268,0.8440366972477064,0.8444592790387182,5.382355290005614
895,0.8408333333333333,0.8408453912371979,0.8480801335559266,0.8355263157894737,0.8408453912371979,0.8797198913393668,0.8417564208782106,0.8455392809587217,5.497488542642467
896,0.8275,0.8275314653651815,0.8464106844741235,0.8151125401929259,0.8275314653651815,0.8690949456668582,0.8304668304668303,0.8399602385685885,5.958015556209153
897,0.8325,0.8325175903266397,0.8430717863105175,0.8251633986928104,0.8325175903266397,0.8732842591683306,0.83402146985962,0.8394281914893617,5.785316343585065
898,0.8341666666666666,0.8341481504115289,0.8230383973288815,0.841296928327645,0.8341481504115289,0.8763343294949301,0.8320675105485231,0.8266264252179746,5.727742387623528
899,0.8425,0.8425287292464702,0.8597662771285476,0.8306451612903226,0.8425287292464702,0.880205719209435,0.8449548810500409,0.8537798408488063,5.439927246973576
900,0.8433333333333334,0.8433356759324331,0.8447412353923205,0.8419301164725458,0.8433356759324331,0.8820856759324331,0.8433333333333334,0.8441775108441775,5.411138269999231
901,0.84,0.8400134444817903,0.8480801335559266,0.8341543513957307,0.8400134444817903,0.8790339091424952,0.8410596026490066,0.8452579034941764,5.526271522636084
902,0.8316666666666667,0.8316773102147506,0.8380634390651085,0.8270181219110379,0.8316773102147506,0.8729574471547399,0.8325041459369819,0.835830835830836,5.814097324585108
903,0.8391666666666666,0.8391537198714442,0.8313856427378965,0.8440677966101695,0.8391537198714442,0.8798100530073664,0.8376787216148024,0.8338914936369726,5.555047839317784
904,0.8416666666666667,0.8416717824216178,0.8447412353923205,0.8391376451077943,0.8416717824216179,0.8806894402500575,0.8419301164725457,0.8436145381793929,5.468704229986466
905,0.8366666666666667,0.8366634351762088,0.8347245409015025,0.8375209380234506,0.8366634351762088,0.8773727394624765,0.8361204013377925,0.8352823254259941,5.641398111961019
906,0.84,0.8400051111253086,0.8430717863105175,0.8374792703150912,0.8400051111253087,0.8794421949794711,0.8402662229617305,0.8419473157719238,5.526269523642509
907,0.845,0.84500790279973,0.8497495826377296,0.8413223140495868,0.8450079027997301,0.8830359483436582,0.8455149501661129,0.8480506497834056,5.353574309005572
908,0.8508333333333333,0.8508287523020898,0.8480801335559266,0.8523489932885906,0.8508287523020899,0.8881312300889252,0.8502092050209205,0.8489304812834224,5.152092782719058
909,0.8441666666666666,0.8441565115458654,0.8380634390651085,0.847972972972973,0.8441565115458654,0.8834348726857074,0.8429890848026868,0.8400267737617134,5.382352624680847
910,0.8416666666666667,0.8416634490651362,0.8397328881469115,0.8425460636515912,0.8416634490651363,0.8811394758992513,0.8411371237458193,0.8402940193785501,5.468702230992889
911,0.8558333333333333,0.8558343217620049,0.8564273789649416,0.855,0.8558343217620049,0.8915470228158041,0.8557130942452043,0.8561415220293727,4.9793982344133125
912,0.8483333333333334,0.8483273564648791,0.8447412353923205,0.8504201680672269,0.8483273564648791,0.8863307017297737,0.8475711892797321,0.8458709461718489,5.238440390037527
913,0.8458333333333333,0.8458315161986558,0.8447412353923205,0.8461538461538461,0.8458315161986558,0.8841975407730834,0.8454469507101087,0.8450233800935204,5.324789330018379
914,0.8333333333333334,0.8333300925835905,0.8313856427378965,0.8341708542713567,0.8333300925835906,0.8748615818379599,0.8327759197324414,0.8319411961242901,5.7565286992731055
915,0.845,0.8450106805852239,0.8514190317195326,0.8401976935749588,0.8450106805852242,0.8828916959805789,0.8457711442786069,0.8491508491508493,5.3535749753367625
916,0.8408333333333333,0.8408370578807163,0.8430717863105175,0.8388704318936877,0.8408370578807164,0.8801377757687693,0.8409658617818484,0.8422281521014009,5.497486543648892
917,0.8433333333333334,0.8433273425759515,0.8397328881469115,0.8453781512605042,0.8433273425759515,0.8825555197037079,0.8425460636515913,0.8408559010364426,5.411136271005657
918,0.845,0.8450329028691747,0.8647746243739566,0.8314606741573034,0.8450329028691745,0.88186764926563,0.8477905073649755,0.8578999668764491,5.3535803059862985
919,0.8558333333333333,0.8558315439765111,0.8547579298831386,0.8561872909698997,0.8558315439765111,0.8917226104265191,0.8554720133667502,0.8550434201736807,4.9793975680821205
920,0.8441666666666666,0.8441926227572855,0.8597662771285476,0.8333333333333334,0.8441926227572855,0.8815498052309405,0.8463434675431389,0.8543463835434639,5.38236128698634
921,0.8475,0.847503743065953,0.8497495826377296,0.8455149501661129,0.8475037430659531,0.8851322664019212,0.8476269775187344,0.8488992661774517,5.26722536902472
922,0.8441666666666666,0.8441787338298162,0.8514190317195326,0.8388157894736842,0.8441787338298163,0.8822007439299417,0.8450704225352113,0.8488681757656459,5.382357955330382
923,0.8491666666666666,0.8491870810752252,0.8614357262103506,0.8403908794788274,0.8491870810752253,0.8854966361779222,0.8507831821929102,0.8571428571428572,5.209664073355828
924,0.8533333333333334,0.8533329259247943,0.8530884808013356,0.8530884808013356,0.8533329259247943,0.8897551474680023,0.8530884808013356,0.8530884808013356,5.065745841731782
925,0.85,0.8500023611176698,0.8514190317195326,0.848585690515807,0.8500023611176699,0.8870856944510033,0.85,0.8508508508508509,5.18087709537506
926,0.84,0.8400078889108025,0.8447412353923205,0.8363636363636363,0.8400078889108026,0.8793024358779784,0.8405315614617941,0.8430523158947018,5.526270189973701
927,0.8441666666666666,0.8441565115458654,0.8380634390651085,0.847972972972973,0.8441565115458654,0.8834348726857074,0.8429890848026868,0.8400267737617134,5.382352624680847
928,0.8491666666666666,0.8491731921477559,0.8530884808013356,0.8460264900662252,0.8491731921477561,0.8862241521004469,0.8495428096425603,0.8516666666666667,5.209660741699868
929,0.8533333333333334,0.8533218147828188,0.8464106844741235,0.8578680203045685,0.8533218147828188,0.8904726857226793,0.8521008403361344,0.8486776029460997,5.065743176407014
930,0.8458333333333333,0.8458315161986558,0.8447412353923205,0.8461538461538461,0.8458315161986558,0.8841975407730834,0.8454469507101087,0.8450233800935204,5.324789330018379
931,0.8466666666666667,0.8466662407395575,0.8464106844741235,0.8464106844741235,0.8466662407395577,0.8847440178074568,0.8464106844741235,0.8464106844741235,5.296007016355953
932,0.8366666666666667,0.8366745463181842,0.8414023372287145,0.8330578512396695,0.8366745463181842,0.8768134275675253,0.8372093023255814,0.8397200933022326,5.641400777285787
933,0.8441666666666666,0.8441898449717916,0.8580968280467446,0.8344155844155844,0.8441898449717916,0.8816728728978311,0.8460905349794239,0.8532536520584331,5.382360620655148
934,0.8508333333333333,0.8508204189456081,0.8430717863105175,0.8559322033898306,0.8508204189456081,0.8886686615168407,0.8494533221194279,0.8456128600133959,5.152090783725483
935,0.8458333333333333,0.8458315161986558,0.8447412353923205,0.8461538461538461,0.8458315161986558,0.8841975407730834,0.8454469507101087,0.8450233800935204,5.32478933001838
936,0.8441666666666666,0.8441815116153101,0.8530884808013356,0.8377049180327869,0.8441815116153102,0.8820633660837279,0.8453267162944583,0.8499667332002663,5.382358621661574
937,0.8383333333333334,0.8383245509015302,0.8330550918196995,0.8414839797639123,0.8383245509015304,0.8789362024584726,0.8372483221476511,0.8347273335563733,5.583831485642593
938,0.8341666666666666,0.8341759282664674,0.8397328881469115,0.8300330033003299,0.8341759282664675,0.8748829457236208,0.8348547717842323,0.8377748167888075,5.727749050935447
939,0.85,0.8499968055466821,0.8480801335559266,0.8509212730318257,0.8499968055466822,0.8874173699605428,0.8494983277591973,0.84864684263281,5.1808757627126765
940,0.8391666666666666,0.8391787199408887,0.8464106844741235,0.8338815789473685,0.8391787199408888,0.8784794650440795,0.8400994200497099,0.8438748335552596,5.555053836298511
941,0.84,0.8399995555543209,0.8397328881469115,0.8397328881469115,0.8399995555543209,0.8797328881469115,0.8397328881469116,0.8397328881469115,5.526268190980124
942,0.8366666666666667,0.8366634351762088,0.8347245409015025,0.8375209380234506,0.8366634351762088,0.8773727394624765,0.8361204013377925,0.8352823254259941,5.641398111961019
943,0.8433333333333334,0.8433217870049639,0.8363939899833055,0.8477157360406091,0.8433217870049639,0.8828881963452907,0.8420168067226891,0.8386340810177435,5.411134938343271
944,0.8466666666666667,0.8466634629540637,0.8447412353923205,0.8475711892797321,0.8466634629540638,0.8849062123360263,0.8461538461538461,0.8453057133311058,5.296006350024761
945,0.8458333333333333,0.8458037383437176,0.8280467445742905,0.8581314878892734,0.8458037383437177,0.8860057828984487,0.8428207306711981,0.8338937457969066,5.32478266670646
946,0.8433333333333334,0.8433301203614454,0.8414023372287145,0.8442211055276382,0.8433301203614454,0.8823950547115097,0.842809364548495,0.8419645840294019,5.411136937336848
947,0.8366666666666667,0.836677324103678,0.8430717863105175,0.8319604612850082,0.836677324103678,0.8766827904644297,0.8374792703150912,0.8408258408258408,5.641401443616978
948,0.8508333333333333,0.8508454190150528,0.8580968280467446,0.8453947368421053,0.8508454190150528,0.8871624491110915,0.851698425849213,0.855525965379494,5.152096780706209
949,0.8441666666666666,0.8441648449023469,0.8430717863105175,0.8444816053511706,0.8441648449023469,0.8829433624975107,0.8437761069340016,0.8433533734134936,5.382354623674422
950,0.8408333333333333,0.8408426134517041,0.8464106844741235,0.8366336633663366,0.8408426134517041,0.8798555072535634,0.8414937759336099,0.8444370419720185,5.497487876311276
951,0.85,0.8499884721902005,0.8430717863105175,0.8544839255499154,0.8499884721902006,0.8879445225968831,0.8487394957983193,0.8453297623033144,5.1808737637191005
952,0.845,0.8449967916577545,0.8430717863105175,0.8458961474036851,0.8449967916577545,0.8836506335237679,0.8444816053511705,0.8436351486802538,5.353571643680803
953,0.8375,0.8375203820010612,0.8497495826377296,0.8289902280130294,0.8375203820010608,0.8768699053253796,0.8392415498763397,0.8455149501661129,5.6126211289481285
954,0.8416666666666667,0.8416662268506301,0.8414023372287145,0.8414023372287145,0.8416662268506302,0.8809856705620478,0.8414023372287145,0.8414023372287145,5.468702897324083
955,0.8475,0.8475231875644099,0.8614357262103506,0.8376623376623377,0.8475231875644099,0.8841323652696774,0.8493827160493828,0.8565737051792829,5.267230033343062
956,0.8391666666666666,0.8391620532279256,0.8363939899833055,0.8406040268456376,0.8391620532279257,0.8793323417478051,0.8384937238493724,0.8372326203208557,5.555049838311359
957,0.8425,0.8425148403190009,0.8514190317195326,0.8360655737704918,0.8425148403190009,0.8808256360783455,0.8436724565756825,0.8483033932135728,5.439923915317617
958,0.8391666666666666,0.8391509420859502,0.8297161936560935,0.8452380952380952,0.8391509420859503,0.8799771444470944,0.8374052232518956,0.8327747989276139,5.5550471729865905
959,0.8516666666666667,0.8516801435559543,0.8597662771285476,0.8456486042692939,0.8516801435559543,0.8877074406989207,0.8526490066225164,0.8569051580698835,5.123314467043783
960,0.8466666666666667,0.8466634629540637,0.8447412353923205,0.8475711892797321,0.8466634629540638,0.8849062123360263,0.8461538461538461,0.8453057133311058,5.296006350024761
961,0.8433333333333334,0.8433467870744086,0.8514190317195326,0.8374384236453202,0.8433467870744087,0.8815120610157597,0.8443708609271524,0.848585690515807,5.411140935323997
962,0.8458333333333333,0.8458287384131622,0.8430717863105175,0.8473154362416108,0.8458287384131622,0.8843602779427309,0.8451882845188285,0.8439171122994651,5.324788663687189
963,0.8441666666666666,0.8441592893313592,0.8397328881469115,0.8468013468013468,0.8441592893313592,0.8832671174741292,0.8432523051131602,0.8411371237458193,5.382353291012038
964,0.8533333333333334,0.8533218147828188,0.8464106844741235,0.8578680203045685,0.8533218147828188,0.8904726857226793,0.8521008403361344,0.8486776029460997,5.065743176407014
965,0.845,0.8449995694432484,0.8447412353923205,0.8447412353923205,0.8449995694432484,0.8834912353923206,0.8447412353923206,0.8447412353923205,5.3535723100119945
966,0.8308333333333333,0.8308425856738492,0.8363939899833055,0.8267326732673267,0.8308425856738489,0.8723966649586494,0.8315352697095435,0.8344437041972017,5.842879638247532
967,0.8391666666666666,0.8391676087989133,0.8397328881469115,0.8383333333333334,0.8391676087989134,0.8790331107401225,0.8390325271059217,0.8394526034712949,5.555051170973743
968,0.8441666666666666,0.8441592893313592,0.8397328881469115,0.8468013468013468,0.8441592893313592,0.8832671174741292,0.8432523051131602,0.8411371237458193,5.382353291012038
969,0.8483333333333334,0.8483134675374098,0.8363939899833055,0.8564102564102564,0.8483134675374098,0.8872354565301143,0.8462837837837838,0.8403220395840322,5.238437058381568
970,0.85,0.8500023611176698,0.8514190317195326,0.848585690515807,0.8500023611176699,0.8870856944510033,0.85,0.8508508508508509,5.18087709537506
971,0.8383333333333334,0.8383384398289995,0.8414023372287145,0.8358208955223879,0.8383384398289996,0.8781949497088846,0.8386023294509151,0.8402800933644546,5.583834817298552
972,0.85,0.8500190278306329,0.8614357262103506,0.8417618270799347,0.8500190278306329,0.8861821099784759,0.8514851485148514,0.8574277168494517,5.180881093362211
973,0.8466666666666667,0.8466551295975822,0.8397328881469115,0.8510998307952623,0.8466551295975823,0.885416359471087,0.8453781512605042,0.8419819216605289,5.296004351031186
974,0.8458333333333333,0.8458231828421745,0.8397328881469115,0.8496621621621622,0.8458231828421746,0.8846975251545368,0.8446683459277917,0.8417001338688085,5.324787331024804
975,0.8408333333333333,0.8408398356662101,0.8447412353923205,0.8377483443708609,0.8408398356662102,0.8799947898815907,0.8412302576891105,0.8433333333333333,5.497487209980084
976,0.85,0.8500106944741513,0.8564273789649416,0.8451400329489291,0.8500106944741513,0.8866170392902687,0.8507462686567163,0.8541458541458543,5.180879094368635
977,0.8491666666666666,0.8491648587912745,0.8480801335559266,0.8494983277591973,0.8491648587912746,0.8867058973242286,0.8487886382623225,0.848363393453574,5.209658742706293
978,0.8283333333333334,0.8283606343350953,0.8447412353923205,0.8174474959612278,0.8283606343350953,0.869844365676774,0.8308702791461411,0.8391376451077943,5.9292319098843445
979,0.8408333333333333,0.8408342800952224,0.8414023372287145,0.84,0.8408342800952225,0.8802845019476905,0.8407005838198498,0.8411214953271029,5.4974858773177
980,0.8408333333333333,0.840862057950161,0.8580968280467446,0.8290322580645161,0.8408620579501609,0.8789812097222971,0.8433141919606235,0.8521220159151194,5.497492540629618
981,0.8483333333333334,0.8483190231083975,0.8397328881469115,0.8539898132427843,0.8483190231083976,0.886861350694848,0.8468013468013468,0.8425460636515913,5.2384383910439505
982,0.8566666666666667,0.8566607129464249,0.8530884808013356,0.8588235294117647,0.8566607129464249,0.8926226717732169,0.8559463986599665,0.8542293547308593,4.950613921757312
983,0.8441666666666666,0.8441537337603715,0.8363939899833055,0.8491525423728814,0.8441537337603716,0.8836065995114268,0.8427249789739276,0.8389149363697253,5.3823519583496555
984,0.8433333333333334,0.8433495648599024,0.8530884808013356,0.8363338788870703,0.8433495648599025,0.8813778465108696,0.8446280991735537,0.8496840705021615,5.41114160165519
985,0.85,0.8499884721902005,0.8430717863105175,0.8544839255499154,0.8499884721902006,0.8879445225968831,0.8487394957983193,0.8453297623033144,5.1808737637191
986,0.8375,0.8375092708590857,0.8430717863105175,0.8333333333333334,0.8375092708590857,0.8773692264885922,0.8381742738589213,0.8411059293804131,5.612618463623361
987,0.8375,0.8375314931430365,0.8564273789649416,0.8247588424437299,0.8375314931430365,0.8764264440376691,0.8402948402948403,0.8499005964214711,5.6126237942728965
988,0.8333333333333334,0.8333439815110597,0.8397328881469115,0.8286655683690279,0.8333439815110597,0.8741992282579698,0.8341625207296849,0.8374958374958376,5.756532030929064
989,0.84,0.8399967777688271,0.8380634390651085,0.8408710217755444,0.8399967777688272,0.8798838970869931,0.8394648829431438,0.838623454727698,5.526267524648933
990,0.8383333333333334,0.8383439953999872,0.8447412353923205,0.8336079077429983,0.8383439953999873,0.8779245715676594,0.8391376451077943,0.8424908424908423,5.583836149960936
991,0.8341666666666666,0.8341814838374549,0.8430717863105175,0.8278688524590164,0.8341814838374549,0.8746369860514336,0.8354011579818031,0.8399866932801063,5.72775038359783
992,0.845,0.8450023472287422,0.8464106844741235,0.8435940099833611,0.8450023472287422,0.8833356805620757,0.845,0.8458458458458458,5.353572976343188
993,0.8441666666666666,0.8441759560443224,0.8497495826377296,0.8399339933993399,0.8441759560443225,0.8823417880185347,0.8448132780082988,0.8477681545636243,5.382357288999188
994,0.8383333333333334,0.8383356620435056,0.8397328881469115,0.8369384359400999,0.8383356620435057,0.8783356620435058,0.8383333333333334,0.8391725058391724,5.583834150967361
995,0.83,0.8299939722054783,0.8263772954924875,0.8319327731092437,0.8299939722054784,0.8724883676341991,0.8291457286432161,0.8274824473420261,5.871658620253999
996,0.8375,0.8374953819316164,0.8347245409015025,0.8389261744966443,0.8374953819316164,0.8780753576990734,0.8368200836820084,0.8355614973262032,5.612615131967403
997,0.8525,0.8524982013838928,0.8514190317195326,0.8528428093645485,0.8524982013838929,0.8892142538753739,0.8521303258145364,0.8517034068136273,5.094528155394207
998,0.8325,0.8325120347556519,0.8397328881469115,0.8273026315789473,0.8325120347556519,0.8735177598629293,0.8334714167357083,0.8372170439414114,5.785315010922682
999,0.8458333333333333,0.8458259606276683,0.8414023372287145,0.8484848484848485,0.8458259606276685,0.8845269261901149,0.8449287510477788,0.842809364548495,5.324787997355995
1000,0.84,0.8399856666268517,0.8313856427378965,0.8455008488964346,0.8399856666268517,0.8805265791504989,0.8383838383838383,0.8341708542713567,5.526264859324166
1001,0.8433333333333334,0.8433023425065069,0.8247078464106845,0.8561525129982669,0.843302342506507,0.8841801797044757,0.8401360544217686,0.8308106289942819,5.41113027402493
1002,0.8466666666666667,0.8466662407395575,0.8464106844741235,0.8464106844741235,0.8466662407395577,0.8847440178074568,0.8464106844741235,0.8464106844741235,5.296007016355953
1003,0.8316666666666667,0.831668976858269,0.8330550918196995,0.8302828618968386,0.831668976858269,0.8733356435249358,0.8316666666666668,0.8324991658324989,5.814095325591532
1004,0.8408333333333333,0.8408370578807163,0.8430717863105175,0.8388704318936877,0.8408370578807164,0.8801377757687693,0.8409658617818484,0.8422281521014009,5.4974865436488916
1005,0.8425,0.8424842846785685,0.8330550918196995,0.8486394557823129,0.8424842846785685,0.882513940467673,0.8407750631844987,0.8361260053619304,5.439916585674506
1006,0.84,0.8400023333398148,0.8414023372287145,0.8386023294509152,0.8400023333398149,0.8795856666731483,0.8400000000000001,0.8408408408408409,5.526268857311317
1007,0.8333333333333334,0.8333356481545782,0.8347245409015025,0.8319467554076541,0.8333356481545783,0.8745856481545783,0.8333333333333334,0.8341675008341675,5.756530031935488
1008,0.8491666666666666,0.8491537476492991,0.8414023372287145,0.8542372881355932,0.8491537476492991,0.8874031460154872,0.8477712363330528,0.8439383791024784,5.209656077381528
1009,0.8558333333333333,0.8558009883360786,0.8363939899833055,0.8697916666666666,0.8558009883360786,0.8939261616583194,0.8527659574468085,0.8428667563930012,4.979390238439011
1010,0.8483333333333334,0.8483356898213607,0.8497495826377296,0.8469217970049917,0.8483356898213608,0.8858356898213607,0.8483333333333334,0.8491825158491825,5.238442389031103
1011,0.8458333333333333,0.8458315161986558,0.8447412353923205,0.8461538461538461,0.8458315161986558,0.8841975407730834,0.8454469507101087,0.8450233800935204,5.324789330018379
1012,0.8475,0.8474870763529898,0.8397328881469115,0.8525423728813559,0.8474870763529899,0.8861376305141337,0.8460891505466779,0.8422638981915606,5.267221371037569
1013,0.8416666666666667,0.8416606712796424,0.8380634390651085,0.8436974789915966,0.8416606712796425,0.8812971256950193,0.8408710217755445,0.8391842193246406,5.468701564661698
1014,0.8483333333333334,0.8483329120358668,0.8480801335559266,0.8480801335559266,0.8483329120358669,0.8859968002225933,0.8480801335559266,0.8480801335559266,5.2384417226999105
1015,0.8491666666666666,0.8491731921477559,0.8530884808013356,0.8460264900662252,0.8491731921477561,0.8862241521004469,0.8495428096425603,0.8516666666666667,5.209660741699869
1016,0.8425,0.84249261803505,0.8380634390651085,0.8451178451178452,0.84249261803505,0.8820073087581435,0.8415758591785415,0.8394648829431438,5.4399185846680815
1017,0.8441666666666666,0.8441704004733346,0.8464106844741235,0.8421926910299004,0.8441704004733346,0.8826350210853453,0.8442964196502913,0.8455637091394261,5.382355956336807
1018,0.8408333333333333,0.8408342800952224,0.8414023372287145,0.84,0.8408342800952225,0.8802845019476905,0.8407005838198498,0.8411214953271029,5.4974858773177
1019,0.84,0.8399912221978394,0.8347245409015025,0.8431703204047217,0.8399912221978395,0.8801974306531121,0.8389261744966443,0.8364001338240215,5.52626619198655
1020,0.845,0.8449967916577545,0.8430717863105175,0.8458961474036851,0.8449967916577545,0.8836506335237679,0.8444816053511705,0.8436351486802538,5.353571643680803
1021,0.8466666666666667,0.8466634629540637,0.8447412353923205,0.8475711892797321,0.8466634629540638,0.8849062123360263,0.8461538461538461,0.8453057133311058,5.296006350024761
1022,0.8316666666666667,0.831668976858269,0.8330550918196995,0.8302828618968386,0.831668976858269,0.8733356435249358,0.8316666666666668,0.8324991658324989,5.814095325591532
1023,0.8475,0.847484298567496,0.8380634390651085,0.8537414965986394,0.8474842985674961,0.8863191344985406,0.8458298230834035,0.8411528150134047,5.267220704706377
1024,0.8375,0.8375009375026041,0.8380634390651085,0.8366666666666667,0.8375009375026041,0.8777817195325542,0.8373644703919934,0.8377837116154874,5.612616464629786
1025,0.8333333333333334,0.8333328703690843,0.8330550918196995,0.8330550918196995,0.8333328703690844,0.8747217584863661,0.8330550918196995,0.8330550918196995,5.756529365604298
1026,0.845,0.8449856805157792,0.8363939899833055,0.8505942275042445,0.8449856805157793,0.8843274420771083,0.8434343434343433,0.8391959798994975,5.353568978356037
1027,0.8366666666666667,0.8366551018197272,0.8297161936560935,0.8409475465313029,0.8366551018197272,0.8778318700936981,0.8352941176470589,0.8319383997321728,5.641396112967444
1028,0.8433333333333334,0.84331900921947,0.8347245409015025,0.8488964346349746,0.8433190092194701,0.8830604877682385,0.8417508417508418,0.8375209380234506,5.41113427201208
1029,0.8433333333333334,0.8433301203614454,0.8414023372287145,0.8442211055276382,0.8433301203614454,0.8823950547115097,0.842809364548495,0.8419645840294019,5.411136937336848
1030,0.8525,0.8524926458129051,0.8480801335559266,0.8552188552188552,0.8524926458129051,0.8895661610540575,0.8516345347862532,0.8494983277591974,5.094526822731823
1031,0.8441666666666666,0.8441565115458654,0.8380634390651085,0.847972972972973,0.8441565115458654,0.8834348726857074,0.8429890848026868,0.8400267737617134,5.382352624680847
1032,0.8375,0.8374953819316164,0.8347245409015025,0.8389261744966443,0.8374953819316164,0.8780753576990734,0.8368200836820084,0.8355614973262032,5.612615131967403
1033,0.8466666666666667,0.8466884630235084,0.8597662771285476,0.8373983739837398,0.8466884630235084,0.8835823255561437,0.8484349258649093,0.8551976087678514,5.2960123470054885
1034,0.8525,0.8525065347403743,0.8564273789649416,0.8493377483443708,0.8525065347403743,0.8887158969879895,0.8528678304239402,0.8550000000000001,5.094530154387782
1035,0.84,0.8400023333398148,0.8414023372287145,0.8386023294509152,0.8400023333398149,0.8795856666731483,0.8400000000000001,0.8408408408408409,5.526268857311317
1036,0.8416666666666667,0.8416690046361239,0.8430717863105175,0.8402662229617305,0.841669004636124,0.8808356713027906,0.8416666666666667,0.8425091758425091,5.468703563655274
1037,0.85,0.8499884721902005,0.8430717863105175,0.8544839255499154,0.8499884721902006,0.8879445225968831,0.8487394957983193,0.8453297623033144,5.1808737637191
1038,0.8358333333333333,0.8358287106353073,0.8330550918196995,0.8372483221476509,0.8358287106353073,0.8768183736503419,0.8351464435146444,0.8338903743315509,5.670180425623445
1039,0.8433333333333334,0.8433245647904577,0.8380634390651085,0.8465430016863407,0.8433245647904577,0.8827198870423912,0.8422818791946309,0.8397457343593173,5.411135604674463
1040,0.8375,0.8375176042155673,0.8480801335559266,0.8300653594771242,0.8375176042155673,0.8769894131831921,0.8389760528488853,0.8444148936170215,5.6126204626169365
1041,0.8341666666666666,0.8341648171244921,0.8330550918196995,0.8344481605351171,0.8341648171244921,0.8754182928440749,0.83375104427736,0.8333333333333334,5.727746385610678
1042,0.84,0.8399912221978394,0.8347245409015025,0.8431703204047217,0.8399912221978395,0.8801974306531121,0.8389261744966443,0.8364001338240215,5.52626619198655
1043,0.8441666666666666,0.8441704004733346,0.8464106844741235,0.8421926910299004,0.8441704004733346,0.8826350210853453,0.8442964196502913,0.8455637091394261,5.382355956336807
1044,0.8441666666666666,0.8441565115458654,0.8380634390651085,0.847972972972973,0.8441565115458654,0.8834348726857074,0.8429890848026868,0.8400267737617134,5.382352624680847
1045,0.8416666666666667,0.8416690046361239,0.8430717863105175,0.8402662229617305,0.841669004636124,0.8808356713027906,0.8416666666666667,0.8425091758425091,5.468703563655274
1046,0.8375,0.8374814930041472,0.8263772954924875,0.8447098976109215,0.8374814930041473,0.8788769298850378,0.8354430379746836,0.8299798792756541,5.612611800311441
1047,0.835,0.8349856527379242,0.8263772954924875,0.8404074702886248,0.8349856527379242,0.8767257162238895,0.8333333333333333,0.8291457286432162,5.6989607402922955
1048,0.8408333333333333,0.8408259467387409,0.8363939899833055,0.8434343434343434,0.840825946738741,0.8807475000421578,0.8398994132439228,0.8377926421404683,5.497483878324124
1049,0.8316666666666667,0.8316606435017875,0.8280467445742905,0.8336134453781513,0.8316606435017875,0.8737467616428876,0.8308207705192631,0.8291541290538282,5.814093326597956
1050,0.8433333333333334,0.8433301203614454,0.8414023372287145,0.8442211055276382,0.8433301203614454,0.8823950547115097,0.842809364548495,0.8419645840294019,5.411136937336848
1051,0.8458333333333333,0.8458204050566807,0.8380634390651085,0.8508474576271187,0.8458204050566808,0.8848721150127803,0.8444070647603028,0.8405894172806431,5.324786664693613
1052,0.8375,0.8374981597171103,0.8363939899833055,0.8377926421404682,0.8374981597171103,0.8779266493952201,0.8370927318295739,0.8366733466933868,5.6126157982985925
1053,0.8441666666666666,0.844162067116853,0.8414023372287145,0.8456375838926175,0.844162067116853,0.8831032938939992,0.8435146443514644,0.8422459893048129,5.382353957343231
1054,0.835,0.8350189861638504,0.8464106844741235,0.8270799347471451,0.8350189861638504,0.8750786429439676,0.8366336633663366,0.8424725822532403,5.698968736266598
1055,0.8366666666666667,0.8366523240342334,0.8280467445742905,0.8421052631578947,0.8366523240342335,0.8779926705327593,0.835016835016835,0.830820770519263,5.641395446636253
1056,0.8341666666666666,0.8341703726954797,0.8363939899833055,0.8322259136212624,0.8341703726954798,0.8751432851356173,0.8343047460449624,0.8355570380253503,5.727747718273062
1057,0.8408333333333333,0.8408148355967655,0.8297161936560935,0.8481228668941979,0.8408148355967655,0.8814195302751456,0.8388185654008439,0.8333333333333333,5.497481212999357
1058,0.8466666666666667,0.8466495740265945,0.8363939899833055,0.8534923339011925,0.8466495740265946,0.8857764952755823,0.8448566610455313,0.8397586322494133,5.296003018368802
1059,0.8433333333333334,0.84331900921947,0.8347245409015025,0.8488964346349746,0.8433190092194701,0.8830604877682385,0.8417508417508418,0.8375209380234506,5.41113427201208
1060,0.8433333333333334,0.84331900921947,0.8347245409015025,0.8488964346349746,0.8433190092194701,0.8830604877682385,0.8417508417508418,0.8375209380234506,5.41113427201208
1061,0.8375,0.8374926041461226,0.8330550918196995,0.8400673400673401,0.8374926041461226,0.8782278826101865,0.8365465213746857,0.8344481605351171,5.612614465636209
1062,0.8475,0.8474731874255206,0.8313856427378965,0.8586206896551725,0.8474731874255207,0.8870864995298678,0.8447837150127226,0.8366935483870966,5.267218039381611
1063,0.8416666666666667,0.8416578934941485,0.8363939899833055,0.8448566610455311,0.8416578934941485,0.8814586588477518,0.8406040268456375,0.8380729340916693,5.468700898330507
1064,0.8375,0.837503715288098,0.8397328881469115,0.8355481727574751,0.837503715288098,0.8776405304521933,0.8376353039134056,0.8388925950633754,5.612617130960977
1065,0.835,0.8349995416653935,0.8347245409015025,0.8347245409015025,0.8349995416653936,0.8759745409015025,0.8347245409015024,0.8347245409015025,5.6989640719482555
1066,0.8458333333333333,0.8458176272711868,0.8363939899833055,0.8520408163265306,0.8458176272711869,0.8850507364882514,0.8441449031171019,0.8394772117962467,5.324785998362421
1067,0.8375,0.8374898263606287,0.8313856427378965,0.8412162162162162,0.8374898263606289,0.8783842628103897,0.8362720403022671,0.8333333333333333,5.612613799305018
1068,0.8433333333333334,0.8433412315034209,0.8480801335559266,0.8396694214876033,0.8433412315034209,0.8817914441884316,0.8438538205980066,0.8463845384871708,5.411139602661615
1069,0.84,0.8399801110558639,0.8280467445742905,0.8478632478632478,0.8399801110558639,0.8808716628854358,0.8378378378378379,0.8319355920831936,5.526263526661782
1070,0.8483333333333334,0.8483245786793852,0.8430717863105175,0.851602023608769,0.8483245786793853,0.8865035716263099,0.8473154362416108,0.8447641351622617,5.238439723706335
1071,0.8383333333333334,0.8383384398289995,0.8414023372287145,0.8358208955223879,0.8383384398289996,0.8781949497088846,0.8386023294509151,0.8402800933644546,5.583834817298552
1072,0.8358333333333333,0.8358342662062951,0.8363939899833055,0.835,0.8358342662062951,0.8765303283249859,0.8356964136780651,0.8361148197596796,5.670181758285829
1073,0.8475,0.8474954097094713,0.8447412353923205,0.8489932885906041,0.8474954097094715,0.8856172619914623,0.8468619246861925,0.8455882352941178,5.267223370031143
1074,0.8408333333333333,0.8408370578807163,0.8430717863105175,0.8388704318936877,0.8408370578807164,0.8801377757687693,0.8409658617818484,0.8422281521014009,5.497486543648892
1075,0.84,0.8399884444123455,0.8330550918196995,0.8443316412859561,0.8399884444123457,0.8803600332194945,0.8386554621848741,0.8352862403749582,5.526265525655358
1076,0.8433333333333334,0.84331900921947,0.8347245409015025,0.8488964346349746,0.8433190092194701,0.8830604877682385,0.8417508417508418,0.8375209380234506,5.41113427201208
1077,0.8341666666666666,0.8341842616229489,0.8447412353923205,0.826797385620915,0.8341842616229488,0.8745193105066177,0.8356729975227085,0.8410904255319148,5.727751049929023
1078,0.8308333333333333,0.8308286967463798,0.8280467445742905,0.8322147651006712,0.8308286967463798,0.8730474215041475,0.8301255230125524,0.8288770053475936,5.842876306591573
1079,0.8358333333333333,0.8358398217772827,0.8397328881469115,0.8327814569536424,0.8358398217772827,0.8762571725502768,0.8362427265170407,0.8383333333333333,5.670183090948213
1080,0.8358333333333333,0.8358259328498134,0.8313856427378965,0.8383838383838383,0.8358259328498134,0.8769680738942007,0.8348700754400671,0.8327759197324416,5.670179759292253
1081,0.8375,0.8374870485751349,0.8297161936560935,0.8423728813559322,0.837487048575135,0.8785445375060129,0.8359966358284273,0.8322170127260549,5.612613132973826
1082,0.84,0.8399801110558639,0.8280467445742905,0.8478632478632478,0.8399801110558639,0.8808716628854358,0.8378378378378379,0.8319355920831936,5.526263526661784
1083,0.8266666666666667,0.8266800741113169,0.8347245409015025,0.8210180623973727,0.8266800741113169,0.8691213016494376,0.8278145695364238,0.8319467554076538,5.986793871884428
1084,0.855,0.8549857082936341,0.8464106844741235,0.8607809847198642,0.8549857082936341,0.8919291679303272,0.8535353535353535,0.8492462311557789,5.008177216419781
1085,0.8441666666666666,0.84414540040389,0.8313856427378965,0.8527397260273972,0.8441454004038901,0.8841460177159802,0.8419273034657649,0.8355704697986577,5.38234995935608
1086,0.8333333333333334,0.8333273147980966,0.8297161936560935,0.8352941176470589,0.8333273147980967,0.8750051556515762,0.8324958123953099,0.8308258107656302,5.7565280329419135
1087,0.85,0.8499968055466821,0.8480801335559266,0.8509212730318257,0.8499968055466822,0.8874173699605428,0.8494983277591973,0.84864684263281,5.1808757627126765
1088,0.835,0.8349856527379242,0.8263772954924875,0.8404074702886248,0.8349856527379242,0.8767257162238895,0.8333333333333333,0.8291457286432162,5.698960740292296
1089,0.845,0.8449967916577545,0.8430717863105175,0.8458961474036851,0.8449967916577545,0.8836506335237679,0.8444816053511705,0.8436351486802538,5.353571643680805
1090,0.8408333333333333,0.8408592801646672,0.8564273789649416,0.8300970873786407,0.8408592801646672,0.8790955665051244,0.8430566967953985,0.8510285335102853,5.497491874298427
1091,0.8408333333333333,0.8408342800952224,0.8414023372287145,0.84,0.8408342800952225,0.8802845019476905,0.8407005838198498,0.8411214953271029,5.4974858773177
1092,0.8391666666666666,0.8391759421553948,0.8447412353923205,0.834983498349835,0.8391759421553949,0.8786123668710778,0.8398340248962655,0.8427714856762158,5.555053169967319
1093,0.8416666666666667,0.8416662268506301,0.8414023372287145,0.8414023372287145,0.8416662268506302,0.8809856705620478,0.8414023372287145,0.8414023372287145,5.46870289732408
1094,0.84,0.8400023333398148,0.8414023372287145,0.8386023294509152,0.8400023333398149,0.8795856666731483,0.8400000000000001,0.8408408408408409,5.526268857311317
1095,0.8433333333333334,0.8433273425759515,0.8397328881469115,0.8453781512605042,0.8433273425759515,0.8825555197037079,0.8425460636515913,0.8408559010364426,5.411136271005657
1096,0.8458333333333333,0.8458204050566807,0.8380634390651085,0.8508474576271187,0.8458204050566808,0.8848721150127803,0.8444070647603028,0.8405894172806431,5.324786664693613
1097,0.8358333333333333,0.8358453773482704,0.8430717863105175,0.8305921052631579,0.8358453773482704,0.8759986124535044,0.8367854183927093,0.8405459387483355,5.670184423610596
1098,0.8466666666666667,0.846657907383076,0.8414023372287145,0.8499156829679595,0.8466579073830761,0.8852423434316704,0.8456375838926173,0.8430913348946135,5.296005017362377
1099,0.8383333333333334,0.8383412176144933,0.8430717863105175,0.8347107438016529,0.8383412176144934,0.8780579317227519,0.8388704318936878,0.8413862045984671,5.583835483629744
1100,0.8358333333333333,0.8358203772788257,0.8280467445742905,0.8406779661016949,0.8358203772788257,0.8772790220046595,0.8343145500420521,0.8305425318151373,5.67017842662987
1101,0.835,0.8349995416653935,0.8347245409015025,0.8347245409015025,0.8349995416653936,0.8759745409015025,0.8347245409015024,0.8347245409015025,5.698964071948254
1102,0.8441666666666666,0.8441731782588285,0.8480801335559266,0.8410596026490066,0.8441731782588286,0.8824865347691333,0.8445552784704904,0.8466666666666667,5.382356622667997
1103,0.835,0.8349912083089119,0.8297161936560935,0.8381112984822934,0.8349912083089119,0.8764137460691934,0.8338926174496645,0.8313817330210773,5.698962072954679
1104,0.8441666666666666,0.8441759560443224,0.8497495826377296,0.8399339933993399,0.8441759560443225,0.8823417880185347,0.8448132780082988,0.8477681545636243,5.382357288999188
1105,0.8475,0.8474981874949652,0.8464106844741235,0.8478260869565217,0.8474981874949653,0.8854517190486559,0.8471177944862155,0.8466933867735471,5.267224036362336
1106,0.8425,0.8424981736060377,0.8414023372287145,0.842809364548495,0.8424981736060377,0.8816891842219381,0.8421052631578947,0.8416833667334669,5.4399199173304655
1107,0.84,0.840019000052778,0.8514190317195326,0.831973898858075,0.840019000052778,0.8787797986221372,0.8415841584158416,0.8474576271186443,5.526272855298469
1108,0.8483333333333334,0.8483273564648791,0.8447412353923205,0.8504201680672269,0.8483273564648791,0.8863307017297737,0.8475711892797321,0.8458709461718489,5.238440390037527
1109,0.8391666666666666,0.8391703865844071,0.8414023372287145,0.8372093023255814,0.8391703865844072,0.8788891531104813,0.8393005828476271,0.8405603735823882,5.555051837304935
1110,0.8433333333333334,0.8433412315034209,0.8480801335559266,0.8396694214876033,0.8433412315034209,0.8817914441884316,0.8438538205980066,0.8463845384871708,5.411139602661615
1111,0.835,0.8349995416653935,0.8347245409015025,0.8347245409015025,0.8349995416653936,0.8759745409015025,0.8347245409015024,0.8347245409015025,5.6989640719482555
1112,0.8441666666666666,0.8441370670474084,0.8263772954924875,0.856401384083045,0.8441370670474085,0.8847226731210995,0.8411214953271028,0.832212508406187,5.382347960362504
1113,0.8491666666666666,0.8491620810057805,0.8464106844741235,0.8506711409395973,0.8491620810057806,0.8868742460401937,0.8485355648535564,0.8472593582887701,5.209658076375102
1114,0.8466666666666667,0.8466690185250515,0.8480801335559266,0.8452579034941764,0.8466690185250516,0.8845856851917182,0.8466666666666667,0.8475141808475143,5.2960076826871445
1115,0.8466666666666667,0.8466523518120883,0.8380634390651085,0.8522920203735145,0.8466523518120884,0.8855943963859781,0.8451178451178452,0.8408710217755444,5.296003684699994
1116,0.8383333333333334,0.8383162175450487,0.8280467445742905,0.8449744463373083,0.8383162175450488,0.8794272621224661,0.836424957841484,0.8313778075762654,5.583829486649019
1117,0.8425,0.8425009513915316,0.8430717863105175,0.8416666666666667,0.8425009513915316,0.8815358931552588,0.8423686405337781,0.8427903871829104,5.4399205836616575
1118,0.8458333333333333,0.8458398495551377,0.8497495826377296,0.8427152317880795,0.8458398495551378,0.8837324072129045,0.8462177888611804,0.8483333333333334,5.324791329011954
1119,0.8416666666666667,0.8416606712796424,0.8380634390651085,0.8436974789915966,0.8416606712796425,0.8812971256950193,0.8408710217755445,0.8391842193246406,5.468701564661698
1120,0.8308333333333333,0.8308370301028614,0.8330550918196995,0.8289036544850499,0.8308370301028614,0.8726460398190414,0.8309741881765196,0.832221480987325,5.842878305585148
1121,0.8458333333333333,0.8458259606276683,0.8414023372287145,0.8484848484848485,0.8458259606276685,0.8845269261901149,0.8449287510477788,0.842809364548495,5.324787997355995
1122,0.8425,0.8425037291770254,0.8447412353923205,0.8405315614617941,0.8425037291770254,0.8813863984270571,0.8426311407160699,0.8438959306204137,5.439921249992849
1123,0.8466666666666667,0.8466551295975822,0.8397328881469115,0.8510998307952623,0.8466551295975823,0.885416359471087,0.8453781512605042,0.8419819216605289,5.296004351031186
1124,0.8425,0.8424953958205439,0.8397328881469115,0.8439597315436241,0.8424953958205439,0.8818463098452679,0.8418410041841005,0.8405748663101603,5.439919250999273
1125,0.8366666666666667,0.8366912130311474,0.8514190317195326,0.826580226904376,0.8366912130311472,0.8760829626452876,0.8388157894736842,0.846332558911384,5.641404775272938
1126,0.8491666666666666,0.8491620810057805,0.8464106844741235,0.8506711409395973,0.8491620810057806,0.8868742460401937,0.8485355648535564,0.8472593582887701,5.209658076375102
1127,0.845,0.8450051250142362,0.8480801335559266,0.8424543946932007,0.8450051250142363,0.8831839307912304,0.8452579034941765,0.8469489829943315,5.35357364267438
1128,0.84,0.8399801110558639,0.8280467445742905,0.8478632478632478,0.8399801110558639,0.8808716628854358,0.8378378378378379,0.8319355920831936,5.526263526661784
1129,0.84,0.8399939999833332,0.8363939899833055,0.8420168067226891,0.8399939999833334,0.8800387316863307,0.8391959798994975,0.8375125376128385,5.526266858317743
1130,0.835,0.8349967638798996,0.8330550918196995,0.8358458961474037,0.8349967638798997,0.8761171606502183,0.8344481605351171,0.8336117607751422,5.698963405617063
1131,0.8416666666666667,0.8416523379231609,0.8330550918196995,0.8471986417657046,0.8416523379231609,0.8817935334593687,0.8400673400673401,0.8358458961474036,5.468699565668123
1132,0.8383333333333334,0.8383245509015302,0.8330550918196995,0.8414839797639123,0.8383245509015304,0.8789362024584726,0.8372483221476511,0.8347273335563733,5.583831485642593
1133,0.855,0.8549912638646219,0.8497495826377296,0.8583473861720068,0.8549912638646219,0.8915484844048682,0.8540268456375841,0.8514553362328539,5.008178549082163
1134,0.8316666666666667,0.831668976858269,0.8330550918196995,0.8302828618968386,0.831668976858269,0.8733356435249358,0.8316666666666668,0.8324991658324989,5.814095325591532
1135,0.8425,0.8424842846785685,0.8330550918196995,0.8486394557823129,0.8424842846785685,0.882513940467673,0.8407750631844987,0.8361260053619304,5.439916585674506
1136,0.8375,0.8374870485751349,0.8297161936560935,0.8423728813559322,0.837487048575135,0.8785445375060129,0.8359966358284273,0.8322170127260549,5.612613132973826
1137,0.8408333333333333,0.8408509468081856,0.8514190317195326,0.8333333333333334,0.8408509468081857,0.8794595158597663,0.8422791081750619,0.8477393617021278,5.497489875304852
1138,0.8425,0.8424870624640624,0.8347245409015025,0.8474576271186439,0.8424870624640624,0.8823410840100732,0.8410428931875525,0.8372404554588077,5.4399172520056975
1139,0.8483333333333334,0.8483134675374098,0.8363939899833055,0.8564102564102564,0.8483134675374098,0.8872354565301143,0.8462837837837838,0.8403220395840322,5.2384370583815665
1140,0.8375,0.8375120486445795,0.8447412353923205,0.8322368421052632,0.8375120486445796,0.8772390387487919,0.8384424192212097,0.8422103861517976,5.6126191299545525
1141,0.8416666666666667,0.8416634490651362,0.8397328881469115,0.8425460636515912,0.8416634490651363,0.8811394758992513,0.8411371237458193,0.8402940193785501,5.468702230992889
1142,0.8466666666666667,0.8466773518815329,0.8530884808013356,0.8418451400329492,0.8466773518815331,0.8841334770838091,0.84742951907131,0.8508158508158509,5.2960096816807205
1143,0.8483333333333334,0.8483412453923483,0.8530884808013356,0.8446280991735537,0.8483412453923485,0.8855249566541114,0.8488372093023258,0.8513828723758748,5.238443721693487
1144,0.8358333333333333,0.8358453773482704,0.8430717863105175,0.8305921052631579,0.8358453773482704,0.8759986124535044,0.8367854183927093,0.8405459387483355,5.670184423610596
1145,0.8466666666666667,0.8466856852380146,0.8580968280467446,0.8384991843393148,0.8466856852380146,0.8837146728596964,0.8481848184818482,0.8541043536058491,5.2960116806742965
1146,0.8466666666666667,0.8466606851685698,0.8430717863105175,0.8487394957983193,0.84666068516857,0.8850723077210851,0.8458961474036851,0.8441992644600468,5.29600568369357
1147,0.84,0.8399939999833332,0.8363939899833055,0.8420168067226891,0.8399939999833334,0.8800387316863307,0.8391959798994975,0.8375125376128385,5.526266858317743
1148,0.8316666666666667,0.831668976858269,0.8330550918196995,0.8302828618968386,0.831668976858269,0.8733356435249358,0.8316666666666668,0.8324991658324989,5.814095325591532
1149,0.8366666666666667,0.8366717685326903,0.8397328881469115,0.8341625207296849,0.8366717685326903,0.8769477044382982,0.8369384359400998,0.8386128709569856,5.641400110954595
1150,0.8375,0.8375092708590857,0.8430717863105175,0.8333333333333334,0.8375092708590857,0.8773692264885922,0.8381742738589213,0.8411059293804131,5.612618463623361
1151,0.8508333333333333,0.8508259745165958,0.8464106844741235,0.8535353535353535,0.8508259745165959,0.8883063523380718,0.8499580888516344,0.8478260869565216,5.152092116387866
1152,0.845,0.8449717915883099,0.8280467445742905,0.8566493955094991,0.8449717915883099,0.8852647367085615,0.8421052631578947,0.8336134453781512,5.353565646700078
1153,0.8416666666666667,0.8416690046361239,0.8430717863105175,0.8402662229617305,0.841669004636124,0.8808356713027906,0.8416666666666667,0.8425091758425091,5.468703563655275
1154,0.8433333333333334,0.8433384537179269,0.8464106844741235,0.8407960199004975,0.8433384537179269,0.8819366855206437,0.8435940099833609,0.8452817605868623,5.411138936330423
1155,0.8433333333333334,0.8433162314339762,0.8330550918196995,0.8500851788756388,0.8433162314339763,0.8832368020143357,0.8414839797639123,0.8364063023801542,5.411133605680889
1156,0.85,0.8499968055466821,0.8480801335559266,0.8509212730318257,0.8499968055466822,0.8874173699605428,0.8494983277591973,0.84864684263281,5.1808757627126765
1157,0.8316666666666667,0.8316800880002444,0.8397328881469115,0.8259441707717571,0.8316800880002444,0.8728385294593342,0.8327814569536424,0.8369384359401,5.8140979909163
1158,0.845,0.8449995694432484,0.8447412353923205,0.8447412353923205,0.8449995694432484,0.8834912353923206,0.8447412353923206,0.8447412353923205,5.353572310011996
1159,0.8383333333333334,0.8383356620435056,0.8397328881469115,0.8369384359400999,0.8383356620435057,0.8783356620435058,0.8383333333333334,0.8391725058391724,5.583834150967361
1160,0.8458333333333333,0.8458342939841499,0.8464106844741235,0.845,0.8458342939841499,0.8840386755703951,0.8457047539616346,0.846128170894526,5.324789996349572
1161,0.8525,0.8524815346709296,0.8414023372287145,0.8600682593856656,0.8524815346709296,0.8903186316405233,0.8506329113924049,0.8450704225352113,5.094524157407057
1162,0.8425,0.8425203958899886,0.8547579298831386,0.8338762214983714,0.8425203958899887,0.880567075690755,0.8441879637262985,0.850498338870432,5.439925247979999
1163,0.8425,0.8425037291770254,0.8447412353923205,0.8405315614617941,0.8425037291770254,0.8813863984270571,0.8426311407160699,0.8438959306204137,5.439921249992849
1164,0.8391666666666666,0.8391620532279256,0.8363939899833055,0.8406040268456376,0.8391620532279257,0.8793323417478051,0.8384937238493724,0.8372326203208557,5.5550498383113585
1165,0.8383333333333334,0.8383245509015302,0.8330550918196995,0.8414839797639123,0.8383245509015304,0.8789362024584726,0.8372483221476511,0.8347273335563733,5.583831485642592
1166,0.8425,0.8424953958205439,0.8397328881469115,0.8439597315436241,0.8424953958205439,0.8818463098452679,0.8418410041841005,0.8405748663101603,5.439919250999273
1167,0.8325,0.8325120347556519,0.8397328881469115,0.8273026315789473,0.8325120347556519,0.8735177598629293,0.8334714167357083,0.8372170439414114,5.785315010922682
1168,0.8425,0.8425009513915316,0.8430717863105175,0.8416666666666667,0.8425009513915316,0.8815358931552588,0.8423686405337781,0.8427903871829104,5.4399205836616575
1169,0.8458333333333333,0.8458398495551377,0.8497495826377296,0.8427152317880795,0.8458398495551378,0.8837324072129045,0.8462177888611804,0.8483333333333334,5.324791329011955
1170,0.8433333333333334,0.8433273425759515,0.8397328881469115,0.8453781512605042,0.8433273425759515,0.8825555197037079,0.8425460636515913,0.8408559010364426,5.411136271005657
1171,0.8391666666666666,0.8391537198714442,0.8313856427378965,0.8440677966101695,0.8391537198714442,0.8798100530073664,0.8376787216148024,0.8338914936369726,5.555047839317784
1172,0.8491666666666666,0.8491593032202867,0.8447412353923205,0.8518518518518519,0.8491593032202868,0.8870465436220861,0.8482816429170159,0.8461538461538461,5.209657410043909
1173,0.8483333333333334,0.8483468009633359,0.8564273789649416,0.8423645320197044,0.8483468009633359,0.8852292888256563,0.8493377483443709,0.8535773710482529,5.23844505435587
1174,0.8358333333333333,0.8358231550643196,0.8297161936560935,0.839527027027027,0.8358231550643196,0.8771216103415602,0.834592779177162,0.8316599732262384,5.670179092961061
1175,0.8333333333333334,0.8333356481545782,0.8347245409015025,0.8319467554076541,0.8333356481545783,0.8745856481545783,0.8333333333333334,0.8341675008341675,5.756530031935488
1176,0.8258333333333333,0.8258342384284401,0.8263772954924875,0.825,0.8258342384284401,0.8690219810795771,0.8256880733944955,0.8261014686248332,6.015573520222088
1177,0.8333333333333334,0.8333328703690843,0.8330550918196995,0.8330550918196995,0.8333328703690844,0.8747217584863661,0.8330550918196995,0.8330550918196995,5.756529365604298
1178,0.8425,0.8425092847480132,0.8480801335559266,0.8382838283828383,0.8425092847480132,0.8810986476360492,0.8431535269709545,0.8461025982678215,5.4399225826552335
1179,0.845,0.844988458301273,0.8380634390651085,0.8494077834179357,0.8449884583012731,0.8841522779081887,0.8436974789915965,0.8403080013391363,5.353569644687229
1180,0.8366666666666667,0.836677324103678,0.8430717863105175,0.8319604612850082,0.836677324103678,0.8766827904644297,0.8374792703150912,0.8408258408258408,5.641401443616978
1181,0.8416666666666667,0.8416662268506301,0.8414023372287145,0.8414023372287145,0.8416662268506302,0.8809856705620478,0.8414023372287145,0.8414023372287145,5.468702897324082
1182,0.8416666666666667,0.8416662268506301,0.8414023372287145,0.8414023372287145,0.8416662268506302,0.8809856705620478,0.8414023372287145,0.8414023372287145,5.468702897324082
1183,0.8375,0.8374953819316164,0.8347245409015025,0.8389261744966443,0.8374953819316164,0.8780753576990734,0.8368200836820084,0.8355614973262032,5.612615131967401
1184,0.8458333333333333,0.8458287384131622,0.8430717863105175,0.8473154362416108,0.8458287384131622,0.8843602779427309,0.8451882845188285,0.8439171122994651,5.324788663687189
1185,0.8408333333333333,0.8408481690226918,0.8497495826377296,0.8344262295081967,0.8408481690226918,0.879587906072963,0.8420181968569066,0.8466400532268795,5.49748920897366
1186,0.8491666666666666,0.8491509698638051,0.8397328881469115,0.8554421768707483,0.8491509698638051,0.8875875325088299,0.8475147430497052,0.842828418230563,5.209655411050334
1187,0.8508333333333333,0.8508204189456081,0.8430717863105175,0.8559322033898306,0.8508204189456081,0.8886686615168407,0.8494533221194279,0.8456128600133959,5.152090783725481
1188,0.8341666666666666,0.8341675949099858,0.8347245409015025,0.8333333333333334,0.8341675949099859,0.8752789371174179,0.8340283569641369,0.8344459279038718,5.727747051941872
1189,0.8408333333333333,0.8408259467387409,0.8363939899833055,0.8434343434343434,0.840825946738741,0.8807475000421578,0.8398994132439228,0.8377926421404683,5.497483878324124
1190,0.8475,0.847484298567496,0.8380634390651085,0.8537414965986394,0.8474842985674961,0.8863191344985406,0.8458298230834035,0.8411528150134047,5.267220704706377
1191,0.84,0.8400217778382718,0.8530884808013356,0.8308943089430895,0.8400217778382718,0.8786580615388792,0.8418451400329492,0.8485552972434407,5.526273521629659
1192,0.8375,0.8374842707896409,0.8280467445742905,0.8435374149659864,0.8374842707896412,0.8787087464368052,0.8357203032855941,0.8310991957104558,5.612612466642633
1193,0.8475,0.8474870763529898,0.8397328881469115,0.8525423728813559,0.8474870763529899,0.8861376305141337,0.8460891505466779,0.8422638981915606,5.267221371037569
1194,0.8425,0.8425148403190009,0.8514190317195326,0.8360655737704918,0.8425148403190009,0.8808256360783455,0.8436724565756825,0.8483033932135728,5.439923915317617
1195,0.8458333333333333,0.8458259606276683,0.8414023372287145,0.8484848484848485,0.8458259606276685,0.8845269261901149,0.8449287510477788,0.842809364548495,5.324787997355995
1196,0.8433333333333334,0.8433384537179269,0.8464106844741235,0.8407960199004975,0.8433384537179269,0.8819366855206437,0.8435940099833609,0.8452817605868623,5.411138936330423
1197,0.8391666666666666,0.8391676087989133,0.8397328881469115,0.8383333333333334,0.8391676087989134,0.8790331107401225,0.8390325271059217,0.8394526034712949,5.555051170973743
1198,0.8483333333333334,0.8483162453229036,0.8380634390651085,0.8551959114139693,0.8483162453229036,0.8870463419062056,0.8465430016863407,0.8414347971840428,5.2384377247127585
1199,0.8433333333333334,0.84331900921947,0.8347245409015025,0.8488964346349746,0.8433190092194701,0.8830604877682385,0.8417508417508418,0.8375209380234506,5.41113427201208
1200,0.845,0.8450023472287422,0.8464106844741235,0.8435940099833611,0.8450023472287422,0.8833356805620757,0.845,0.8458458458458458,5.353572976343188
1201,0.8458333333333333,0.8458342939841499,0.8464106844741235,0.845,0.8458342939841499,0.8840386755703951,0.8457047539616346,0.846128170894526,5.324789996349573
1202,0.8375,0.8374953819316164,0.8347245409015025,0.8389261744966443,0.8374953819316164,0.8780753576990734,0.8368200836820084,0.8355614973262032,5.612615131967401
1203,0.835,0.8350023194508873,0.8363939899833055,0.8336106489184693,0.8350023194508874,0.8758356527842208,0.8350000000000001,0.8358358358358356,5.6989647382794475
1204,0.8566666666666667,0.856677379659388,0.8631051752921536,0.8517298187808896,0.856677379659388,0.8915841637031882,0.857379767827529,0.8608058608058607,4.950617919744463
1205,0.8316666666666667,0.8316634212872813,0.8297161936560935,0.8324958123953099,0.8316634212872813,0.8736060030257017,0.8311036789297659,0.830270631473438,5.814093992929148
1206,0.8458333333333333,0.8458398495551377,0.8497495826377296,0.8427152317880795,0.8458398495551378,0.8837324072129045,0.8462177888611804,0.8483333333333334,5.324791329011955
1207,0.8416666666666667,0.8416551157086547,0.8347245409015025,0.8460236886632826,0.8416551157086547,0.8816241147823924,0.8403361344537815,0.8369601606963508,5.468700231999314
1208,0.84,0.8399939999833332,0.8363939899833055,0.8420168067226891,0.8399939999833334,0.8800387316863307,0.8391959798994975,0.8375125376128385,5.526266858317743
1209,0.845,0.8449773471592976,0.8313856427378965,0.8542024013722127,0.8449773471592976,0.8848773553883879,0.8426395939086294,0.8358509566968781,5.353566979362461
1210,0.8458333333333333,0.8458259606276683,0.8414023372287145,0.8484848484848485,0.8458259606276685,0.8845269261901149,0.8449287510477788,0.842809364548495,5.324787997355995
1211,0.8483333333333334,0.8483245786793852,0.8430717863105175,0.851602023608769,0.8483245786793853,0.8865035716263099,0.8473154362416108,0.8447641351622617,5.238439723706335
1212,0.8483333333333334,0.8483245786793852,0.8430717863105175,0.851602023608769,0.8483245786793853,0.8865035716263099,0.8473154362416108,0.8447641351622617,5.238439723706335
1213,0.8483333333333334,0.8483218008938913,0.8414023372287145,0.8527918781725888,0.8483218008938914,0.8866804410339849,0.8470588235294118,0.8436558419819218,5.238439057375143
1214,0.845,0.8449967916577545,0.8430717863105175,0.8458961474036851,0.8449967916577545,0.8836506335237679,0.8444816053511705,0.8436351486802538,5.353571643680805
1215,0.8475,0.8475009652804592,0.8480801335559266,0.8466666666666667,0.8475009652804593,0.8852900667779633,0.8473728106755629,0.8477970627503337,5.267224702693529
1216,0.8466666666666667,0.8466690185250515,0.8480801335559266,0.8452579034941764,0.8466690185250516,0.8845856851917182,0.8466666666666667,0.8475141808475143,5.2960076826871445
1217,0.8408333333333333,0.8408342800952224,0.8414023372287145,0.84,0.8408342800952225,0.8802845019476905,0.8407005838198498,0.8411214953271029,5.4974858773177
1218,0.8308333333333333,0.8308148078189106,0.8196994991652755,0.8378839590443686,0.8308148078189107,0.8737917291048221,0.8286919831223628,0.8232729711602951,5.842872974935614
1219,0.8458333333333333,0.8458315161986558,0.8447412353923205,0.8461538461538461,0.8458315161986558,0.8841975407730834,0.8454469507101087,0.8450233800935204,5.32478933001838
1220,0.85,0.8500023611176698,0.8514190317195326,0.848585690515807,0.8500023611176699,0.8870856944510033,0.85,0.8508508508508509,5.18087709537506
1221,0.8383333333333334,0.8383384398289995,0.8414023372287145,0.8358208955223879,0.8383384398289996,0.8781949497088846,0.8386023294509151,0.8402800933644546,5.583834817298551
1222,0.8391666666666666,0.8391509420859502,0.8297161936560935,0.8452380952380952,0.8391509420859503,0.8799771444470944,0.8374052232518956,0.8327747989276139,5.5550471729865905
1223,0.85,0.849999583332176,0.8497495826377296,0.8497495826377296,0.8499995833321761,0.8872495826377296,0.8497495826377296,0.8497495826377296,5.1808764290438685
1224,0.8458333333333333,0.8458287384131622,0.8430717863105175,0.8473154362416108,0.8458287384131622,0.8843602779427309,0.8451882845188285,0.8439171122994651,5.324788663687186
1225,0.8408333333333333,0.8408315023097286,0.8397328881469115,0.8411371237458194,0.8408315023097287,0.8804350059463655,0.8404344193817878,0.8400133600534403,5.497485210986508
1226,0.8383333333333334,0.8383328842580118,0.8380634390651085,0.8380634390651085,0.8383328842580118,0.8784801057317752,0.8380634390651085,0.8380634390651085,5.583833484636169
1227,0.8491666666666666,0.8491565254347928,0.8430717863105175,0.8530405405405406,0.8491565254347929,0.8872228300921957,0.8480268681780017,0.8450468540829986,5.209656743712718
1228,0.8416666666666667,0.8416662268506301,0.8414023372287145,0.8414023372287145,0.8416662268506302,0.8809856705620478,0.8414023372287145,0.8414023372287145,5.46870289732408
1229,0.8391666666666666,0.8391648310134194,0.8380634390651085,0.8394648829431438,0.8391648310134195,0.8791808276707929,0.8387635756056809,0.8383433533734135,5.555050504642551
1230,0.8466666666666667,0.8466634629540637,0.8447412353923205,0.8475711892797321,0.8466634629540638,0.8849062123360263,0.8461538461538461,0.8453057133311058,5.296006350024761
1231,0.8441666666666666,0.8441787338298162,0.8514190317195326,0.8388157894736842,0.8441787338298163,0.8822007439299417,0.8450704225352113,0.8488681757656459,5.382357955330382
1232,0.8441666666666666,0.8441731782588285,0.8480801335559266,0.8410596026490066,0.8441731782588286,0.8824865347691333,0.8445552784704904,0.8466666666666667,5.382356622667997
1233,0.8441666666666666,0.8441759560443224,0.8497495826377296,0.8399339933993399,0.8441759560443225,0.8823417880185347,0.8448132780082988,0.8477681545636243,5.382357288999191
1234,0.8491666666666666,0.8491315253653482,0.8280467445742905,0.8641114982578397,0.8491315253653483,0.8889957880827317,0.8456947996589941,0.835016835016835,5.209650746731991
1235,0.84,0.8400051111253086,0.8430717863105175,0.8374792703150912,0.8400051111253087,0.8794421949794711,0.8402662229617305,0.8419473157719238,5.52626952364251
1236,0.8416666666666667,0.8416606712796424,0.8380634390651085,0.8436974789915966,0.8416606712796425,0.8812971256950193,0.8408710217755445,0.8391842193246406,5.4687015646617
1237,0.8375,0.8375064930735918,0.8414023372287145,0.8344370860927153,0.8375064930735918,0.8775030449940482,0.8379052369077307,0.8400000000000001,5.612617797292169
1238,0.8508333333333333,0.8508259745165958,0.8464106844741235,0.8535353535353535,0.8508259745165959,0.8883063523380718,0.8499580888516344,0.8478260869565216,5.152092116387866
1239,0.8458333333333333,0.8458370717696438,0.8480801335559266,0.8438538205980066,0.8458370717696441,0.8838836437436333,0.8459616985845128,0.8472314876584389,5.324790662680763
1240,0.8333333333333334,0.8333550926530351,0.8464106844741235,0.824390243902439,0.8333550926530351,0.8737337975216145,0.8352553542009884,0.8419129857190302,5.756534696253833
1241,0.8441666666666666,0.8441592893313592,0.8397328881469115,0.8468013468013468,0.8441592893313592,0.8832671174741292,0.8432523051131602,0.8411371237458193,5.382353291012038
1242,0.8466666666666667,0.8466634629540637,0.8447412353923205,0.8475711892797321,0.8466634629540638,0.8849062123360263,0.8461538461538461,0.8453057133311058,5.296006350024761
1243,0.8441666666666666,0.8441815116153101,0.8530884808013356,0.8377049180327869,0.8441815116153102,0.8820633660837279,0.8453267162944583,0.8499667332002663,5.382358621661574
1244,0.8441666666666666,0.8441648449023469,0.8430717863105175,0.8444816053511706,0.8441648449023469,0.8829433624975107,0.8437761069340016,0.8433533734134936,5.382354623674422
1245,0.8475,0.8474926319239775,0.8430717863105175,0.8501683501683501,0.8474926319239776,0.8857867349061005,0.8466051969823972,0.8444816053511706,5.267222703699952
1246,0.8441666666666666,0.8441592893313592,0.8397328881469115,0.8468013468013468,0.8441592893313592,0.8832671174741292,0.8432523051131602,0.8411371237458193,5.382353291012038
1247,0.8483333333333334,0.8483162453229036,0.8380634390651085,0.8551959114139693,0.8483162453229036,0.8870463419062056,0.8465430016863407,0.8414347971840428,5.2384377247127585
1248,0.845,0.8450051250142362,0.8480801335559266,0.8424543946932007,0.8450051250142363,0.8831839307912304,0.8452579034941765,0.8469489829943315,5.3535736426743785
1249,0.8441666666666666,0.8441565115458654,0.8380634390651085,0.847972972972973,0.8441565115458654,0.8834348726857074,0.8429890848026868,0.8400267737617134,5.382352624680847
1250,0.84,0.8399939999833332,0.8363939899833055,0.8420168067226891,0.8399939999833334,0.8800387316863307,0.8391959798994975,0.8375125376128385,5.526266858317743
1251,0.8333333333333334,0.8333384259400721,0.8363939899833055,0.8308457711442786,0.8333384259400721,0.8744532138971255,0.8336106489184693,0.8352784261420473,5.7565306982666815
1252,0.8491666666666666,0.8491565254347928,0.8430717863105175,0.8530405405405406,0.8491565254347929,0.8872228300921957,0.8480268681780017,0.8450468540829986,5.209656743712717
1253,0.84,0.8399939999833332,0.8363939899833055,0.8420168067226891,0.8399939999833334,0.8800387316863307,0.8391959798994975,0.8375125376128385,5.526266858317743
1254,0.835,0.8350050972363812,0.8380634390651085,0.8325041459369817,0.8350050972363813,0.8757004591677118,0.8352745424292845,0.8369456485495165,5.698965404610638
1255,0.8466666666666667,0.8466551295975822,0.8397328881469115,0.8510998307952623,0.8466551295975823,0.885416359471087,0.8453781512605042,0.8419819216605289,5.296004351031186
1256,0.8516666666666667,0.8516690324139791,0.8530884808013356,0.8502495840266223,0.8516690324139791,0.8883356990806457,0.8516666666666667,0.8525191858525191,5.123311801719017
1257,0.8425,0.84249261803505,0.8380634390651085,0.8451178451178452,0.84249261803505,0.8820073087581435,0.8415758591785415,0.8394648829431438,5.4399185846680815
1258,0.8491666666666666,0.8491481920783113,0.8380634390651085,0.856655290102389,0.8491481920783113,0.8877760312504155,0.8472573839662448,0.8417169684775319,5.209654744719142
1259,0.8483333333333334,0.8483356898213607,0.8497495826377296,0.8469217970049917,0.8483356898213608,0.8858356898213607,0.8483333333333334,0.8491825158491825,5.238442389031102
1260,0.8366666666666667,0.8366689907471965,0.8380634390651085,0.8352745424292846,0.8366689907471965,0.8770856574138632,0.8366666666666668,0.8375041708375042,5.641399444623402
1261,0.855,0.8549745971516587,0.8397328881469115,0.8657487091222031,0.8549745971516588,0.8927407986345574,0.8525423728813559,0.8448102116224386,5.008174551095013
1262,0.8466666666666667,0.8466606851685698,0.8430717863105175,0.8487394957983193,0.84666068516857,0.8850723077210851,0.8458961474036851,0.8441992644600468,5.29600568369357
1263,0.85,0.8499940277611882,0.8464106844741235,0.8521008403361344,0.8499940277611883,0.8875890957384625,0.8492462311557789,0.8475426278836508,5.1808750963814845
1264,0.8441666666666666,0.8441704004733346,0.8464106844741235,0.8421926910299004,0.8441704004733346,0.8826350210853453,0.8442964196502913,0.8455637091394261,5.382355956336807
1265,0.84,0.8400051111253086,0.8430717863105175,0.8374792703150912,0.8400051111253087,0.8794421949794711,0.8402662229617305,0.8419473157719238,5.526269523642509
1266,0.8466666666666667,0.8466662407395575,0.8464106844741235,0.8464106844741235,0.8466662407395577,0.8847440178074568,0.8464106844741235,0.8464106844741235,5.296007016355953
1267,0.8408333333333333,0.8408065022402841,0.8247078464106845,0.8517241379310345,0.8408065022402841,0.8819659921708595,0.8379983036471587,0.8299731182795699,5.497479214005781
1268,0.8441666666666666,0.8441648449023469,0.8430717863105175,0.8444816053511706,0.8441648449023469,0.8829433624975107,0.8437761069340016,0.8433533734134936,5.382354623674422
1269,0.8425,0.8424842846785685,0.8330550918196995,0.8486394557823129,0.8424842846785685,0.882513940467673,0.8407750631844987,0.8361260053619304,5.4399165856745055
1270,0.8341666666666666,0.8341787060519612,0.8414023372287145,0.8289473684210527,0.8341787060519612,0.8747581861582169,0.8351284175642087,0.8388814913448736,5.727749717266638
1271,0.8441666666666666,0.8441731782588285,0.8480801335559266,0.8410596026490066,0.8441731782588286,0.8824865347691333,0.8445552784704904,0.8466666666666667,5.382356622667997
1272,0.8441666666666666,0.8441704004733346,0.8464106844741235,0.8421926910299004,0.8441704004733346,0.8826350210853453,0.8442964196502913,0.8455637091394261,5.382355956336807
1273,0.8475,0.8475092986369407,0.8530884808013356,0.8432343234323433,0.8475092986369408,0.8848280687835062,0.8481327800829876,0.8510992671552299,5.267226701687104
1274,0.85,0.8499801388337189,0.8380634390651085,0.8581196581196581,0.8499801388337189,0.88850821525905,0.847972972972973,0.8419993290841999,5.1808717647255245
1275,0.8441666666666666,0.844162067116853,0.8414023372287145,0.8456375838926175,0.844162067116853,0.8831032938939992,0.8435146443514644,0.8422459893048129,5.3823539573432315
1276,0.8416666666666667,0.8416690046361239,0.8430717863105175,0.8402662229617305,0.841669004636124,0.8808356713027906,0.8416666666666667,0.8425091758425091,5.468703563655274
1277,0.85,0.8499884721902005,0.8430717863105175,0.8544839255499154,0.8499884721902006,0.8879445225968831,0.8487394957983193,0.8453297623033144,5.1808737637191005
1278,0.8408333333333333,0.8408342800952224,0.8414023372287145,0.84,0.8408342800952225,0.8802845019476905,0.8407005838198498,0.8411214953271029,5.4974858773177
1279,0.8458333333333333,0.8458204050566807,0.8380634390651085,0.8508474576271187,0.8458204050566808,0.8848721150127803,0.8444070647603028,0.8405894172806431,5.324786664693613
1280,0.8508333333333333,0.8508259745165958,0.8464106844741235,0.8535353535353535,0.8508259745165959,0.8883063523380718,0.8499580888516344,0.8478260869565216,5.152092116387866
1281,0.8483333333333334,0.8483301342503728,0.8464106844741235,0.8492462311557789,0.848330134250373,0.8861617911482845,0.8478260869565217,0.8469762779819578,5.238441056368719
1282,0.8558333333333333,0.8558176550490417,0.8464106844741235,0.8622448979591837,0.8558176550490417,0.8926611245499869,0.8542544229149115,0.8495308310991957,4.9793942364261605
1283,0.8525,0.8524815346709296,0.8414023372287145,0.8600682593856656,0.8524815346709296,0.8903186316405233,0.8506329113924049,0.8450704225352113,5.094524157407057
1284,0.835,0.8350023194508873,0.8363939899833055,0.8336106489184693,0.8350023194508874,0.8758356527842208,0.8350000000000001,0.8358358358358356,5.698964738279447
1285,0.8433333333333334,0.8433328981469392,0.8430717863105175,0.8430717863105175,0.8433328981469392,0.8822384529771842,0.8430717863105175,0.8430717863105175,5.411137603668039
1286,0.8541666666666666,0.8541593171092142,0.8497495826377296,0.8569023569023569,0.8541593171092142,0.8908259697700431,0.8533109807208719,0.8511705685618729,5.036961529075781
1287,0.8466666666666667,0.8466606851685698,0.8430717863105175,0.8487394957983193,0.84666068516857,0.8850723077210851,0.8458961474036851,0.8441992644600468,5.29600568369357
1288,0.8441666666666666,0.8441731782588285,0.8480801335559266,0.8410596026490066,0.8441731782588286,0.8824865347691333,0.8445552784704904,0.8466666666666667,5.382356622667997
1289,0.8525,0.8524620901724727,0.8297161936560935,0.8688811188811189,0.8524620901724727,0.8917986562686061,0.8488471391972672,0.8372641509433961,5.094519493088713
1290,0.8533333333333334,0.8533551482087449,0.8664440734557596,0.8439024390243902,0.8533551482087451,0.8885065895734082,0.8550247116968698,0.8618399202922618,5.065751172381316
1291,0.8425,0.8424898402495562,0.8363939899833055,0.8462837837837838,0.8424898402495562,0.8821722202168779,0.8413098236775819,0.8383534136546186,5.4399179183368895
1292,0.85,0.849999583332176,0.8497495826377296,0.8497495826377296,0.8499995833321761,0.8872495826377296,0.8497495826377296,0.8497495826377296,5.180876429043867
1293,0.8533333333333334,0.8533412592812758,0.8580968280467446,0.8495867768595041,0.8533412592812758,0.8892584691197909,0.8538205980066446,0.8563812062645785,5.065747840725356
1294,0.8483333333333334,0.8483301342503728,0.8464106844741235,0.8492462311557789,0.848330134250373,0.8861617911482845,0.8478260869565217,0.8469762779819578,5.238441056368719
1295,0.8541666666666666,0.8541732060366835,0.8580968280467446,0.8509933774834437,0.8541732060366835,0.8899617694317609,0.8545303408146301,0.8566666666666666,5.0369648607317385
1296,0.8533333333333334,0.8533218147828188,0.8464106844741235,0.8578680203045685,0.8533218147828188,0.8904726857226793,0.8521008403361344,0.8486776029460997,5.065743176407014
1297,0.8541666666666666,0.8541454281817449,0.8414023372287145,0.8630136986301371,0.854145428181745,0.891791351262759,0.8520710059171597,0.8456375838926175,5.036958197419822
1298,0.8575,0.8574732152033755,0.8414023372287145,0.8689655172413793,0.8574732152033755,0.8947672605683803,0.8549618320610686,0.8467741935483871,4.921826277445351
1299,0.855,0.8549940416501157,0.8514190317195326,0.8571428571428571,0.8549940416501157,0.8913642777645282,0.8542713567839196,0.8525576730190574,5.008179215413355
1300,0.8458333333333333,0.8458231828421745,0.8397328881469115,0.8496621621621622,0.8458231828421746,0.8846975251545368,0.8446683459277917,0.8417001338688085,5.324787331024804
1301,0.8566666666666667,0.8566634907319187,0.8547579298831386,0.8576214405360134,0.8566634907319187,0.8924396852095758,0.8561872909698997,0.8553291012362177,4.950614588088504
1302,0.8575,0.8574704374178816,0.8397328881469115,0.8702422145328721,0.8574704374178816,0.8949875513398918,0.8547153780798641,0.8456624075319434,4.921825611114159
1303,0.8475,0.8474870763529898,0.8397328881469115,0.8525423728813559,0.8474870763529899,0.8861376305141337,0.8460891505466779,0.8422638981915606,5.267221371037569
1304,0.845,0.8449940138722607,0.8414023372287145,0.8470588235294118,0.8449940138722607,0.8838139137123966,0.8442211055276382,0.8425275827482448,5.353570977349612
1305,0.8616666666666667,0.8616440601223893,0.8480801335559266,0.8713550600343053,0.8616440601223894,0.8976342634617827,0.8595600676818951,0.8526351124538437,4.777914042802032
1306,0.8558333333333333,0.8558176550490417,0.8464106844741235,0.8622448979591837,0.8558176550490417,0.8926611245499869,0.8542544229149115,0.8495308310991957,4.979394236426162
1307,0.8416666666666667,0.8416551157086547,0.8347245409015025,0.8460236886632826,0.8416551157086547,0.8816241147823924,0.8403361344537815,0.8369601606963508,5.468700231999315
1308,0.8558333333333333,0.8558204328345357,0.8480801335559266,0.8610169491525423,0.8558204328345357,0.8924652080209011,0.8544995794785535,0.8506363027461488,4.979394902757353
1309,0.85,0.8499773610482251,0.8363939899833055,0.8593481989708405,0.8499773610482251,0.8887044278104063,0.8477157360406091,0.8408862034239678,5.1808710983943325
1310,0.85,0.8499912499756943,0.8447412353923205,0.8532883642495784,0.8499912499756944,0.8877647998209496,0.8489932885906041,0.8464369354299097,5.1808744300502925
1311,0.8516666666666667,0.8516551434865096,0.8447412353923205,0.8561759729272421,0.8516551434865096,0.8892086041597813,0.850420168067227,0.847003682624707,5.123308470063057
1312,0.8483333333333334,0.8483134675374098,0.8363939899833055,0.8564102564102564,0.8483134675374098,0.8872354565301143,0.8462837837837838,0.8403220395840322,5.2384370583815665
1313,0.8533333333333334,0.8533079258553495,0.8380634390651085,0.8640275387263339,0.8533079258553496,0.8914621555623878,0.8508474576271186,0.8431306684581793,5.065739844751056
1314,0.85,0.8499912499756943,0.8447412353923205,0.8532883642495784,0.8499912499756944,0.8877647998209496,0.8489932885906041,0.8464369354299097,5.1808744300502925
1315,0.8425,0.8424787291075808,0.8297161936560935,0.851027397260274,0.8424787291075809,0.8828717954581837,0.8402366863905326,0.8338926174496644,5.4399152530121215
1316,0.8475,0.8474926319239775,0.8430717863105175,0.8501683501683501,0.8474926319239776,0.8857867349061005,0.8466051969823972,0.8444816053511706,5.267222703699952
1317,0.8566666666666667,0.8566412684479678,0.8414023372287145,0.8674698795180723,0.8566412684479681,0.8940194417067268,0.8542372881355932,0.846489754786698,4.95060925743897
1318,0.8533333333333334,0.8533357037102881,0.8547579298831386,0.8519134775374376,0.8533357037102881,0.8895857037102881,0.8533333333333334,0.8541875208541876,5.065746508062974
1319,0.8558333333333333,0.8558176550490417,0.8464106844741235,0.8622448979591837,0.8558176550490417,0.8926611245499869,0.8542544229149115,0.8495308310991957,4.9793942364261605
1320,0.8491666666666666,0.8491537476492991,0.8414023372287145,0.8542372881355932,0.8491537476492991,0.8874031460154872,0.8477712363330528,0.8439383791024784,5.209656077381526
1321,0.8525,0.8525065347403743,0.8564273789649416,0.8493377483443708,0.8525065347403743,0.8887158969879895,0.8528678304239402,0.8550000000000001,5.094530154387782
1322,0.8533333333333334,0.8533190369973249,0.8447412353923205,0.8590831918505942,0.8533190369973249,0.8906622136214574,0.8518518518518517,0.8475711892797321,5.065742510075823
1323,0.8425,0.8425148403190009,0.8514190317195326,0.8360655737704918,0.8425148403190009,0.8808256360783455,0.8436724565756825,0.8483033932135728,5.439923915317617
1324,0.8566666666666667,0.8566468240189555,0.8447412353923205,0.864957264957265,0.8566468240189556,0.8935992501747928,0.8547297297297297,0.8487084870848709,4.950610590101352
1325,0.8533333333333334,0.8533134814263372,0.8414023372287145,0.8615384615384616,0.8533134814263372,0.8910537327169213,0.8513513513513513,0.8453539080845355,5.065741177413439
1326,0.855,0.8549995972211034,0.8547579298831386,0.8547579298831386,0.8549995972211034,0.8910079298831386,0.8547579298831386,0.8547579298831386,5.008180548075739
1327,0.8433333333333334,0.84331900921947,0.8347245409015025,0.8488964346349746,0.8433190092194701,0.8830604877682385,0.8417508417508418,0.8375209380234506,5.41113427201208
1328,0.8658333333333333,0.8658204606123906,0.8580968280467446,0.8711864406779661,0.8658204606123906,0.9000583010290221,0.8645920941968042,0.8606831882116543,4.634003140821097
1329,0.8633333333333333,0.8633246203461676,0.8580968280467446,0.8667790893760541,0.8633246203461676,0.8978546253780659,0.8624161073825504,0.8598193375710941,4.720352080801948
1330,0.8416666666666667,0.8416523379231609,0.8330550918196995,0.8471986417657046,0.8416523379231609,0.8817935334593687,0.8400673400673401,0.8358458961474036,5.468699565668123
1331,0.8541666666666666,0.8541454281817449,0.8414023372287145,0.8630136986301371,0.854145428181745,0.891791351262759,0.8520710059171597,0.8456375838926175,5.036958197419821
1332,0.8583333333333333,0.8583329398137217,0.8580968280467446,0.8580968280467446,0.8583329398137217,0.8935134947134113,0.8580968280467446,0.8580968280467446,4.893049960763654
1333,0.8583333333333333,0.8583246064572402,0.8530884808013356,0.8617200674536256,0.8583246064572402,0.8940709407941473,0.8573825503355704,0.85480093676815,4.893047961770077
1334,0.8566666666666667,0.8566496018044494,0.8464106844741235,0.8637137989778535,0.8566496018044494,0.8933955750593218,0.8549747048903878,0.8498156218571907,4.950611256432545
1335,0.8466666666666667,0.8466690185250515,0.8480801335559266,0.8452579034941764,0.8466690185250516,0.8845856851917182,0.8466666666666667,0.8475141808475143,5.2960076826871445
1336,0.8641666666666666,0.8641399003886122,0.8480801335559266,0.8758620689655172,0.8641399003886123,0.8998877679273886,0.8617472434266328,0.8534946236559141,4.69156510282118
1337,0.8575,0.8575093264147956,0.8631051752921536,0.8531353135313532,0.8575093264147956,0.8922869110784202,0.8580912863070539,0.8610926049300467,4.9218349397508465
1338,0.8575,0.8575065486293018,0.8614357262103506,0.8543046357615894,0.8575065486293018,0.8924535143193033,0.8578553615960101,0.8600000000000001,4.921834273419653
1339,0.8508333333333333,0.8508315300875836,0.8497495826377296,0.8511705685618729,0.8508315300875837,0.8879600755998012,0.8504594820384294,0.8500334001336006,5.15209344905025
1340,0.8625,0.8624926735907601,0.8580968280467446,0.8653198653198653,0.8624926735907601,0.8971250133499716,0.8616932103939648,0.8595317725752508,4.749135060795567
1341,0.8375,0.8374926041461226,0.8330550918196995,0.8400673400673401,0.8374926041461226,0.8782278826101865,0.8365465213746857,0.8344481605351171,5.612614465636209
1342,0.8525,0.8524898680274111,0.8464106844741235,0.8564189189189191,0.8524898680274111,0.8897481350298545,0.8513853904282115,0.8483935742971886,5.094526156400631
1343,0.855,0.8549829305081402,0.8447412353923205,0.8620102214650767,0.8549829305081402,0.8921257284286985,0.8532883642495784,0.8481394569225612,5.008176550088588
1344,0.855,0.8549884860791279,0.8480801335559266,0.8595600676818951,0.8549884860791279,0.8917367672855775,0.8537815126050422,0.8503515232674924,5.008177882750972
1345,0.8516666666666667,0.8516551434865096,0.8447412353923205,0.8561759729272421,0.8516551434865096,0.8892086041597813,0.850420168067227,0.847003682624707,5.123308470063057
1346,0.8591666666666666,0.8591676643546232,0.8597662771285476,0.8583333333333333,0.8591676643546232,0.8940498052309405,0.8590492076730608,0.8594793057409879,4.864267647101227
1347,0.8533333333333334,0.8533329259247943,0.8530884808013356,0.8530884808013356,0.8533329259247943,0.8897551474680023,0.8530884808013356,0.8530884808013356,5.065745841731782
1348,0.8591666666666666,0.8591565532126478,0.8530884808013356,0.8631756756756757,0.8591565532126478,0.8947987449051723,0.8581024349286315,0.855087014725569,4.86426498177646
1349,0.865,0.8649718471440199,0.8480801335559266,0.8773747841105354,0.8649718471440199,0.9006441254998976,0.8624787775891342,0.8537815126050421,4.662782122827561
1350,0.8525,0.8524926458129051,0.8480801335559266,0.8552188552188552,0.8524926458129051,0.8895661610540575,0.8516345347862532,0.8494983277591974,5.094526822731823
1351,0.8641666666666666,0.8641399003886122,0.8480801335559266,0.8758620689655172,0.8641399003886123,0.8998877679273886,0.8617472434266328,0.8534946236559141,4.69156510282118
1352,0.8525,0.8524759790999419,0.8380634390651085,0.8625429553264605,0.852475979099942,0.8907198638624512,0.8501270110076207,0.8428475486903962,5.094522824744673
1353,0.8475,0.8474898541384837,0.8414023372287145,0.8513513513513513,0.8474898541384838,0.8859601776233662,0.8463476070528967,0.8433734939759034,5.267222037368762
1354,0.8508333333333333,0.850803752232645,0.8330550918196995,0.8633217993079585,0.850803752232645,0.8898551122304956,0.8479184367034834,0.8389374579690653,5.152086785738332
1355,0.8541666666666666,0.8541648726802019,0.8530884808013356,0.8545150501672241,0.8541648726802019,0.8904684321509464,0.8538011695906433,0.8533734134936541,5.036962861738163
1356,0.8516666666666667,0.8516495879155219,0.8414023372287145,0.858603066439523,0.8516495879155219,0.8895860351674522,0.8499156829679595,0.8447871270533018,5.123307137400674
1357,0.8516666666666667,0.8516551434865096,0.8447412353923205,0.8561759729272421,0.8516551434865096,0.8892086041597813,0.850420168067227,0.847003682624707,5.123308470063057
1358,0.855,0.8549773749371525,0.8414023372287145,0.8644939965694682,0.8549773749371526,0.8925315002324247,0.8527918781725888,0.8459214501510574,5.008175217426204
1359,0.8641666666666666,0.8641426781741061,0.8497495826377296,0.8745704467353952,0.8641426781741062,0.8996600146865623,0.8619813717188822,0.8546004029550036,4.691565769152371
1360,0.8658333333333333,0.8658204606123906,0.8580968280467446,0.8711864406779661,0.8658204606123906,0.9000583010290221,0.8645920941968042,0.8606831882116543,4.634003140821097
1361,0.8616666666666667,0.8616273934094261,0.8380634390651085,0.8791593695271454,0.8616273934094261,0.8990280709627936,0.8581196581196581,0.8459723626558813,4.777910044814882
1362,0.85,0.849999583332176,0.8497495826377296,0.8497495826377296,0.8499995833321761,0.8872495826377296,0.8497495826377296,0.8497495826377296,5.1808764290438685
1363,0.8508333333333333,0.8508204189456081,0.8430717863105175,0.8559322033898306,0.8508204189456081,0.8886686615168407,0.8494533221194279,0.8456128600133959,5.152090783725483
1364,0.855,0.8549940416501157,0.8514190317195326,0.8571428571428571,0.8549940416501157,0.8913642777645282,0.8542713567839196,0.8525576730190574,5.008179215413355
1365,0.8591666666666666,0.859134330928697,0.8397328881469115,0.8732638888888888,0.859134330928697,0.8964983885179002,0.8561702127659574,0.8462314939434725,4.8642596511269245
1366,0.8566666666666667,0.8566468240189555,0.8447412353923205,0.864957264957265,0.8566468240189556,0.8935992501747928,0.8547297297297297,0.8487084870848709,4.950610590101352
1367,0.8558333333333333,0.8558037661215725,0.8380634390651085,0.8685121107266436,0.8558037661215725,0.8937044415625427,0.853016142735769,0.8439811701412239,4.979390904770202
1368,0.8533333333333334,0.8533107036408434,0.8397328881469115,0.8627787307032591,0.8533107036408435,0.8912558094250853,0.8510998307952623,0.844243034575361,5.065740511082248
1369,0.8591666666666666,0.8591371087141908,0.8414023372287145,0.8719723183391004,0.8591371087141908,0.8962706611172409,0.8564146134239592,0.847343644922663,4.864260317458117
1370,0.8616666666666667,0.8616440601223893,0.8480801335559266,0.8713550600343053,0.8616440601223894,0.8976342634617827,0.8595600676818951,0.8526351124538437,4.777914042802032
1371,0.8608333333333333,0.8608121133669816,0.8480801335559266,0.8698630136986302,0.8608121133669817,0.8968882402939451,0.8588334742180896,0.8523489932885906,4.806697022795649
1372,0.8583333333333333,0.8583107175297708,0.8447412353923205,0.8679245283018868,0.8583107175297711,0.8950828818471036,0.8561759729272421,0.8492782813024504,4.893044630114119
1373,0.8475,0.847484298567496,0.8380634390651085,0.8537414965986394,0.8474842985674961,0.8863191344985406,0.8458298230834035,0.8411528150134047,5.267220704706377
1374,0.8525,0.8524843124564234,0.8430717863105175,0.8588435374149659,0.8524843124564234,0.8901243285294085,0.8508845829823084,0.8461796246648792,5.094524823738247
1375,0.8591666666666666,0.8591621087836355,0.8564273789649416,0.8607382550335569,0.8591621087836355,0.8944161503325826,0.8585774058577407,0.8572860962566845,4.864266314438844
1376,0.8541666666666666,0.8541426503962509,0.8397328881469115,0.8642611683848798,0.8541426503962511,0.8919970282658957,0.8518204911092295,0.8445265278710545,5.03695753108863
1377,0.8541666666666666,0.8541426503962509,0.8397328881469115,0.8642611683848798,0.8541426503962511,0.8919970282658957,0.8518204911092295,0.8445265278710545,5.03695753108863
1378,0.8566666666666667,0.8566496018044494,0.8464106844741235,0.8637137989778535,0.8566496018044494,0.8933955750593218,0.8549747048903878,0.8498156218571907,4.950611256432544
1379,0.8533333333333334,0.8533134814263372,0.8414023372287145,0.8615384615384616,0.8533134814263372,0.8910537327169213,0.8513513513513513,0.8453539080845355,5.065741177413439
1380,0.8566666666666667,0.8566746018738941,0.8614357262103506,0.8528925619834711,0.8566746018738941,0.8917474774302442,0.8571428571428571,0.8597134288570476,4.950617253413271
1381,0.8616666666666667,0.8616385045514015,0.8447412353923205,0.8739205526770294,0.8616385045514015,0.8980808940346751,0.8590831918505942,0.8504201680672268,4.777912710139648
1382,0.8566666666666667,0.8566496018044494,0.8464106844741235,0.8637137989778535,0.8566496018044494,0.8933955750593218,0.8549747048903878,0.8498156218571907,4.950611256432545
1383,0.86,0.8599662776841046,0.8397328881469115,0.8747826086956522,0.8599662776841047,0.8972577484212818,0.8568994889267462,0.8465163244698753,4.835476671133307
1384,0.8616666666666667,0.8616690601918339,0.8631051752921536,0.8602329450915142,0.8616690601918339,0.8958357268585005,0.8616666666666667,0.8625291958625291,4.7779200397827575
1385,0.855,0.8549773749371525,0.8414023372287145,0.8644939965694682,0.8549773749371526,0.8925315002324247,0.8527918781725888,0.8459214501510574,5.008175217426204
1386,0.8525,0.8524954235983989,0.8497495826377296,0.8540268456375839,0.8524954235983989,0.8893882141376568,0.8518828451882845,0.850601604278075,5.094527489063014
1387,0.8616666666666667,0.8616579490498585,0.8564273789649416,0.8650927487352446,0.8616579490498585,0.8965933971834265,0.8607382550335569,0.8581465373034459,4.777917374457991
1388,0.8566666666666667,0.8566662685174126,0.8564273789649416,0.8564273789649416,0.8566662685174126,0.8922607122982751,0.8564273789649416,0.8564273789649416,4.950615254419696
1389,0.8616666666666667,0.8616301711949199,0.8397328881469115,0.8778359511343804,0.8616301711949201,0.8987844196406459,0.8583617747440272,0.8470865611316942,4.777910711146074
1390,0.8625,0.8624815624487846,0.8514190317195326,0.8703071672354948,0.8624815624487846,0.897946432810847,0.8607594936708861,0.8551307847082495,4.749132395470799
1391,0.8608333333333333,0.8608204467234631,0.8530884808013356,0.8661016949152542,0.8608204467234631,0.8962617545249616,0.8595458368376786,0.8556597454789017,4.8066990217892265
1392,0.855,0.8550023750065973,0.8564273789649416,0.8535773710482529,0.8550023750065973,0.8908357083399305,0.855,0.8558558558558558,5.008181214406932
1393,0.85,0.8499940277611882,0.8464106844741235,0.8521008403361344,0.8499940277611883,0.8875890957384625,0.8492462311557789,0.8475426278836508,5.1808750963814845
1394,0.8641666666666666,0.8641482337450938,0.8530884808013356,0.8720136518771331,0.8641482337450938,0.8992177330059008,0.8624472573839662,0.8568075117370891,4.691567101814755
1395,0.8691666666666666,0.8691454698485274,0.8564273789649416,0.8784246575342466,0.8691454698485274,0.9032593515829274,0.8672865595942519,0.8607382550335569,4.518870554515434
1396,0.8616666666666667,0.8616579490498585,0.8564273789649416,0.8650927487352446,0.8616579490498585,0.8965933971834265,0.8607382550335569,0.8581465373034459,4.777917374457991
1397,0.8591666666666666,0.8591482198561663,0.8480801335559266,0.8668941979522184,0.8591482198561664,0.8954038324207392,0.8573839662447257,0.8517773306505702,4.8642629827828845
1398,0.8683333333333333,0.8682968563801565,0.8464106844741235,0.8848167539267016,0.8682968563801565,0.903947052533746,0.8651877133105802,0.8538228359717076,4.547649536521902
1399,0.855,0.8549940416501157,0.8514190317195326,0.8571428571428571,0.8549940416501157,0.8913642777645282,0.8542713567839196,0.8525576730190574,5.008179215413355
1400,0.8641666666666666,0.8641315670321306,0.8430717863105175,0.8797909407665505,0.8641315670321307,0.9005980302052007,0.8610400682011935,0.8501683501683502,4.6915631038276056
1401,0.8666666666666667,0.8666412962258229,0.8514190317195326,0.8777969018932874,0.866641296225823,0.9016913001397432,0.8644067796610171,0.856567013772254,4.6052174955027105
1402,0.87,0.8699663054619596,0.8497495826377296,0.8852173913043478,0.8699663054619596,0.9049834869710388,0.8671209540034072,0.8566139347021204,4.4900849091970505
1403,0.8533333333333334,0.8533329259247943,0.8530884808013356,0.8530884808013356,0.8533329259247943,0.8897551474680023,0.8530884808013356,0.8530884808013356,5.065745841731782
1404,0.8608333333333333,0.8608121133669816,0.8480801335559266,0.8698630136986302,0.8608121133669817,0.8968882402939451,0.8588334742180896,0.8523489932885906,4.8066970227956505
1405,0.85,0.8499829166192128,0.8397328881469115,0.8568994889267462,0.8499829166192128,0.8883161885368288,0.8482293423271501,0.8431109621186724,5.1808724310567165
1406,0.8566666666666667,0.8566579351609309,0.8514190317195326,0.8600337268128162,0.8566579351609309,0.8928097125995077,0.8557046979865771,0.8531281365005018,4.95061325542612
1407,0.8558333333333333,0.8558176550490417,0.8464106844741235,0.8622448979591837,0.8558176550490417,0.8926611245499869,0.8542544229149115,0.8495308310991957,4.9793942364261605
1408,0.8641666666666666,0.8641537893160814,0.8564273789649416,0.8694915254237288,0.8641537893160814,0.8987927855276685,0.8629100084104291,0.8590087073007368,4.691568434477139
1409,0.8641666666666666,0.8641510115305876,0.8547579298831386,0.8707482993197279,0.8641510115305876,0.8990031146014333,0.8626790227464195,0.8579088471849866,4.691567768145948
1410,0.8583333333333333,0.8583190508862525,0.8497495826377296,0.8641765704584041,0.8583190508862525,0.8944630765480668,0.8569023569023569,0.8525963149078728,4.893046629107693
1411,0.855,0.8549940416501157,0.8514190317195326,0.8571428571428571,0.8549940416501157,0.8913642777645282,0.8542713567839196,0.8525576730190574,5.008179215413355
1412,0.8558333333333333,0.8558426551184865,0.8614357262103506,0.8514851485148515,0.8558426551184865,0.8910437706959343,0.8564315352697096,0.859427048634244,4.979400233406888
1413,0.865,0.8649607360020444,0.8414023372287145,0.882661996497373,0.8649607360020444,0.901615500196377,0.8615384615384615,0.8493427704752274,4.662779457502796
1414,0.855,0.855007930577585,0.8597662771285476,0.8512396694214877,0.855007930577585,0.8905029732750176,0.8554817275747508,0.8580473175608131,5.008182547069313
1415,0.8558333333333333,0.8558204328345357,0.8480801335559266,0.8610169491525423,0.8558204328345357,0.8924652080209011,0.8544995794785535,0.8506363027461488,4.979394902757353
1416,0.8583333333333333,0.8583357175992156,0.8597662771285476,0.8569051580698835,0.8583357175992156,0.8933357175992156,0.8583333333333334,0.8591925258591925,4.893050627094844
1417,0.8508333333333333,0.8508370856585713,0.8530884808013356,0.8488372093023255,0.8508370856585714,0.8876295117184971,0.8509575353871774,0.852234823215477,5.152094781712634
1418,0.8691666666666666,0.8691399142775397,0.8530884808013356,0.8810344827586207,0.8691399142775397,0.9037281484466448,0.8668363019508057,0.8585349462365592,4.51886922185305
1419,0.8525,0.8525037569548805,0.8547579298831386,0.8504983388704319,0.8525037569548805,0.8888781343767853,0.8526228143213991,0.8539026017344897,5.09452948805659
1420,0.86,0.8599912777535493,0.8547579298831386,0.863406408094435,0.8599912777535493,0.8953321689887869,0.8590604026845636,0.8564737370357979,4.835482668114033
1421,0.8558333333333333,0.8558287661910172,0.8530884808013356,0.8573825503355704,0.8558287661910172,0.8919021822351196,0.8552301255230126,0.8539438502673797,4.9793969017509285
1422,0.86,0.8599940555390432,0.8564273789649416,0.8621848739495799,0.8599940555390432,0.8951394597905942,0.8592964824120604,0.8575727181544636,4.835483334445227
1423,0.86,0.8599746110405861,0.8447412353923205,0.8709122203098106,0.8599746110405863,0.8965767278510655,0.8576271186440677,0.8498488411152166,4.835478670126883
1424,0.8508333333333333,0.8508287523020898,0.8480801335559266,0.8523489932885906,0.8508287523020899,0.8881312300889252,0.8502092050209205,0.8489304812834224,5.152092782719058
1425,0.8466666666666667,0.8466523518120883,0.8380634390651085,0.8522920203735145,0.8466523518120884,0.8855943963859781,0.8451178451178452,0.8408710217755444,5.296003684699994
1426,0.8533333333333334,0.8533190369973249,0.8447412353923205,0.8590831918505942,0.8533190369973249,0.8906622136214574,0.8518518518518517,0.8475711892797321,5.065742510075823
1427,0.8608333333333333,0.8608260022944508,0.8564273789649416,0.8636363636363636,0.8608260022944508,0.8958652046339859,0.8600167644593462,0.8578595317725752,4.8067003544516105
1428,0.855,0.8549773749371525,0.8414023372287145,0.8644939965694682,0.8549773749371526,0.8925315002324247,0.8527918781725888,0.8459214501510574,5.008175217426204
1429,0.8575,0.8574898819163387,0.8514190317195326,0.8614864864864865,0.8574898819163387,0.8935360924363428,0.8564231738035265,0.8534136546184741,4.921830275432503
1430,0.8641666666666666,0.8641565671015753,0.8580968280467446,0.8682432432432432,0.8641565671015753,0.8985867023116605,0.8631402183039464,0.860107095046854,4.691569100808331
1431,0.8525,0.8525009791693866,0.8530884808013356,0.8516666666666667,0.8525009791693867,0.8890442404006678,0.8523769808173478,0.8528037383177571,5.094528821725398
1432,0.8566666666666667,0.8566440462334617,0.8430717863105175,0.8662092624356775,0.8566440462334618,0.8938071910397642,0.8544839255499155,0.8475998657267539,4.95060992377016
1433,0.8558333333333333,0.8558093216925602,0.8414023372287145,0.865979381443299,0.8558093216925603,0.8932741926693399,0.8535139712108383,0.8462055070517126,4.979392237432586
1434,0.8541666666666666,0.8541509837527326,0.8447412353923205,0.8605442176870748,0.8541509837527326,0.8913927265396976,0.85256950294861,0.8478552278820374,5.036959530082205
1435,0.8458333333333333,0.8458231828421745,0.8397328881469115,0.8496621621621622,0.8458231828421746,0.8846975251545368,0.8446683459277917,0.8417001338688085,5.324787331024804
1436,0.8633333333333333,0.8632968424912291,0.8414023372287145,0.8795811518324608,0.8632968424912292,0.9000750778639209,0.8600682593856656,0.8487706298416975,4.72034541749003
1437,0.8491666666666666,0.8491704143622621,0.8514190317195326,0.8471760797342193,0.8491704143622623,0.8863808890602093,0.8492922564529559,0.8505670446964644,5.209660075368677
1438,0.8658333333333333,0.8658149050414029,0.8547579298831386,0.8737201365187713,0.8658149050414029,0.900489033200955,0.8641350210970464,0.858484238765929,4.634001808158713
1439,0.8525,0.8524815346709296,0.8414023372287145,0.8600682593856656,0.8524815346709296,0.8903186316405233,0.8506329113924049,0.8450704225352113,5.094524157407057
1440,0.8533333333333334,0.8533134814263372,0.8414023372287145,0.8615384615384616,0.8533134814263372,0.8910537327169213,0.8513513513513513,0.8453539080845355,5.065741177413439
1441,0.8533333333333334,0.8533218147828188,0.8464106844741235,0.8578680203045685,0.8533218147828188,0.8904726857226793,0.8521008403361344,0.8486776029460997,5.065743176407014
1442,0.8633333333333333,0.8633079536332046,0.8480801335559266,0.8743545611015491,0.8633079536332047,0.8991340139954045,0.8610169491525423,0.8532079274437354,4.720348082814797
1443,0.8608333333333333,0.8608176689379693,0.8514190317195326,0.8673469387755102,0.8608176689379693,0.8964663185808547,0.8593091828138163,0.8545576407506702,4.806698355458033
1444,0.8541666666666666,0.8541509837527326,0.8447412353923205,0.8605442176870748,0.8541509837527326,0.8913927265396976,0.85256950294861,0.8478552278820374,5.036959530082205
1445,0.8633333333333333,0.8633301759171553,0.8614357262103506,0.864321608040201,0.8633301759171554,0.897462000458609,0.8628762541806021,0.8620113598396257,4.720353413464332
1446,0.8583333333333333,0.8583051619587831,0.8414023372287145,0.8704663212435233,0.8583051619587831,0.8955176625694522,0.8556876061120543,0.8470588235294116,4.893043297451735
1447,0.8575,0.857481548559857,0.8464106844741235,0.8651877133105802,0.857481548559857,0.8941325322256851,0.8556962025316455,0.8501006036217305,4.921828276438927
1448,0.8591666666666666,0.8591565532126478,0.8530884808013356,0.8631756756756757,0.8591565532126478,0.8947987449051723,0.8581024349286315,0.855087014725569,4.86426498177646
1449,0.85,0.8499856944047066,0.8414023372287145,0.8556876061120543,0.8499856944047066,0.8881283050037178,0.8484848484848486,0.8442211055276381,5.1808730973879085
1450,0.8683333333333333,0.8683107453076259,0.8547579298831386,0.8782161234991424,0.8683107453076259,0.9027370266911404,0.8663282571912014,0.8593487747566299,4.5476528681778605
1451,0.8625,0.8624898958052661,0.8564273789649416,0.8665540540540541,0.8624898958052661,0.8973240498428311,0.8614609571788413,0.858433734939759,4.749134394464374
1452,0.865,0.8649940694279706,0.8614357262103506,0.8672268907563025,0.8649940694279707,0.8989146418166598,0.864321608040201,0.8625877632898696,4.6627874534770966
1453,0.8625,0.8624704513068091,0.8447412353923205,0.8754325259515571,0.8624704513068091,0.8988368806719388,0.8598130841121494,0.8507061197041023,4.749129730146032
1454,0.8558333333333333,0.8558259884055234,0.8514190317195326,0.8585858585858586,0.8558259884055234,0.8920857784860291,0.8549874266554903,0.8528428093645484,4.979396235419737
1455,0.8625,0.8624787846632908,0.8497495826377296,0.8715753424657534,0.8624787846632909,0.8981624625517415,0.8605240912933221,0.8540268456375839,4.749131729139607
1456,0.8633333333333333,0.8633301759171553,0.8614357262103506,0.864321608040201,0.8633301759171554,0.897462000458609,0.8628762541806021,0.8620113598396257,4.720353413464332
1457,0.8591666666666666,0.8591565532126478,0.8530884808013356,0.8631756756756757,0.8591565532126478,0.8947987449051723,0.8581024349286315,0.855087014725569,4.86426498177646
1458,0.8725,0.8724788124411457,0.8597662771285476,0.8818493150684932,0.8724788124411458,0.9058077960985204,0.8706677937447169,0.8640939597315436,4.403739967203349
1459,0.86,0.8599884999680555,0.8530884808013356,0.8646362098138748,0.8599884999680555,0.8955290119742718,0.8588235294117647,0.8553732842316707,4.835482001782841
1460,0.8516666666666667,0.8516606990574974,0.8480801335559266,0.853781512605042,0.8516606990574974,0.8888474897471509,0.8509212730318257,0.8492143095954532,5.123309802725442
1461,0.86,0.8599996111100309,0.8597662771285476,0.8597662771285476,0.8599996111100309,0.8947662771285476,0.8597662771285476,0.8597662771285476,4.83548466710761
1462,0.8575,0.8574926597018325,0.8530884808013356,0.8602693602693603,0.8574926597018325,0.8933455872020145,0.8566638725901089,0.8545150501672241,4.921830941763695
1463,0.8516666666666667,0.8516523657010158,0.8430717863105175,0.8573853989813243,0.8516523657010158,0.8893952593125876,0.8501683501683501,0.8458961474036851,5.1233078037318664
1464,0.8575,0.8574871041308448,0.8497495826377296,0.8627118644067797,0.8574871041308448,0.8937307235222547,0.8561816652649286,0.8523107836570665,4.921829609101311
1465,0.8516666666666667,0.8516690324139791,0.8530884808013356,0.8502495840266223,0.8516690324139791,0.8883356990806457,0.8516666666666667,0.8525191858525191,5.123311801719017
1466,0.8683333333333333,0.8683246342350951,0.8631051752921536,0.8718381112984823,0.8683246342350952,0.9016383099619848,0.8674496644295302,0.8648377383740381,4.547656199833818
1467,0.8641666666666666,0.8641426781741061,0.8497495826377296,0.8745704467353952,0.8641426781741062,0.8996600146865623,0.8619813717188822,0.8546004029550036,4.691565769152371
1468,0.8508333333333333,0.8508343078730775,0.8514190317195326,0.85,0.8508343078730776,0.8877928491930996,0.8507089241034195,0.8511348464619494,5.152094115381441
1469,0.8541666666666666,0.8541454281817449,0.8414023372287145,0.8630136986301371,0.854145428181745,0.891791351262759,0.8520710059171597,0.8456375838926175,5.036958197419822
1470,0.8558333333333333,0.8558204328345357,0.8480801335559266,0.8610169491525423,0.8558204328345357,0.8924652080209011,0.8544995794785535,0.8506363027461488,4.979394902757353
1471,0.8525,0.8525093125258681,0.8580968280467446,0.8481848184818482,0.8525093125258681,0.8885574899309631,0.8531120331950208,0.8560959360426382,5.0945308207189735
1472,0.8633333333333333,0.8633273981316615,0.8597662771285476,0.8655462184873951,0.8633273981316616,0.8976562478079713,0.8626465661641541,0.8609160815780676,4.7203527471331395
1473,0.8566666666666667,0.8566412684479678,0.8414023372287145,0.8674698795180723,0.8566412684479681,0.8940194417067268,0.8542372881355932,0.846489754786698,4.950609257438969
1474,0.8666666666666667,0.8666385184403291,0.8497495826377296,0.8791018998272885,0.8666385184403291,0.9019257412325092,0.8641765704584042,0.8554621848739495,4.6052168291715185
1475,0.8633333333333333,0.8633107314186984,0.8497495826377296,0.8730703259005146,0.8633107314186985,0.898909954269122,0.8612521150592218,0.8543135280295402,4.720348749145988
1476,0.8583333333333333,0.8583190508862525,0.8497495826377296,0.8641765704584041,0.8583190508862525,0.8944630765480668,0.8569023569023569,0.8525963149078728,4.893046629107693
1477,0.8616666666666667,0.8616246156239322,0.8363939899833055,0.8804920913884007,0.8616246156239322,0.8992763740191865,0.8578767123287672,0.8448566610455314,4.777909378483688
1478,0.8633333333333333,0.8632857313492537,0.8347245409015025,0.8849557522123894,0.8632857313492537,0.9010901465569459,0.8591065292096222,0.8443093549476529,4.720342752165263
1479,0.8591666666666666,0.8591315531432031,0.8380634390651085,0.8745644599303136,0.8591315531432032,0.8967306161643778,0.8559249786871271,0.8451178451178449,4.864258984795733
1480,0.8616666666666667,0.8616468379078831,0.8497495826377296,0.8700854700854701,0.8616468379078832,0.8974175263615999,0.8597972972972973,0.8537403555853742,4.777914709133224
1481,0.8575,0.8574982152728202,0.8564273789649416,0.8578595317725752,0.8574982152728202,0.8929767887020917,0.8571428571428571,0.8567134268537077,4.9218322744260785
1482,0.8583333333333333,0.8583246064572402,0.8530884808013356,0.8617200674536256,0.8583246064572402,0.8940709407941473,0.8573825503355704,0.85480093676815,4.893047961770077
1483,0.865,0.8649690693585259,0.8464106844741235,0.878682842287695,0.8649690693585259,0.9008800967142429,0.8622448979591837,0.8526740665993945,4.662781456496369
1484,0.865,0.8649857360714891,0.8564273789649416,0.8709677419354839,0.8649857360714891,0.8995308937835461,0.8636363636363636,0.8592964824120602,4.662785454483521
1485,0.8658333333333333,0.8658287939688721,0.8631051752921536,0.8674496644295302,0.8658287939688722,0.8994440865275085,0.8652719665271966,0.8639705882352943,4.634005139814672
1486,0.8508333333333333,0.8508204189456081,0.8430717863105175,0.8559322033898306,0.8508204189456081,0.8886686615168407,0.8494533221194279,0.8456128600133959,5.152090783725483
1487,0.8583333333333333,0.8583134953152647,0.8464106844741235,0.8666666666666667,0.8583134953152648,0.8948720089037284,0.8564189189189191,0.8503857765850387,4.89304529644531
1488,0.8558333333333333,0.8558232106200295,0.8497495826377296,0.8597972972972973,0.8558232106200295,0.8922734399675134,0.8547439126784214,0.8517402945113788,4.979395569088546
1489,0.8683333333333333,0.8682940785946627,0.8447412353923205,0.8861646234676007,0.8682940785946628,0.9042029294299606,0.8649572649572649,0.8527131782945736,4.547648870190709
1490,0.8666666666666667,0.8666412962258229,0.8514190317195326,0.8777969018932874,0.866641296225823,0.9016913001397432,0.8644067796610171,0.856567013772254,4.6052174955027105
1491,0.8641666666666666,0.8641343448176244,0.8447412353923205,0.8784722222222222,0.8641343448176244,0.9003567288072714,0.8612765957446809,0.8512786002691789,4.691563770158796
1492,0.8633333333333333,0.8633135092041923,0.8514190317195326,0.8717948717948718,0.8633135092041923,0.8986902850905355,0.8614864864864865,0.8554176450855419,4.7203494154771795
1493,0.8625,0.8624843402342784,0.8530884808013356,0.8690476190476191,0.8624843402342784,0.897734716591144,0.8609941027801179,0.8562332439678284,4.749133061801991
1494,0.8558333333333333,0.8558315439765111,0.8547579298831386,0.8561872909698997,0.8558315439765111,0.8917226104265191,0.8554720133667502,0.8550434201736807,4.9793975680821205
1495,0.8558333333333333,0.8558148772635479,0.8447412353923205,0.8634812286689421,0.8558148772635479,0.8928612320306313,0.8540084388185654,0.8484238765928906,4.97939357009497
1496,0.8575,0.8574954374873264,0.8547579298831386,0.8590604026845637,0.8574954374873264,0.8931591662838512,0.8569037656903766,0.8556149732620322,4.9218316080948865
1497,0.8608333333333333,0.8608176689379693,0.8514190317195326,0.8673469387755102,0.8608176689379693,0.8964663185808547,0.8593091828138163,0.8545576407506702,4.806698355458033
1498,0.8558333333333333,0.8558287661910172,0.8530884808013356,0.8573825503355704,0.8558287661910172,0.8919021822351196,0.8552301255230126,0.8539438502673797,4.9793969017509285
1499,0.8591666666666666,0.8591398864996846,0.8430717863105175,0.8706896551724138,0.8591398864996846,0.8960473874081323,0.8566581849024597,0.8484543010752688,4.8642609837893085
1500,0.8691666666666666,0.8691482476340212,0.8580968280467446,0.8771331058020477,0.8691482476340213,0.9030316335910628,0.8675105485232066,0.8618376928236082,4.518871220846627
1501,0.8583333333333333,0.8583134953152647,0.8464106844741235,0.8666666666666667,0.8583134953152648,0.8948720089037284,0.8564189189189191,0.8503857765850387,4.89304529644531
1502,0.8575,0.8574787707743632,0.8447412353923205,0.8664383561643836,0.8574787707743633,0.894339795778352,0.8554522400676247,0.8489932885906041,4.921827610107735
1503,0.8566666666666667,0.8566301573059925,0.8347245409015025,0.8726003490401396,0.8566301573059926,0.894912444970821,0.8532423208191127,0.8420343550016841,4.950606592114203
1504,0.86,0.8599857221825616,0.8514190317195326,0.8658743633276741,0.8599857221825616,0.8957300308569366,0.8585858585858585,0.8542713567839195,4.835481335451651
1505,0.8625,0.8625010069472415,0.8631051752921536,0.8616666666666667,0.8625010069472416,0.8965525876460768,0.8623853211009174,0.8628170894526035,4.749137059789142
1506,0.8633333333333333,0.8633135092041923,0.8514190317195326,0.8717948717948718,0.8633135092041923,0.8986902850905355,0.8614864864864865,0.8554176450855419,4.7203494154771795
1507,0.8608333333333333,0.8608176689379693,0.8514190317195326,0.8673469387755102,0.8608176689379693,0.8964663185808547,0.8593091828138163,0.8545576407506702,4.806698355458033
1508,0.8616666666666667,0.8616607268353523,0.8580968280467446,0.8638655462184874,0.8616607268353523,0.8963978537992827,0.8609715242881072,0.8592443998662656,4.777918040789183
1509,0.8683333333333333,0.8682940785946627,0.8447412353923205,0.8861646234676007,0.8682940785946628,0.9042029294299606,0.8649572649572649,0.8527131782945736,4.5476488701907085
1510,0.8591666666666666,0.8591482198561663,0.8480801335559266,0.8668941979522184,0.8591482198561664,0.8954038324207392,0.8573839662447257,0.8517773306505702,4.8642629827828845
1511,0.8675,0.8674732429812305,0.8514190317195326,0.8793103448275862,0.8674732429812306,0.9024480216068927,0.8651399491094148,0.8568548387096775,4.576434515509093
1512,0.87,0.8699857499604166,0.8614357262103506,0.8760611205432938,0.8699857499604167,0.9033317567101556,0.8686868686868687,0.864321608040201,4.490089573515394
1513,0.8666666666666667,0.8666412962258229,0.8514190317195326,0.8777969018932874,0.866641296225823,0.9016913001397432,0.8644067796610171,0.856567013772254,4.6052174955027105
1514,0.8533333333333334,0.853338481495782,0.8564273789649416,0.8507462686567164,0.853338481495782,0.8894201571441623,0.8535773710482529,0.8552850950316774,5.065747174394166
1515,0.8616666666666667,0.8616496156933771,0.8514190317195326,0.8688245315161841,0.8616496156933771,0.8972051149511917,0.8600337268128161,0.8548441166610795,4.777915375464416
1516,0.8625,0.8624926735907601,0.8580968280467446,0.8653198653198653,0.8624926735907601,0.8971250133499716,0.8616932103939648,0.8595317725752508,4.749135060795567
1517,0.8608333333333333,0.8608148911524754,0.8497495826377296,0.8686006825938567,0.8608148911524754,0.8966751326157931,0.8590717299578059,0.8534540576794097,4.806697689126842
1518,0.865,0.8649968472134645,0.8631051752921536,0.8659966499162479,0.8649968472134646,0.8987175792708675,0.8645484949832775,0.8636819244904779,4.6627881198082894
1519,0.86,0.859996833324537,0.8580968280467446,0.8609715242881072,0.859996833324537,0.8949508428340925,0.8595317725752508,0.8586702305379218,4.835484000776418
1520,0.8616666666666667,0.8616357267659076,0.8430717863105175,0.8752166377816292,0.8616357267659076,0.8983108787127401,0.8588435374149661,0.8493104608139925,4.777912043808457
1521,0.8608333333333333,0.8608121133669816,0.8480801335559266,0.8698630136986302,0.8608121133669817,0.8968882402939451,0.8588334742180896,0.8523489932885906,4.8066970227956505
1522,0.8633333333333333,0.8633135092041923,0.8514190317195326,0.8717948717948718,0.8633135092041923,0.8986902850905355,0.8614864864864865,0.8554176450855419,4.7203494154771795
1523,0.8566666666666667,0.8566551573754372,0.8497495826377296,0.8612521150592216,0.8566551573754372,0.8930008488484755,0.8554621848739495,0.8520254435888852,4.950612589094928
1524,0.865,0.8649912916424768,0.8597662771285476,0.8684654300168634,0.8649912916424769,0.8991158535727055,0.8640939597315436,0.8614921378387421,4.662786787145905
1525,0.8608333333333333,0.8608204467234631,0.8530884808013356,0.8661016949152542,0.8608204467234631,0.8962617545249616,0.8595458368376786,0.8556597454789017,4.806699021789225
1526,0.8625,0.8624815624487846,0.8514190317195326,0.8703071672354948,0.8624815624487846,0.897946432810847,0.8607594936708861,0.8551307847082495,4.749132395470799
1527,0.8533333333333334,0.8533245925683127,0.8480801335559266,0.8566610455311973,0.8533245925683127,0.8902872562102286,0.8523489932885906,0.8497825359652058,5.065743842738206
1528,0.8466666666666667,0.8466662407395575,0.8464106844741235,0.8464106844741235,0.8466662407395577,0.8847440178074568,0.8464106844741235,0.8464106844741235,5.2960070163559525
1529,0.8591666666666666,0.8591565532126478,0.8530884808013356,0.8631756756756757,0.8591565532126478,0.8947987449051723,0.8581024349286315,0.855087014725569,4.86426498177646
1530,0.8616666666666667,0.8616551712643646,0.8547579298831386,0.8663282571912013,0.8616551712643646,0.89679309353717,0.8605042016806722,0.8570472045530634,4.777916708126799
1531,0.8625,0.8624843402342784,0.8530884808013356,0.8690476190476191,0.8624843402342784,0.897734716591144,0.8609941027801179,0.8562332439678284,4.749133061801991
1532,0.8583333333333333,0.8583218286717463,0.8514190317195326,0.8629441624365483,0.8583218286717463,0.8942649304113738,0.8571428571428572,0.8536993639102779,4.893047295438884
1533,0.8583333333333333,0.858307939744277,0.8430717863105175,0.8691910499139415,0.8583079397442771,0.8952980847788962,0.8559322033898304,0.8481692979509573,4.893043963782927
1534,0.8608333333333333,0.8608121133669816,0.8480801335559266,0.8698630136986302,0.8608121133669817,0.8968882402939451,0.8588334742180896,0.8523489932885906,4.8066970227956505
1535,0.8625,0.8624787846632908,0.8497495826377296,0.8715753424657534,0.8624787846632909,0.8981624625517415,0.8605240912933221,0.8540268456375839,4.749131729139607
1536,0.8691666666666666,0.8691371364920458,0.8514190317195326,0.8823529411764706,0.8691371364920459,0.9039693197813348,0.8666100254885301,0.8574310692669806,4.51886855552186
1537,0.8658333333333333,0.8658204606123906,0.8580968280467446,0.8711864406779661,0.8658204606123906,0.9000583010290221,0.8645920941968042,0.8606831882116543,4.634003140821097
1538,0.8516666666666667,0.8516606990574974,0.8480801335559266,0.853781512605042,0.8516606990574974,0.8888474897471509,0.8509212730318257,0.8492143095954532,5.123309802725442
1539,0.8575,0.8574926597018325,0.8530884808013356,0.8602693602693603,0.8574926597018325,0.8933455872020145,0.8566638725901089,0.8545150501672241,4.921830941763695
1540,0.855,0.8549829305081402,0.8447412353923205,0.8620102214650767,0.8549829305081402,0.8921257284286985,0.8532883642495784,0.8481394569225612,5.008176550088588
1541,0.8616666666666667,0.8616440601223893,0.8480801335559266,0.8713550600343053,0.8616440601223894,0.8976342634617827,0.8595600676818951,0.8526351124538437,4.777914042802032
1542,0.8616666666666667,0.8616607268353523,0.8580968280467446,0.8638655462184874,0.8616607268353523,0.8963978537992827,0.8609715242881072,0.8592443998662656,4.777918040789183
1543,0.8666666666666667,0.8666496295823044,0.8564273789649416,0.8739352640545145,0.8666496295823044,0.9010146548430614,0.8650927487352444,0.8598726114649681,4.605219494496287
1544,0.87,0.8699690832474535,0.8514190317195326,0.8838821490467937,0.8699690832474536,0.9047339237164964,0.8673469387755102,0.8577194752774976,4.490085575528242
1545,0.8716666666666667,0.8716413101147503,0.8564273789649416,0.8829604130808949,0.8716413101147503,0.9055272293562516,0.8694915254237289,0.861605643265032,4.432521614534582
1546,0.86,0.859996833324537,0.8580968280467446,0.8609715242881072,0.859996833324537,0.8949508428340925,0.8595317725752508,0.8586702305379218,4.835484000776418
1547,0.8641666666666666,0.8641537893160814,0.8564273789649416,0.8694915254237288,0.8641537893160814,0.8987927855276685,0.8629100084104291,0.8590087073007368,4.691568434477138
1548,0.8583333333333333,0.8583218286717463,0.8514190317195326,0.8629441624365483,0.8583218286717463,0.8942649304113738,0.8571428571428572,0.8536993639102779,4.893047295438884
1549,0.8566666666666667,0.8566218239495109,0.8297161936560935,0.8765432098765432,0.856621823949511,0.8956297017663184,0.8524871355060033,0.8386770165372932,4.950604593120627
1550,0.8575,0.8574843263453509,0.8480801335559266,0.8639455782312925,0.8574843263453509,0.8939295225602761,0.8559393428812132,0.8512064343163541,4.921828942770119
1551,0.8591666666666666,0.8591593309981417,0.8547579298831386,0.8619528619528619,0.8591593309981417,0.8946053959180003,0.8583403185247276,0.8561872909698998,4.8642656481076525
1552,0.86,0.8599829443970678,0.8497495826377296,0.8671209540034072,0.8599829443970678,0.8959352683205684,0.8583473861720068,0.8531679517264499,4.835480669120459
1553,0.865,0.8649718471440199,0.8480801335559266,0.8773747841105354,0.8649718471440199,0.9006441254998976,0.8624787775891342,0.8537815126050421,4.662782122827563
1554,0.865,0.8649829582859953,0.8547579298831386,0.8722316865417377,0.8649829582859953,0.8997448082124381,0.8634064080944353,0.8581964465303384,4.662784788152329
1555,0.8608333333333333,0.8608287800799447,0.8580968280467446,0.8624161073825504,0.8608287800799447,0.8956731343813141,0.8602510460251046,0.8589572192513371,4.8067010207828
1556,0.8625,0.8624648957358214,0.8414023372287145,0.8780487804878049,0.8624648957358215,0.8993088921915929,0.8593350383631713,0.8484848484848486,4.7491283974836485
1557,0.8583333333333333,0.8583107175297708,0.8447412353923205,0.8679245283018868,0.8583107175297711,0.8950828818471036,0.8561759729272421,0.8492782813024504,4.893044630114119
1558,0.8675,0.8674843541232059,0.8580968280467446,0.8741496598639455,0.867484354123206,0.9015399106220118,0.8660488626790228,0.8612600536193029,4.576437180833861
1559,0.8566666666666667,0.8566579351609309,0.8514190317195326,0.8600337268128162,0.8566579351609309,0.8928097125995077,0.8557046979865771,0.8531281365005018,4.950613255426119
1560,0.8625,0.8624760068777969,0.8480801335559266,0.872852233676976,0.8624760068777969,0.8983828502831179,0.8602878916172735,0.8529214237743453,4.749131062808416
1561,0.8616666666666667,0.8616523934788708,0.8530884808013356,0.8675721561969439,0.8616523934788708,0.8969969851658064,0.8602693602693602,0.8559463986599665,4.777916041795608
1562,0.8583333333333333,0.858327384242734,0.8547579298831386,0.8605042016806723,0.858327384242734,0.8938810657819055,0.8576214405360133,0.8559010364426615,4.893048628101268
1563,0.8541666666666666,0.8541343170397695,0.8347245409015025,0.8680555555555556,0.8541343170397695,0.892640048228529,0.851063829787234,0.8411843876177657,5.036955532095054
1564,0.8591666666666666,0.8591426642851785,0.8447412353923205,0.8694158075601375,0.8591426642851786,0.8958285214762289,0.8569009314140559,0.8495634654130289,4.8642616501205005
1565,0.8608333333333333,0.8608121133669816,0.8480801335559266,0.8698630136986302,0.8608121133669817,0.8968882402939451,0.8588334742180896,0.8523489932885906,4.8066970227956505
1566,0.8616666666666667,0.8616635046208462,0.8597662771285476,0.8626465661641541,0.8616635046208462,0.8962064216463508,0.8612040133779264,0.8603407951887738,4.777918707120375
1567,0.8691666666666666,0.8691371364920458,0.8514190317195326,0.8823529411764706,0.8691371364920459,0.9039693197813348,0.8666100254885301,0.8574310692669806,4.51886855552186
1568,0.8708333333333333,0.8708065855738488,0.8547579298831386,0.8827586206896552,0.8708065855738488,0.9050082752863968,0.8685326547921967,0.8602150537634409,4.461303928197008
1569,0.8708333333333333,0.8708176967158242,0.8614357262103506,0.8775510204081632,0.8708176967158243,0.9040767066425902,0.8694187026116259,0.8646112600536193,4.461306593521775
1570,0.8633333333333333,0.8633273981316615,0.8597662771285476,0.8655462184873951,0.8633273981316616,0.8976562478079713,0.8626465661641541,0.8609160815780676,4.72035274713314
1571,0.8625,0.8624676735213153,0.8430717863105175,0.8767361111111112,0.8624676735213153,0.899070615377481,0.8595744680851063,0.8495962314939434,4.74912906381484
1572,0.8691666666666666,0.8691288031355642,0.8464106844741235,0.8863636363636364,0.8691288031355642,0.9047204937522132,0.865926558497011,0.8541105121293799,4.518866556528283
1573,0.8591666666666666,0.8591593309981417,0.8547579298831386,0.8619528619528619,0.8591593309981417,0.8946053959180003,0.8583403185247276,0.8561872909698998,4.8642656481076525
1574,0.8633333333333333,0.8633246203461676,0.8580968280467446,0.8667790893760541,0.8633246203461676,0.8978546253780659,0.8624161073825504,0.8598193375710941,4.720352080801948
1575,0.8583333333333333,0.8583246064572402,0.8530884808013356,0.8617200674536256,0.8583246064572402,0.8940709407941473,0.8573825503355704,0.85480093676815,4.893047961770077
1576,0.8683333333333333,0.8683135230931197,0.8564273789649416,0.8769230769230769,0.8683135230931197,0.9025085612773426,0.8665540540540541,0.860449513586045,4.547653534509052
1577,0.87,0.8699746388184412,0.8547579298831386,0.8812392426850258,0.8699746388184412,0.9042485862840822,0.8677966101694915,0.8599261001007728,4.490086908190626
1578,0.8666666666666667,0.8666662962952675,0.8664440734557596,0.8664440734557596,0.8666662962952676,0.8997774067890929,0.8664440734557596,0.8664440734557596,4.6052234924834385
1579,0.8683333333333333,0.8683024119511443,0.8497495826377296,0.8821490467937608,0.8683024119511444,0.9034493147157452,0.8656462585034014,0.8560376723847964,4.5476508691842845
1580,0.8616666666666667,0.8616385045514015,0.8447412353923205,0.8739205526770294,0.8616385045514015,0.8980808940346751,0.8590831918505942,0.8504201680672268,4.777912710139648
1581,0.865,0.8649774027150076,0.8514190317195326,0.8747855917667239,0.8649774027150077,0.9001856450764615,0.8629441624365484,0.8559919436052368,4.662783455489946
1582,0.8566666666666667,0.8566690463029064,0.8580968280467446,0.8552412645590682,0.8566690463029064,0.8920857129695731,0.8566666666666667,0.8575241908575243,4.950615920750888
1583,0.8641666666666666,0.8641371226031183,0.8464106844741235,0.8771626297577855,0.8641371226031183,0.9001199904492878,0.8615123194562447,0.8523873570948218,4.691564436489989
1584,0.8658333333333333,0.8658010161139336,0.8464106844741235,0.8802083333333334,0.8658010161139336,0.9016428422370618,0.8629787234042554,0.8529609690444144,4.633998476502754
1585,0.8658333333333333,0.8658065716849214,0.8497495826377296,0.8775862068965518,0.8658065716849215,0.9011678947671408,0.8634435962680237,0.8551747311827957,4.633999809165137
1586,0.8608333333333333,0.8608204467234631,0.8530884808013356,0.8661016949152542,0.8608204467234631,0.8962617545249616,0.8595458368376786,0.8556597454789017,4.8066990217892265
1587,0.8658333333333333,0.8658176828268968,0.8564273789649416,0.8724489795918368,0.8658176828268968,0.9002715126117226,0.8643639427127211,0.8595844504021448,4.634002474489903
1588,0.8675,0.8674926874796874,0.8631051752921536,0.8703703703703703,0.8674926874796876,0.9009044394979284,0.8667225481978206,0.8645484949832777,4.576439179827437
1589,0.8516666666666667,0.8516690324139791,0.8530884808013356,0.8502495840266223,0.8516690324139791,0.8883356990806457,0.8516666666666667,0.8525191858525191,5.123311801719017
1590,0.8583333333333333,0.8583357175992156,0.8597662771285476,0.8569051580698835,0.8583357175992156,0.8933357175992156,0.8583333333333334,0.8591925258591925,4.893050627094844
1591,0.8616666666666667,0.8616468379078831,0.8497495826377296,0.8700854700854701,0.8616468379078832,0.8974175263615999,0.8597972972972973,0.8537403555853742,4.777914709133224
1592,0.8691666666666666,0.8691482476340212,0.8580968280467446,0.8771331058020477,0.8691482476340213,0.9030316335910628,0.8675105485232066,0.8618376928236082,4.518871220846627
1593,0.8666666666666667,0.8666440740113167,0.8530884808013356,0.8765008576329331,0.8666440740113167,0.9014613358838012,0.8646362098138748,0.8576703591809333,4.605218161833903
1594,0.8608333333333333,0.8608065577959938,0.8447412353923205,0.8724137931034482,0.8608065577959939,0.8973275142478843,0.8583545377438506,0.8501344086021506,4.8066956901332665
1595,0.8583333333333333,0.858327384242734,0.8547579298831386,0.8605042016806723,0.858327384242734,0.8938810657819055,0.8576214405360133,0.8559010364426615,4.893048628101268
1596,0.86,0.8599801666115742,0.8480801335559266,0.8683760683760684,0.8599801666115741,0.8961447676326642,0.8581081081081081,0.8520630660852064,4.835480002789267
1597,0.8608333333333333,0.8608315578654385,0.8597662771285476,0.8612040133779264,0.8608315578654385,0.8954851452532371,0.8604845446950711,0.8600534402137611,4.806701687113992
1598,0.85,0.8500079166886575,0.8547579298831386,0.8462809917355372,0.8500079166886576,0.8867694608093378,0.850498338870432,0.8530489836721094,5.180878428037444
1599,0.8583333333333333,0.8583162731007586,0.8480801335559266,0.8654173764906303,0.8583162731007586,0.8946654216899452,0.8566610455311974,0.8514917867918204,4.893045962776502
1600,0.8658333333333333,0.8658121272559091,0.8530884808013356,0.875,0.8658121272559091,0.9007109070673344,0.863905325443787,0.8573825503355706,4.634001141827522
1601,0.8666666666666667,0.8666468517968106,0.8547579298831386,0.8752136752136752,0.8666468517968106,0.9012358025484069,0.8648648648648649,0.8587722240858773,4.605218828165095
1602,0.8658333333333333,0.8658176828268968,0.8564273789649416,0.8724489795918368,0.8658176828268968,0.9002715126117226,0.8643639427127211,0.8595844504021448,4.634002474489903
1603,0.865,0.8649885138569829,0.8580968280467446,0.8697123519458545,0.8649885138569829,0.8993212566629661,0.8638655462184873,0.8603950451958486,4.662786120814713
1604,0.8625,0.862473229092303,0.8464106844741235,0.8741379310344828,0.8624732290923031,0.8986076410876365,0.8600508905852418,0.8518145161290323,4.749130396477223
1605,0.8658333333333333,0.8658176828268968,0.8564273789649416,0.8724489795918368,0.8658176828268968,0.9002715126117226,0.8643639427127211,0.8595844504021448,4.634002474489903
1606,0.8608333333333333,0.8608037800105,0.8430717863105175,0.8737024221453287,0.8608037800105,0.8975537708945898,0.8581138487680544,0.8490248823133826,4.8066950238020745
1607,0.8641666666666666,0.8641426781741061,0.8497495826377296,0.8745704467353952,0.8641426781741062,0.8996600146865623,0.8619813717188822,0.8546004029550036,4.691565769152371
1608,0.865,0.8649857360714891,0.8564273789649416,0.8709677419354839,0.8649857360714891,0.8995308937835461,0.8636363636363636,0.8592964824120602,4.662785454483521
1609,0.8633333333333333,0.8633190647751801,0.8547579298831386,0.8692699490662139,0.8633190647751801,0.8982639394746762,0.861952861952862,0.8576214405360134,4.7203507481395635
1610,0.8608333333333333,0.8608065577959938,0.8447412353923205,0.8724137931034482,0.8608065577959939,0.8973275142478843,0.8583545377438506,0.8501344086021506,4.8066956901332665
1611,0.8625,0.8624760068777969,0.8480801335559266,0.872852233676976,0.8624760068777969,0.8983828502831179,0.8602878916172735,0.8529214237743453,4.749131062808414
1612,0.8641666666666666,0.8641426781741061,0.8497495826377296,0.8745704467353952,0.8641426781741062,0.8996600146865623,0.8619813717188822,0.8546004029550036,4.691565769152372
1613,0.8683333333333333,0.8683163008786136,0.8580968280467446,0.8756388415672913,0.8683163008786137,0.9022845014736848,0.8667790893760539,0.8615487763995976,4.5476542008402445
1614,0.8633333333333333,0.8633162869896861,0.8530884808013356,0.8705281090289608,0.8633162869896861,0.8984749615818148,0.8617200674536256,0.8565202815957091,4.720350081808372
1615,0.8566666666666667,0.8566329350914863,0.8363939899833055,0.871304347826087,0.8566329350914864,0.8946825022380296,0.8534923339011924,0.8431504543924604,4.950607258445394
1616,0.8591666666666666,0.8591565532126478,0.8530884808013356,0.8631756756756757,0.8591565532126478,0.8947987449051723,0.8581024349286315,0.855087014725569,4.86426498177646
1617,0.8666666666666667,0.8666468517968106,0.8547579298831386,0.8752136752136752,0.8666468517968106,0.9012358025484069,0.8648648648648649,0.8587722240858773,4.605218828165095
1618,0.8666666666666667,0.8666385184403291,0.8497495826377296,0.8791018998272885,0.8666385184403291,0.9019257412325092,0.8641765704584042,0.8554621848739495,4.6052168291715185
1619,0.8575,0.8575065486293018,0.8614357262103506,0.8543046357615894,0.8575065486293018,0.8924535143193033,0.8578553615960101,0.8600000000000001,4.921834273419653
1620,0.8641666666666666,0.8641426781741061,0.8497495826377296,0.8745704467353952,0.8641426781741062,0.8996600146865623,0.8619813717188822,0.8546004029550036,4.691565769152372
1621,0.8683333333333333,0.8683135230931197,0.8564273789649416,0.8769230769230769,0.8683135230931197,0.9025085612773426,0.8665540540540541,0.860449513586045,4.547653534509052
1622,0.8666666666666667,0.8666440740113167,0.8530884808013356,0.8765008576329331,0.8666440740113167,0.9014613358838012,0.8646362098138748,0.8576703591809333,4.605218161833903
1623,0.8641666666666666,0.8641510115305876,0.8547579298831386,0.8707482993197279,0.8641510115305876,0.8990031146014333,0.8626790227464195,0.8579088471849866,4.691567768145948
1624,0.8558333333333333,0.8558315439765111,0.8547579298831386,0.8561872909698997,0.8558315439765111,0.8917226104265191,0.8554720133667502,0.8550434201736807,4.9793975680821205
1625,0.8658333333333333,0.8658176828268968,0.8564273789649416,0.8724489795918368,0.8658176828268968,0.9002715126117226,0.8643639427127211,0.8595844504021448,4.634002474489903
1626,0.8666666666666667,0.8666524073677982,0.8580968280467446,0.8726655348047538,0.8666524073677984,0.900797848092416,0.8653198653198653,0.8609715242881072,4.605220160827479
1627,0.8658333333333333,0.8658093494704152,0.8514190317195326,0.8762886597938144,0.8658093494704153,0.9009371790900068,0.8636748518204911,0.8562793821356616,4.634000475496329
1628,0.86,0.8599801666115742,0.8480801335559266,0.8683760683760684,0.8599801666115741,0.8961447676326642,0.8581081081081081,0.8520630660852064,4.835480002789267
1629,0.8675,0.8674787985522182,0.8547579298831386,0.8767123287671232,0.8674787985522182,0.9019851293251308,0.8655959425190194,0.8590604026845637,4.576435848171479
1630,0.8583333333333333,0.8583134953152647,0.8464106844741235,0.8666666666666667,0.8583134953152648,0.8948720089037284,0.8564189189189191,0.8503857765850387,4.89304529644531
1631,0.8533333333333334,0.8533162592118311,0.8430717863105175,0.8603066439522998,0.8533162592118311,0.8908558817980754,0.8516020236087689,0.8464632919879315,5.065741843744631
1632,0.8533333333333334,0.8533218147828188,0.8464106844741235,0.8578680203045685,0.8533218147828188,0.8904726857226793,0.8521008403361344,0.8486776029460997,5.065743176407014
1633,0.8675,0.8674760207667244,0.8530884808013356,0.8780068728522337,0.8674760207667244,0.9022143434934512,0.8653683319220999,0.8579583613163199,4.576435181840285
1634,0.8683333333333333,0.8683301898060828,0.8664440734557596,0.8693467336683417,0.8683301898060829,0.9012287368953841,0.8678929765886287,0.8670230537921818,4.547657532496203
1635,0.8741666666666666,0.8741315948099856,0.8530884808013356,0.8902439024390244,0.8741315948099857,0.9083328582868466,0.8712702472293266,0.8602693602693602,4.346171341891346
1636,0.8616666666666667,0.8616357267659076,0.8430717863105175,0.8752166377816292,0.8616357267659076,0.8983108787127401,0.8588435374149661,0.8493104608139925,4.777912043808456
1637,0.8666666666666667,0.8666329628693412,0.8464106844741235,0.8817391304347826,0.8666329628693412,0.9024082407877864,0.8637137989778534,0.8532480646247055,4.6052154965091345
1638,0.8583333333333333,0.8582940508168078,0.8347245409015025,0.8756567425569177,0.8582940508168078,0.8964406417292101,0.8547008547008548,0.8426019548365351,4.893040632126968
1639,0.865,0.8649579582165505,0.8397328881469115,0.8840070298769771,0.8649579582165505,0.9018699590119444,0.8613013698630136,0.8482293423271501,4.662778791171601
1640,0.8708333333333333,0.8708065855738488,0.8547579298831386,0.8827586206896552,0.8708065855738488,0.9050082752863968,0.8685326547921967,0.8602150537634409,4.461303928197008
1641,0.8658333333333333,0.8657954605429459,0.8430717863105175,0.8828671328671329,0.8657954605429459,0.902136126255492,0.8625106746370624,0.8507412398921833,4.63399714384037
1642,0.8625,0.862473229092303,0.8464106844741235,0.8741379310344828,0.8624732290923031,0.8986076410876365,0.8600508905852418,0.8518145161290323,4.749130396477223
1643,0.8616666666666667,0.8616357267659076,0.8430717863105175,0.8752166377816292,0.8616357267659076,0.8983108787127401,0.8588435374149661,0.8493104608139925,4.777912043808456
1644,0.8616666666666667,0.8616357267659076,0.8430717863105175,0.8752166377816292,0.8616357267659076,0.8983108787127401,0.8588435374149661,0.8493104608139925,4.777912043808457
1645,0.8633333333333333,0.8632940647057352,0.8397328881469115,0.8809106830122592,0.8632940647057352,0.9003217855795854,0.8598290598290598,0.8476575665655544,4.720344751158838
1646,0.8641666666666666,0.8641315670321306,0.8430717863105175,0.8797909407665505,0.8641315670321307,0.9005980302052007,0.8610400682011935,0.8501683501683502,4.691563103827604
1647,0.8691666666666666,0.8691288031355642,0.8464106844741235,0.8863636363636364,0.8691288031355642,0.9047204937522132,0.865926558497011,0.8541105121293799,4.518866556528284
1648,0.8608333333333333,0.8608176689379693,0.8514190317195326,0.8673469387755102,0.8608176689379693,0.8964663185808547,0.8593091828138163,0.8545576407506702,4.806698355458033
1649,0.8658333333333333,0.8658121272559091,0.8530884808013356,0.875,0.8658121272559091,0.9007109070673344,0.863905325443787,0.8573825503355706,4.634001141827522
1650,0.8675,0.8674537984827735,0.8397328881469115,0.8886925795053003,0.8674537984827736,0.9042127338261059,0.8635193133047211,0.8490884537474678,4.576429851190751
1651,0.8558333333333333,0.855795432765091,0.8330550918196995,0.8723776223776224,0.855795432765091,0.8943830237653276,0.8522630230572161,0.8406334231805929,4.979388905776627
1652,0.8591666666666666,0.8591454420706723,0.8464106844741235,0.8681506849315068,0.8591454420706724,0.8956140180361485,0.8571428571428571,0.8506711409395974,4.8642623164516925
1653,0.8625,0.8624760068777969,0.8480801335559266,0.872852233676976,0.8624760068777969,0.8983828502831179,0.8602878916172735,0.8529214237743453,4.749131062808416
1654,0.875,0.8749607637798994,0.8514190317195326,0.8931698774080561,0.8749607637798994,0.9093777878971276,0.8717948717948719,0.8594539939332659,4.317387695566538
1655,0.86,0.8599634998986108,0.8380634390651085,0.8760907504363001,0.8599634998986109,0.897493761417371,0.8566552901023892,0.8454024924216907,4.835476004802118
1656,0.8625,0.8624760068777969,0.8480801335559266,0.872852233676976,0.8624760068777969,0.8983828502831179,0.8602878916172735,0.8529214237743453,4.749131062808416
1657,0.8558333333333333,0.8558065439070663,0.8397328881469115,0.8672413793103448,0.8558065439070663,0.8934871337286281,0.8532654792196777,0.8450940860215054,4.979391571101394
1658,0.8658333333333333,0.8658037938994275,0.8480801335559266,0.8788927335640139,0.8658037938994275,0.9014031002266368,0.8632115548003398,0.8540685944855415,4.633999142833945
1659,0.8658333333333333,0.8658121272559091,0.8530884808013356,0.875,0.8658121272559091,0.9007109070673344,0.863905325443787,0.8573825503355706,4.634001141827522
1660,0.8583333333333333,0.8582912730313139,0.8330550918196995,0.8769771528998243,0.858291273031314,0.8966827890264286,0.8544520547945205,0.8414839797639124,4.893039965795777
1661,0.865,0.8649635137875382,0.8430717863105175,0.8813263525305408,0.8649635137875383,0.9013657360871958,0.8617747440273038,0.8504546985517009,4.662780123833987
1662,0.8533333333333334,0.8532968147133742,0.8313856427378965,0.8691099476439791,0.8532968147133743,0.8923311285242711,0.8498293515358363,0.8386662175816773,5.065737179426288
1663,0.8641666666666666,0.8641510115305876,0.8547579298831386,0.8707482993197279,0.8641510115305876,0.8990031146014333,0.8626790227464195,0.8579088471849866,4.691567768145948
1664,0.8716666666666667,0.8716524212567257,0.8631051752921536,0.8777589134125636,0.8716524212567257,0.9045987110190252,0.8703703703703703,0.8659966499162479,4.432524279859349
1665,0.8716666666666667,0.8716329767582688,0.8514190317195326,0.8869565217391304,0.8716329767582689,0.9062711100626648,0.8688245315161841,0.8582968697408281,4.432519615541007
1666,0.8641666666666666,0.8641343448176244,0.8447412353923205,0.8784722222222222,0.8641343448176244,0.9003567288072714,0.8612765957446809,0.8512786002691789,4.691563770158796
1667,0.8558333333333333,0.8558037661215725,0.8380634390651085,0.8685121107266436,0.8558037661215725,0.8937044415625427,0.853016142735769,0.8439811701412239,4.979390904770202
1668,0.8708333333333333,0.8707982522173673,0.8497495826377296,0.8867595818815331,0.8707982522173673,0.9057545822596316,0.8678601875532822,0.8569023569023569,4.461301929203431
1669,0.8566666666666667,0.8566468240189555,0.8447412353923205,0.864957264957265,0.8566468240189556,0.8935992501747928,0.8547297297297297,0.8487084870848709,4.950610590101352
1670,0.8625,0.8624815624487846,0.8514190317195326,0.8703071672354948,0.8624815624487846,0.897946432810847,0.8607594936708861,0.8551307847082495,4.749132395470799
1671,0.8616666666666667,0.8616412823368953,0.8464106844741235,0.8726333907056799,0.8616412823368954,0.897855370923235,0.8593220338983051,0.851528384279476,4.77791337647084
1672,0.8558333333333333,0.8558287661910172,0.8530884808013356,0.8573825503355704,0.8558287661910172,0.8919021822351196,0.8552301255230126,0.8539438502673797,4.9793969017509285
1673,0.87,0.8699579721054781,0.8447412353923205,0.8892794376098418,0.8699579721054781,0.9057603365010812,0.8664383561643835,0.8532883642495783,4.4900829102034745
1674,0.865,0.8649635137875382,0.8430717863105175,0.8813263525305408,0.8649635137875383,0.9013657360871958,0.8617747440273038,0.8504546985517009,4.662780123833987
1675,0.8691666666666666,0.8691399142775397,0.8530884808013356,0.8810344827586207,0.8691399142775397,0.9037281484466448,0.8668363019508057,0.8585349462365592,4.51886922185305
1676,0.8583333333333333,0.858307939744277,0.8430717863105175,0.8691910499139415,0.8583079397442771,0.8952980847788962,0.8559322033898304,0.8481692979509573,4.893043963782927
1677,0.8608333333333333,0.8608093355814876,0.8464106844741235,0.8711340206185567,0.8608093355814878,0.8971056858796734,0.8585944115156647,0.8512424445936871,4.8066963564644585
1678,0.8608333333333333,0.8608093355814876,0.8464106844741235,0.8711340206185567,0.8608093355814878,0.8971056858796734,0.8585944115156647,0.8512424445936871,4.8066963564644585
1679,0.8675,0.8674732429812305,0.8514190317195326,0.8793103448275862,0.8674732429812306,0.9024480216068927,0.8651399491094148,0.8568548387096775,4.576434515509094
1680,0.8625,0.862473229092303,0.8464106844741235,0.8741379310344828,0.8624732290923031,0.8986076410876365,0.8600508905852418,0.8518145161290323,4.749130396477223
1681,0.8691666666666666,0.8691621365614904,0.8664440734557596,0.8708053691275168,0.8691621365614904,0.9019580546249716,0.8686192468619247,0.8673128342245989,4.518874552502585
1682,0.855,0.8549745971516587,0.8397328881469115,0.8657487091222031,0.8549745971516588,0.8927407986345574,0.8525423728813559,0.8448102116224386,5.008174551095013
1683,0.8608333333333333,0.8608065577959938,0.8447412353923205,0.8724137931034482,0.8608065577959939,0.8973275142478843,0.8583545377438506,0.8501344086021506,4.8066956901332665
1684,0.8583333333333333,0.8583134953152647,0.8464106844741235,0.8666666666666667,0.8583134953152648,0.8948720089037284,0.8564189189189191,0.8503857765850387,4.89304529644531
1685,0.8691666666666666,0.869134358706552,0.8497495826377296,0.8836805555555556,0.869134358706552,0.9042150690966426,0.8663829787234043,0.8563257065948857,4.518867889190667
1686,0.8675,0.8674621318392549,0.8447412353923205,0.8846153846153846,0.8674621318392551,0.9034283100038524,0.8642186165670367,0.8524258760107817,4.576431850184326
1687,0.8641666666666666,0.8641426781741061,0.8497495826377296,0.8745704467353952,0.8641426781741062,0.8996600146865623,0.8619813717188822,0.8546004029550036,4.691565769152372
1688,0.8633333333333333,0.8633329537026492,0.8631051752921536,0.8631051752921536,0.8633329537026493,0.8972718419588204,0.8631051752921536,0.8631051752921536,4.7203540797955235
1689,0.8675,0.8674760207667244,0.8530884808013356,0.8780068728522337,0.8674760207667244,0.9022143434934512,0.8653683319220999,0.8579583613163199,4.576435181840285
1690,0.8558333333333333,0.8558093216925602,0.8414023372287145,0.865979381443299,0.8558093216925603,0.8932741926693399,0.8535139712108383,0.8462055070517126,4.979392237432586
1691,0.8641666666666666,0.8641454559595999,0.8514190317195326,0.8732876712328768,0.8641454559595999,0.899436684809538,0.8622147083685545,0.8557046979865772,4.6915664354835656
1692,0.8616666666666667,0.8616301711949199,0.8397328881469115,0.8778359511343804,0.8616301711949201,0.8987844196406459,0.8583617747440272,0.8470865611316942,4.777910711146073
1693,0.855,0.8549857082936341,0.8464106844741235,0.8607809847198642,0.8549857082936341,0.8919291679303272,0.8535353535353535,0.8492462311557789,5.008177216419781
1694,0.8591666666666666,0.8591426642851785,0.8447412353923205,0.8694158075601375,0.8591426642851786,0.8958285214762289,0.8569009314140559,0.8495634654130289,4.8642616501205005
1695,0.8675,0.8674926874796874,0.8631051752921536,0.8703703703703703,0.8674926874796876,0.9009044394979284,0.8667225481978206,0.8645484949832777,4.576439179827437
1696,0.8625,0.8624815624487846,0.8514190317195326,0.8703071672354948,0.8624815624487846,0.897946432810847,0.8607594936708861,0.8551307847082495,4.749132395470799
1697,0.8641666666666666,0.8641482337450938,0.8530884808013356,0.8720136518771331,0.8641482337450938,0.8992177330059008,0.8624472573839662,0.8568075117370891,4.691567101814756
1698,0.8583333333333333,0.8583107175297708,0.8447412353923205,0.8679245283018868,0.8583107175297711,0.8950828818471036,0.8561759729272421,0.8492782813024504,4.893044630114119
1699,0.865,0.8649468470745751,0.8330550918196995,0.8894830659536542,0.8649468470745753,0.9029357455533435,0.8603448275862071,0.8437605681433885,4.662776125846836
1700,0.8625,0.8624676735213153,0.8430717863105175,0.8767361111111112,0.8624676735213153,0.899070615377481,0.8595744680851063,0.8495962314939434,4.74912906381484
1701,0.855,0.8549718193661648,0.8380634390651085,0.8670120898100173,0.8549718193661648,0.8929544311042296,0.8522920203735145,0.8436974789915965,5.0081738847638215
1702,0.855,0.8549607082241895,0.8313856427378965,0.87215411558669,0.8549607082241895,0.8938532124956265,0.8512820512820514,0.8392315470171892,5.0081712194390535
1703,0.8616666666666667,0.8616635046208462,0.8597662771285476,0.8626465661641541,0.8616635046208462,0.8962064216463508,0.8612040133779264,0.8603407951887738,4.777918707120375
1704,0.8583333333333333,0.8583246064572402,0.8530884808013356,0.8617200674536256,0.8583246064572402,0.8940709407941473,0.8573825503355704,0.85480093676815,4.893047961770077
1705,0.86,0.8599912777535493,0.8547579298831386,0.863406408094435,0.8599912777535493,0.8953321689887869,0.8590604026845636,0.8564737370357979,4.835482668114034
1706,0.8675,0.8674537984827735,0.8397328881469115,0.8886925795053003,0.8674537984827736,0.9042127338261059,0.8635193133047211,0.8490884537474678,4.576429851190751
1707,0.8733333333333333,0.8733052036255656,0.8564273789649416,0.8860103626943006,0.8733052036255656,0.9070522041629544,0.8709677419354839,0.8621848739495799,4.374955654547347
1708,0.8575,0.8574732152033755,0.8414023372287145,0.8689655172413793,0.8574732152033755,0.8947672605683803,0.8549618320610686,0.8467741935483871,4.921826277445351
1709,0.8658333333333333,0.8658065716849214,0.8497495826377296,0.8775862068965518,0.8658065716849215,0.9011678947671408,0.8634435962680237,0.8551747311827957,4.633999809165137
1710,0.8591666666666666,0.8591593309981417,0.8547579298831386,0.8619528619528619,0.8591593309981417,0.8946053959180003,0.8583403185247276,0.8561872909698998,4.8642656481076525
1711,0.8591666666666666,0.8591454420706723,0.8464106844741235,0.8681506849315068,0.8591454420706724,0.8956140180361485,0.8571428571428571,0.8506711409395974,4.8642623164516925
1712,0.8616666666666667,0.8616385045514015,0.8447412353923205,0.8739205526770294,0.8616385045514015,0.8980808940346751,0.8590831918505942,0.8504201680672268,4.777912710139648
1713,0.8633333333333333,0.8633051758477106,0.8464106844741235,0.8756476683937824,0.8633051758477107,0.8993625097672863,0.8607809847198641,0.8521008403361344,4.720347416483605
1714,0.8683333333333333,0.8683246342350951,0.8631051752921536,0.8718381112984823,0.8683246342350952,0.9016383099619848,0.8674496644295302,0.8648377383740381,4.5476561998338205
1715,0.8608333333333333,0.8608093355814876,0.8464106844741235,0.8711340206185567,0.8608093355814878,0.8971056858796734,0.8585944115156647,0.8512424445936871,4.8066963564644585
1716,0.8691666666666666,0.8691482476340212,0.8580968280467446,0.8771331058020477,0.8691482476340213,0.9030316335910628,0.8675105485232066,0.8618376928236082,4.518871220846627
1717,0.855,0.8549523748677079,0.8263772954924875,0.8761061946902655,0.8549523748677079,0.8945750784247098,0.8505154639175257,0.8358662613981764,5.0081692204454775
1718,0.8575,0.8574704374178816,0.8397328881469115,0.8702422145328721,0.8574704374178816,0.8949875513398918,0.8547153780798641,0.8456624075319434,4.921825611114159
1719,0.87,0.8699885277459104,0.8631051752921536,0.8747884940778342,0.8699885277459105,0.9031135013516608,0.8689075630252101,0.8654168061600267,4.490090239846585
1720,0.8608333333333333,0.8608010022250061,0.8414023372287145,0.875,0.8608010022250061,0.8977845019476905,0.8578723404255318,0.8479138627187081,4.8066943574708825
1721,0.8558333333333333,0.8558065439070663,0.8397328881469115,0.8672413793103448,0.8558065439070663,0.8934871337286281,0.8532654792196777,0.8450940860215054,4.979391571101393
1722,0.8616666666666667,0.8616440601223893,0.8480801335559266,0.8713550600343053,0.8616440601223894,0.8976342634617827,0.8595600676818951,0.8526351124538437,4.777914042802032
1723,0.8616666666666667,0.8616329489804138,0.8414023372287145,0.8765217391304347,0.8616329489804139,0.8985453715129079,0.8586030664395229,0.8481992595085829,4.777911377477264
1724,0.8533333333333334,0.8532940369278803,0.8297161936560935,0.8704028021015762,0.8532940369278803,0.8925594978788348,0.8495726495726496,0.8375463431075162,5.065736513095096
1725,0.8658333333333333,0.8658010161139336,0.8464106844741235,0.8802083333333334,0.8658010161139336,0.9016428422370618,0.8629787234042554,0.8529609690444144,4.633998476502754
1726,0.8516666666666667,0.8516468101300281,0.8397328881469115,0.8598290598290599,0.8516468101300281,0.8897809739879857,0.8496621621621622,0.8436766185843677,5.123306471069482
1727,0.8591666666666666,0.8591287753577093,0.8363939899833055,0.8758741258741258,0.8591287753577093,0.896967391262049,0.8556789069171647,0.8440026954177898,4.8642583184645405
1728,0.8575,0.8574676596323878,0.8380634390651085,0.8715277777777778,0.8574676596323878,0.8952122750881097,0.854468085106383,0.8445491251682371,4.921824944782967
1729,0.8575,0.8574926597018325,0.8530884808013356,0.8602693602693603,0.8574926597018325,0.8933455872020145,0.8566638725901089,0.8545150501672241,4.921830941763695
1730,0.86,0.8599746110405861,0.8447412353923205,0.8709122203098106,0.8599746110405863,0.8965767278510655,0.8576271186440677,0.8498488411152166,4.835478670126883
1731,0.8666666666666667,0.8666385184403291,0.8497495826377296,0.8791018998272885,0.8666385184403291,0.9019257412325092,0.8641765704584042,0.8554621848739495,4.6052168291715185
1732,0.8525,0.8524870902419173,0.8447412353923205,0.8576271186440678,0.8524870902419173,0.8899341770181941,0.8511354079058032,0.8472873409243133,5.094525490069441
1733,0.8641666666666666,0.8641399003886122,0.8480801335559266,0.8758620689655172,0.8641399003886123,0.8998877679273886,0.8617472434266328,0.8534946236559141,4.691565102821178
1734,0.8675,0.8674676874102428,0.8480801335559266,0.8819444444444444,0.8674676874102428,0.9029289556668522,0.8646808510638299,0.8546433378196502,4.576433182846711
1735,0.86,0.8599746110405861,0.8447412353923205,0.8709122203098106,0.8599746110405863,0.8965767278510655,0.8576271186440677,0.8498488411152166,4.835478670126883
1736,0.8691666666666666,0.8691454698485274,0.8564273789649416,0.8784246575342466,0.8691454698485274,0.9032593515829274,0.8672865595942519,0.8607382550335569,4.518870554515433
1737,0.8675,0.8674704651957367,0.8497495826377296,0.8806228373702422,0.8674704651957368,0.902686210003986,0.8649107901444351,0.8557498318762609,4.576433849177904
1738,0.8708333333333333,0.8707926966463795,0.8464106844741235,0.8894736842105263,0.8707926966463796,0.9062755176756582,0.8674080410607357,0.8546864463924477,4.461300596541049
1739,0.8658333333333333,0.8658121272559091,0.8530884808013356,0.875,0.8658121272559091,0.9007109070673344,0.863905325443787,0.8573825503355706,4.634001141827522
1740,0.8616666666666667,0.8616301711949199,0.8397328881469115,0.8778359511343804,0.8616301711949201,0.8987844196406459,0.8583617747440272,0.8470865611316942,4.777910711146073
1741,0.8725,0.8724371456587379,0.8347245409015025,0.9025270758122744,0.8724371456587379,0.9098758083568884,0.8673026886383347,0.8474576271186439,4.403729972235472
1742,0.8591666666666666,0.859153775427154,0.8514190317195326,0.8644067796610171,0.859153775427154,0.8949962390236081,0.8578637510513036,0.8539852645679841,4.8642643154452685
1743,0.8675,0.8674565762682673,0.8414023372287145,0.8873239436619719,0.8674565762682673,0.9039464737786764,0.8637532133676094,0.8502024291497975,4.576430517521944
1744,0.8633333333333333,0.8632857313492537,0.8347245409015025,0.8849557522123894,0.8632857313492537,0.9010901465569459,0.8591065292096222,0.8443093549476529,4.720342752165263
1745,0.8758333333333334,0.8757899327498132,0.8497495826377296,0.8961267605633803,0.8757899327498132,0.9104381716005551,0.8723221936589546,0.8586369770580298,4.288604049241729
1746,0.8833333333333333,0.8832968980469391,0.8614357262103506,0.900523560209424,0.8832968980469391,0.9155629765432206,0.8805460750853241,0.8689794543617381,4.0295618936175135
1747,0.8591666666666666,0.8591426642851785,0.8447412353923205,0.8694158075601375,0.8591426642851786,0.8958285214762289,0.8569009314140559,0.8495634654130289,4.8642616501205005
1748,0.8575,0.857481548559857,0.8464106844741235,0.8651877133105802,0.857481548559857,0.8941325322256851,0.8556962025316455,0.8501006036217305,4.921828276438927
1749,0.8725,0.8724621457281826,0.8497495826377296,0.8898601398601399,0.8724621457281826,0.9073048612489348,0.8693424423569599,0.8574797843665768,4.403735969216197
1750,0.8708333333333333,0.8707899188608856,0.8447412353923205,0.8908450704225352,0.8707899188608856,0.906543152907428,0.8671808054841474,0.8535762483130903,4.461299930209857
1751,0.8683333333333333,0.8682996341656505,0.8480801335559266,0.8834782608695653,0.8682996341656505,0.9036958638794126,0.8654173764906303,0.854930999663413,4.5476502028530925
1752,0.8633333333333333,0.8633051758477106,0.8464106844741235,0.8756476683937824,0.8633051758477107,0.8993625097672863,0.8607809847198641,0.8521008403361344,4.720347416483605
1753,0.8675,0.8674760207667244,0.8530884808013356,0.8780068728522337,0.8674760207667244,0.9022143434934512,0.8653683319220999,0.8579583613163199,4.576435181840285
1754,0.86,0.8599829443970678,0.8497495826377296,0.8671209540034072,0.8599829443970678,0.8959352683205684,0.8583473861720068,0.8531679517264499,4.835480669120458
1755,0.8583333333333333,0.8582968286023016,0.8363939899833055,0.8743455497382199,0.8582968286023017,0.8962031031940959,0.8549488054607508,0.8437184237116874,4.893041298458159
1756,0.8658333333333333,0.8658037938994275,0.8480801335559266,0.8788927335640139,0.8658037938994275,0.9014031002266368,0.8632115548003398,0.8540685944855415,4.633999142833947
1757,0.8633333333333333,0.8632968424912291,0.8414023372287145,0.8795811518324608,0.8632968424912292,0.9000750778639209,0.8600682593856656,0.8487706298416975,4.72034541749003
1758,0.8591666666666666,0.8591398864996846,0.8430717863105175,0.8706896551724138,0.8591398864996846,0.8960473874081323,0.8566581849024597,0.8484543010752688,4.8642609837893085
1759,0.86,0.85997738882608,0.8464106844741235,0.8696397941680959,0.8599773888260801,0.8963585726544432,0.8578680203045684,0.850956696878147,4.835479336458075
1760,0.86,0.8599634998986108,0.8380634390651085,0.8760907504363001,0.8599634998986109,0.897493761417371,0.8566552901023892,0.8454024924216907,4.835476004802116
1761,0.8625,0.8624648957358214,0.8414023372287145,0.8780487804878049,0.8624648957358215,0.8993088921915929,0.8593350383631713,0.8484848484848486,4.749128397483647
1762,0.8658333333333333,0.8658037938994275,0.8480801335559266,0.8788927335640139,0.8658037938994275,0.9014031002266368,0.8632115548003398,0.8540685944855415,4.633999142833947
1763,0.8575,0.8574704374178816,0.8397328881469115,0.8702422145328721,0.8574704374178816,0.8949875513398918,0.8547153780798641,0.8456624075319434,4.92182561111416
1764,0.8608333333333333,0.8608037800105,0.8430717863105175,0.8737024221453287,0.8608037800105,0.8975537708945898,0.8581138487680544,0.8490248823133826,4.8066950238020745
1765,0.87,0.8699663054619596,0.8497495826377296,0.8852173913043478,0.8699663054619596,0.9049834869710388,0.8671209540034072,0.8566139347021204,4.4900849091970505
1766,0.8658333333333333,0.8658010161139336,0.8464106844741235,0.8802083333333334,0.8658010161139336,0.9016428422370618,0.8629787234042554,0.8529609690444144,4.633998476502754
1767,0.8641666666666666,0.8641149003191675,0.8330550918196995,0.8879003558718861,0.8641149003191676,0.9021443905124594,0.859603789836348,0.8434753211629479,4.6915591058404535
1768,0.8591666666666666,0.8591565532126478,0.8530884808013356,0.8631756756756757,0.8591565532126478,0.8947987449051723,0.8581024349286315,0.855087014725569,4.8642649817764605
1769,0.8675,0.8674760207667244,0.8530884808013356,0.8780068728522337,0.8674760207667244,0.9022143434934512,0.8653683319220999,0.8579583613163199,4.576435181840286
1770,0.8708333333333333,0.8708010300028611,0.8514190317195326,0.8854166666666666,0.8708010300028612,0.905501182526433,0.8680851063829786,0.8580080753701212,4.461302595534625
1771,0.8658333333333333,0.8658010161139336,0.8464106844741235,0.8802083333333334,0.8658010161139336,0.9016428422370618,0.8629787234042554,0.8529609690444144,4.633998476502753
1772,0.865,0.8649690693585259,0.8464106844741235,0.878682842287695,0.8649690693585259,0.9008800967142429,0.8622448979591837,0.8526740665993945,4.662781456496369
1773,0.87,0.8699579721054781,0.8447412353923205,0.8892794376098418,0.8699579721054781,0.9057603365010812,0.8664383561643835,0.8532883642495783,4.4900829102034745
1774,0.865,0.8649551804310567,0.8380634390651085,0.8853615520282186,0.8649551804310568,0.9021291622133304,0.8610634648370498,0.8471144110698616,4.662778124840411
1775,0.8675,0.8674760207667244,0.8530884808013356,0.8780068728522337,0.8674760207667244,0.9022143434934512,0.8653683319220999,0.8579583613163199,4.576435181840286
1776,0.86,0.8599857221825616,0.8514190317195326,0.8658743633276741,0.8599857221825616,0.8957300308569366,0.8585858585858585,0.8542713567839195,4.835481335451651
1777,0.8558333333333333,0.8558370995474988,0.8580968280467446,0.8538205980066446,0.8558370995474988,0.8913753796933611,0.8559533721898418,0.8572381587725151,4.9793989007445045
1778,0.8658333333333333,0.8658010161139336,0.8464106844741235,0.8802083333333334,0.8658010161139336,0.9016428422370618,0.8629787234042554,0.8529609690444144,4.633998476502754
1779,0.8608333333333333,0.8608065577959938,0.8447412353923205,0.8724137931034482,0.8608065577959939,0.8973275142478843,0.8583545377438506,0.8501344086021506,4.8066956901332665
1780,0.865,0.8649690693585259,0.8464106844741235,0.878682842287695,0.8649690693585259,0.9008800967142429,0.8622448979591837,0.8526740665993945,4.662781456496369
1781,0.8616666666666667,0.8616412823368953,0.8464106844741235,0.8726333907056799,0.8616412823368954,0.897855370923235,0.8593220338983051,0.851528384279476,4.77791337647084
1782,0.8675,0.8674704651957367,0.8497495826377296,0.8806228373702422,0.8674704651957368,0.902686210003986,0.8649107901444351,0.8557498318762609,4.576433849177902
1783,0.8575,0.8574871041308448,0.8497495826377296,0.8627118644067797,0.8574871041308448,0.8937307235222547,0.8561816652649286,0.8523107836570665,4.921829609101311
1784,0.8658333333333333,0.8658149050414029,0.8547579298831386,0.8737201365187713,0.8658149050414029,0.900489033200955,0.8641350210970464,0.858484238765929,4.634001808158713
1785,0.8616666666666667,0.8616468379078831,0.8497495826377296,0.8700854700854701,0.8616468379078832,0.8974175263615999,0.8597972972972973,0.8537403555853742,4.777914709133224
1786,0.8641666666666666,0.8641315670321306,0.8430717863105175,0.8797909407665505,0.8641315670321307,0.9005980302052007,0.8610400682011935,0.8501683501683502,4.691563103827604
1787,0.865,0.8649774027150076,0.8514190317195326,0.8747855917667239,0.8649774027150077,0.9001856450764615,0.8629441624365484,0.8559919436052368,4.662783455489946
1788,0.8691666666666666,0.8691426920630335,0.8547579298831386,0.8797250859106529,0.8691426920630335,0.9034915078968956,0.8670618120237086,0.8596373404969779,4.518869888184243
1789,0.86,0.8599718332550923,0.8430717863105175,0.8721934369602763,0.8599718332550923,0.8967992783020635,0.8573853989813242,0.8487394957983193,4.835478003795691
1790,0.8508333333333333,0.8508343078730775,0.8514190317195326,0.85,0.8508343078730776,0.8877928491930996,0.8507089241034195,0.8511348464619494,5.152094115381441
1791,0.8608333333333333,0.8608121133669816,0.8480801335559266,0.8698630136986302,0.8608121133669817,0.8968882402939451,0.8588334742180896,0.8523489932885906,4.8066970227956505
1792,0.8683333333333333,0.8683051897366382,0.8514190317195326,0.8808290155440415,0.8683051897366383,0.9032073569651204,0.8658743633276741,0.8571428571428571,4.5476515355154765
1793,0.8591666666666666,0.8591509976416601,0.8497495826377296,0.8656462585034014,0.8591509976416601,0.8951979205705655,0.8576242628475148,0.8528820375335121,4.864263649114076
1794,0.8775,0.8774566040461224,0.8514190317195326,0.897887323943662,0.8774566040461224,0.9117365111649308,0.8740359897172236,0.8603238866396761,4.2310387555856845
1795,0.8583333333333333,0.8583107175297708,0.8447412353923205,0.8679245283018868,0.8583107175297711,0.8950828818471036,0.8561759729272421,0.8492782813024504,4.893044630114119
1796,0.8658333333333333,0.8657871271864643,0.8380634390651085,0.8869257950530035,0.8657871271864644,0.9029112837257228,0.8618025751072962,0.8474004051316677,4.6339951448467955
1797,0.8533333333333334,0.8533245925683127,0.8480801335559266,0.8566610455311973,0.8533245925683127,0.8902872562102286,0.8523489932885906,0.8497825359652058,5.065743842738207
1798,0.8616666666666667,0.8616523934788708,0.8530884808013356,0.8675721561969439,0.8616523934788708,0.8969969851658064,0.8602693602693602,0.8559463986599665,4.777916041795608
1799,0.8658333333333333,0.8658037938994275,0.8480801335559266,0.8788927335640139,0.8658037938994275,0.9014031002266368,0.8632115548003398,0.8540685944855415,4.633999142833947
1800,0.8725,0.8724843680121334,0.8631051752921536,0.8792517006802721,0.8724843680121334,0.9053451046528797,0.8711036225779275,0.8662868632707775,4.4037412998657315
1801,0.85,0.8499912499756943,0.8447412353923205,0.8532883642495784,0.8499912499756944,0.8877647998209496,0.8489932885906041,0.8464369354299097,5.180874430050292
1802,0.865,0.8649912916424768,0.8597662771285476,0.8684654300168634,0.8649912916424769,0.8991158535727055,0.8640939597315436,0.8614921378387421,4.6627867871459046
1803,0.8633333333333333,0.8633107314186984,0.8497495826377296,0.8730703259005146,0.8633107314186985,0.898909954269122,0.8612521150592218,0.8543135280295402,4.720348749145988
1804,0.8575,0.8574676596323878,0.8380634390651085,0.8715277777777778,0.8574676596323878,0.8952122750881097,0.854468085106383,0.8445491251682371,4.921824944782967
1805,0.8666666666666667,0.8666690740807613,0.8681135225375626,0.8652246256239601,0.8666690740807614,0.8995857407474279,0.8666666666666667,0.8675342008675342,4.60522415881463
1806,0.8608333333333333,0.8608093355814876,0.8464106844741235,0.8711340206185567,0.8608093355814878,0.8971056858796734,0.8585944115156647,0.8512424445936871,4.8066963564644585
1807,0.8658333333333333,0.8658093494704152,0.8514190317195326,0.8762886597938144,0.8658093494704153,0.9009371790900068,0.8636748518204911,0.8562793821356616,4.634000475496329
1808,0.8616666666666667,0.8616579490498585,0.8564273789649416,0.8650927487352446,0.8616579490498585,0.8965933971834265,0.8607382550335569,0.8581465373034459,4.777917374457991
1809,0.8558333333333333,0.8558148772635479,0.8447412353923205,0.8634812286689421,0.8558148772635479,0.8928612320306313,0.8540084388185654,0.8484238765928906,4.97939357009497
1810,0.86,0.8599662776841046,0.8397328881469115,0.8747826086956522,0.8599662776841047,0.8972577484212818,0.8568994889267462,0.8465163244698753,4.835476671133307
1811,0.8675,0.8674954652651813,0.8647746243739566,0.8691275167785235,0.8674954652651814,0.9007010705762399,0.8669456066945608,0.8656417112299466,4.576439846158629
1812,0.8666666666666667,0.8666385184403291,0.8497495826377296,0.8791018998272885,0.8666385184403291,0.9019257412325092,0.8641765704584042,0.8554621848739495,4.6052168291715185
1813,0.855,0.8549690415806709,0.8363939899833055,0.8682842287694974,0.8549690415806709,0.8931724427097348,0.8520408163265306,0.8425832492431887,5.0081732184326295
1814,0.8591666666666666,0.8591648865691294,0.8580968280467446,0.8595317725752508,0.8591648865691294,0.8942309669776644,0.8588137009189641,0.8583834335337343,4.864266980770036
1815,0.86,0.85997738882608,0.8464106844741235,0.8696397941680959,0.8599773888260801,0.8963585726544432,0.8578680203045684,0.850956696878147,4.835479336458075
1816,0.8591666666666666,0.8591371087141908,0.8414023372287145,0.8719723183391004,0.8591371087141908,0.8962706611172409,0.8564146134239592,0.847343644922663,4.864260317458117
1817,0.8658333333333333,0.8658176828268968,0.8564273789649416,0.8724489795918368,0.8658176828268968,0.9002715126117226,0.8643639427127211,0.8595844504021448,4.634002474489903
1818,0.8716666666666667,0.8716357545437626,0.8530884808013356,0.8856152512998267,0.8716357545437627,0.9060185327172476,0.8690476190476191,0.8594012781701984,4.4325202818722
1819,0.8658333333333333,0.8658065716849214,0.8497495826377296,0.8775862068965518,0.8658065716849215,0.9011678947671408,0.8634435962680237,0.8551747311827957,4.633999809165137
1820,0.8633333333333333,0.8632912869202414,0.8380634390651085,0.8822495606326889,0.8632912869202414,0.9005731665155654,0.8595890410958904,0.8465430016863407,4.720344084827647
1821,0.8658333333333333,0.8658093494704152,0.8514190317195326,0.8762886597938144,0.8658093494704153,0.9009371790900068,0.8636748518204911,0.8562793821356616,4.634000475496329
1822,0.8683333333333333,0.8683107453076259,0.8547579298831386,0.8782161234991424,0.8683107453076259,0.9027370266911404,0.8663282571912014,0.8593487747566299,4.5476528681778605
1823,0.8616666666666667,0.8616662824063399,0.8614357262103506,0.8614357262103506,0.8616662824063401,0.8960190595436841,0.8614357262103506,0.8614357262103506,4.777919373451566
1824,0.8716666666666667,0.8716579768277134,0.8664440734557596,0.8752107925801011,0.8716579768277134,0.9041607663512636,0.8708053691275167,0.8681833389093343,4.432525612521734
1825,0.8708333333333333,0.8708093633593427,0.8564273789649416,0.8814432989690721,0.8708093633593427,0.9047686723003402,0.8687552921253174,0.8613163196776361,4.461304594528199
1826,0.8633333333333333,0.8633107314186984,0.8497495826377296,0.8730703259005146,0.8633107314186985,0.898909954269122,0.8612521150592218,0.8543135280295402,4.720348749145988
1827,0.8658333333333333,0.8658065716849214,0.8497495826377296,0.8775862068965518,0.8658065716849215,0.9011678947671408,0.8634435962680237,0.8551747311827957,4.633999809165137
1828,0.8575,0.8574926597018325,0.8530884808013356,0.8602693602693603,0.8574926597018325,0.8933455872020145,0.8566638725901089,0.8545150501672241,4.921830941763695
1829,0.8608333333333333,0.8608093355814876,0.8464106844741235,0.8711340206185567,0.8608093355814878,0.8971056858796734,0.8585944115156647,0.8512424445936871,4.8066963564644585
1830,0.8658333333333333,0.8658121272559091,0.8530884808013356,0.875,0.8658121272559091,0.9007109070673344,0.863905325443787,0.8573825503355706,4.634001141827522
1831,0.865,0.8649746249295137,0.8497495826377296,0.8760757314974182,0.8649746249295138,0.9004126570675741,0.8627118644067796,0.8548874706079946,4.662782789158755
1832,0.8658333333333333,0.8658093494704152,0.8514190317195326,0.8762886597938144,0.8658093494704153,0.9009371790900068,0.8636748518204911,0.8562793821356616,4.634000475496329
1833,0.8708333333333333,0.8708010300028611,0.8514190317195326,0.8854166666666666,0.8708010300028612,0.905501182526433,0.8680851063829786,0.8580080753701212,4.461302595534624
1834,0.865,0.8649801805005014,0.8530884808013356,0.8735042735042735,0.8649801805005014,0.8999630438194711,0.8631756756756757,0.8570949345857097,4.6627841218211366
1835,0.8708333333333333,0.8708260300723057,0.8664440734557596,0.8737373737373737,0.8708260300723057,0.9034240569299,0.8700754400670578,0.8678929765886287,4.461308592515352
1836,0.8475,0.8474704096400267,0.8297161936560935,0.8598615916955017,0.8474704096400268,0.8872888926757976,0.8445199660152931,0.8355749831876261,5.267217373050418
1837,0.8658333333333333,0.8658204606123906,0.8580968280467446,0.8711864406779661,0.8658204606123906,0.9000583010290221,0.8645920941968042,0.8606831882116543,4.634003140821097
1838,0.8666666666666667,0.8666190739418721,0.8380634390651085,0.8884955752212389,0.8666190739418721,0.9036961738098404,0.8625429553264604,0.8476865923674434,4.605212164853176
1839,0.8583333333333333,0.8583246064572402,0.8530884808013356,0.8617200674536256,0.8583246064572402,0.8940709407941473,0.8573825503355704,0.85480093676815,4.893047961770077
1840,0.865,0.8649690693585259,0.8464106844741235,0.878682842287695,0.8649690693585259,0.9008800967142429,0.8622448979591837,0.8526740665993945,4.662781456496369
1841,0.87,0.8699663054619596,0.8497495826377296,0.8852173913043478,0.8699663054619596,0.9049834869710388,0.8671209540034072,0.8566139347021204,4.4900849091970505
1842,0.8675,0.8674815763377121,0.8564273789649416,0.8754266211604096,0.8674815763377121,0.9017603333960088,0.8658227848101266,0.8601609657947686,4.57643651450267
1843,0.8616666666666667,0.8616579490498585,0.8564273789649416,0.8650927487352446,0.8616579490498585,0.8965933971834265,0.8607382550335569,0.8581465373034459,4.777917374457991
1844,0.87,0.8699718610329473,0.8530884808013356,0.8825561312607945,0.8699718610329473,0.9044889726977317,0.8675721561969439,0.8588235294117648,4.490086241859434
1845,0.8658333333333333,0.8658176828268968,0.8564273789649416,0.8724489795918368,0.8658176828268968,0.9002715126117226,0.8643639427127211,0.8595844504021448,4.634002474489903
1846,0.8633333333333333,0.8633357314881429,0.8647746243739566,0.8618968386023295,0.8633357314881431,0.8970857314881431,0.8633333333333333,0.8641975308641975,4.720354746126716
1847,0.86,0.8599829443970678,0.8497495826377296,0.8671209540034072,0.8599829443970678,0.8959352683205684,0.8583473861720068,0.8531679517264499,4.835480669120459
1848,0.8608333333333333,0.8608010022250061,0.8414023372287145,0.875,0.8608010022250061,0.8977845019476905,0.8578723404255318,0.8479138627187081,4.806694357470882
1849,0.8683333333333333,0.8683079675221321,0.8530884808013356,0.8795180722891566,0.8683079675221321,0.9029699432119128,0.8661016949152542,0.8582465569365133,4.5476522018466685
1850,0.8675,0.8674760207667244,0.8530884808013356,0.8780068728522337,0.8674760207667244,0.9022143434934512,0.8653683319220999,0.8579583613163199,4.576435181840286
1851,0.8608333333333333,0.8608037800105,0.8430717863105175,0.8737024221453287,0.8608037800105,0.8975537708945898,0.8581138487680544,0.8490248823133826,4.8066950238020745
1852,0.8558333333333333,0.8558037661215725,0.8380634390651085,0.8685121107266436,0.8558037661215725,0.8937044415625427,0.853016142735769,0.8439811701412239,4.979390904770202
1853,0.8658333333333333,0.8658093494704152,0.8514190317195326,0.8762886597938144,0.8658093494704153,0.9009371790900068,0.8636748518204911,0.8562793821356616,4.634000475496329
1854,0.8633333333333333,0.8632968424912291,0.8414023372287145,0.8795811518324608,0.8632968424912292,0.9000750778639209,0.8600682593856656,0.8487706298416975,4.72034541749003
1855,0.8675,0.8674676874102428,0.8480801335559266,0.8819444444444444,0.8674676874102428,0.9029289556668522,0.8646808510638299,0.8546433378196502,4.57643318284671
1856,0.8608333333333333,0.8608093355814876,0.8464106844741235,0.8711340206185567,0.8608093355814878,0.8971056858796734,0.8585944115156647,0.8512424445936871,4.8066963564644585
1857,0.8575,0.8574732152033755,0.8414023372287145,0.8689655172413793,0.8574732152033755,0.8947672605683803,0.8549618320610686,0.8467741935483871,4.921826277445351
1858,0.855,0.8549718193661648,0.8380634390651085,0.8670120898100173,0.8549718193661648,0.8929544311042296,0.8522920203735145,0.8436974789915965,5.0081738847638215
1859,0.8591666666666666,0.8591204420012277,0.8313856427378965,0.8798586572438163,0.8591204420012277,0.8977054833241898,0.8549356223175966,0.8406482106684672,4.864256319470966
1860,0.8666666666666667,0.8666412962258229,0.8514190317195326,0.8777969018932874,0.866641296225823,0.9016913001397432,0.8644067796610171,0.856567013772254,4.605217495502712
1861,0.8591666666666666,0.8591398864996846,0.8430717863105175,0.8706896551724138,0.8591398864996846,0.8960473874081323,0.8566581849024597,0.8484543010752688,4.8642609837893085
1862,0.865,0.8649690693585259,0.8464106844741235,0.878682842287695,0.8649690693585259,0.9008800967142429,0.8622448979591837,0.8526740665993945,4.662781456496369
1863,0.8641666666666666,0.8641371226031183,0.8464106844741235,0.8771626297577855,0.8641371226031183,0.9001199904492878,0.8615123194562447,0.8523873570948218,4.691564436489989
1864,0.865,0.8649635137875382,0.8430717863105175,0.8813263525305408,0.8649635137875383,0.9013657360871958,0.8617747440273038,0.8504546985517009,4.662780123833987
1865,0.8641666666666666,0.864123233675649,0.8380634390651085,0.8838028169014085,0.8641232336756491,0.9013497946499252,0.8603256212510711,0.8468286099865046,4.6915611048340295
1866,0.8633333333333333,0.8632996202767229,0.8430717863105175,0.8782608695652174,0.8632996202767229,0.899832994604534,0.8603066439522998,0.8498821945472904,4.720346083821221
1867,0.8633333333333333,0.8632968424912291,0.8414023372287145,0.8795811518324608,0.8632968424912292,0.9000750778639209,0.8600682593856656,0.8487706298416975,4.72034541749003
1868,0.8675,0.8674593540537612,0.8430717863105175,0.8859649122807017,0.8674593540537612,0.9036850159622762,0.8639863130881095,0.8513149022252191,4.576431183853135
1869,0.86,0.8599746110405861,0.8447412353923205,0.8709122203098106,0.8599746110405863,0.8965767278510655,0.8576271186440677,0.8498488411152166,4.835478670126883
1870,0.87,0.8699857499604166,0.8614357262103506,0.8760611205432938,0.8699857499604167,0.9033317567101556,0.8686868686868687,0.864321608040201,4.490089573515394
1871,0.8716666666666667,0.8716413101147503,0.8564273789649416,0.8829604130808949,0.8716413101147503,0.9055272293562516,0.8694915254237289,0.861605643265032,4.432521614534582
1872,0.8575,0.8574871041308448,0.8497495826377296,0.8627118644067797,0.8574871041308448,0.8937307235222547,0.8561816652649286,0.8523107836570665,4.921829609101311
1873,0.8541666666666666,0.8541509837527326,0.8447412353923205,0.8605442176870748,0.8541509837527326,0.8913927265396976,0.85256950294861,0.8478552278820374,5.036959530082205
1874,0.865,0.8649801805005014,0.8530884808013356,0.8735042735042735,0.8649801805005014,0.8999630438194711,0.8631756756756757,0.8570949345857097,4.662784121821137
1875,0.8708333333333333,0.8708065855738488,0.8547579298831386,0.8827586206896552,0.8708065855738488,0.9050082752863968,0.8685326547921967,0.8602150537634409,4.461303928197008
1876,0.8666666666666667,0.8666385184403291,0.8497495826377296,0.8791018998272885,0.8666385184403291,0.9019257412325092,0.8641765704584042,0.8554621848739495,4.6052168291715185
1877,0.8683333333333333,0.8682857452381811,0.8397328881469115,0.8902654867256637,0.8682857452381813,0.9049991874362876,0.8642611683848798,0.8493752110773387,4.547646871197133
1878,0.8683333333333333,0.8682968563801565,0.8464106844741235,0.8848167539267016,0.8682968563801565,0.903947052533746,0.8651877133105802,0.8538228359717076,4.547649536521901
1879,0.8675,0.8674732429812305,0.8514190317195326,0.8793103448275862,0.8674732429812306,0.9024480216068927,0.8651399491094148,0.8568548387096775,4.576434515509093
1880,0.8683333333333333,0.8682885230236751,0.8414023372287145,0.8888888888888888,0.8682885230236751,0.904728946392135,0.8644939965694682,0.850489368882889,4.547647537528325
1881,0.8533333333333334,0.8533218147828188,0.8464106844741235,0.8578680203045685,0.8533218147828188,0.8904726857226793,0.8521008403361344,0.8486776029460997,5.065743176407014
1882,0.8716666666666667,0.8716413101147503,0.8564273789649416,0.8829604130808949,0.8716413101147503,0.9055272293562516,0.8694915254237289,0.861605643265032,4.432521614534583
1883,0.8633333333333333,0.8633135092041923,0.8514190317195326,0.8717948717948718,0.8633135092041923,0.8986902850905355,0.8614864864864865,0.8554176450855419,4.7203494154771795
1884,0.8608333333333333,0.8608010022250061,0.8414023372287145,0.875,0.8608010022250061,0.8977845019476905,0.8578723404255318,0.8479138627187081,4.806694357470882
1885,0.8708333333333333,0.8707982522173673,0.8497495826377296,0.8867595818815331,0.8707982522173673,0.9057545822596316,0.8678601875532822,0.8569023569023569,4.461301929203431
1886,0.8675,0.8674621318392549,0.8447412353923205,0.8846153846153846,0.8674621318392551,0.9034283100038524,0.8642186165670367,0.8524258760107817,4.576431850184326
1887,0.87,0.8699635276764658,0.8480801335559266,0.8865619546247818,0.8699635276764658,0.9052377107570208,0.8668941979522183,0.8555069046817109,4.4900842428658585
1888,0.8508333333333333,0.8508120855891266,0.8380634390651085,0.8595890410958904,0.8508120855891266,0.8892429067471661,0.8486897717666948,0.8422818791946308,5.152088784731909
1889,0.8566666666666667,0.8566468240189555,0.8447412353923205,0.864957264957265,0.8566468240189556,0.8935992501747928,0.8547297297297297,0.8487084870848709,4.950610590101354
1890,0.8658333333333333,0.8658065716849214,0.8497495826377296,0.8775862068965518,0.8658065716849215,0.9011678947671408,0.8634435962680237,0.8551747311827957,4.633999809165137
1891,0.8741666666666666,0.8741343725954794,0.8547579298831386,0.8888888888888888,0.8741343725954794,0.9080734093860138,0.8714893617021275,0.8613728129205923,4.346172008222538
1892,0.8666666666666667,0.8666357406548352,0.8480801335559266,0.8804159445407279,0.8666357406548352,0.902164705714994,0.8639455782312926,0.8543558694920956,4.605216162840327
1893,0.8683333333333333,0.8682996341656505,0.8480801335559266,0.8834782608695653,0.8682996341656505,0.9036958638794126,0.8654173764906303,0.854930999663413,4.5476502028530925
1894,0.8566666666666667,0.8566301573059925,0.8347245409015025,0.8726003490401396,0.8566301573059926,0.894912444970821,0.8532423208191127,0.8420343550016841,4.950606592114203
1895,0.8591666666666666,0.8591287753577093,0.8363939899833055,0.8758741258741258,0.8591287753577093,0.896967391262049,0.8556789069171647,0.8440026954177898,4.8642583184645405
1896,0.8641666666666666,0.8641315670321306,0.8430717863105175,0.8797909407665505,0.8641315670321307,0.9005980302052007,0.8610400682011935,0.8501683501683502,4.691563103827604
1897,0.8716666666666667,0.8716357545437626,0.8530884808013356,0.8856152512998267,0.8716357545437627,0.9060185327172476,0.8690476190476191,0.8594012781701984,4.4325202818722
1898,0.8633333333333333,0.8633218425606738,0.8564273789649416,0.868020304568528,0.8633218425606738,0.8980571751000681,0.8621848739495799,0.8587211248744562,4.720351414470756
1899,0.8675,0.8674787985522182,0.8547579298831386,0.8767123287671232,0.8674787985522182,0.9019851293251308,0.8655959425190194,0.8590604026845637,4.576435848171479
1900,0.8625,0.8624621179503276,0.8397328881469115,0.8793706293706294,0.8624621179503277,0.8995517587587704,0.8590947907771136,0.8473719676549865,4.749127731152456
1901,0.8675,0.8674732429812305,0.8514190317195326,0.8793103448275862,0.8674732429812306,0.9024480216068927,0.8651399491094148,0.8568548387096775,4.576434515509094
1902,0.8733333333333333,0.8733052036255656,0.8564273789649416,0.8860103626943006,0.8733052036255656,0.9070522041629544,0.8709677419354839,0.8621848739495799,4.374955654547348
1903,0.8708333333333333,0.8707926966463795,0.8464106844741235,0.8894736842105263,0.8707926966463796,0.9062755176756582,0.8674080410607357,0.8546864463924477,4.461300596541049
1904,0.8683333333333333,0.8683051897366382,0.8514190317195326,0.8808290155440415,0.8683051897366383,0.9032073569651204,0.8658743633276741,0.8571428571428571,4.5476515355154765
1905,0.8725,0.8724649235136764,0.8514190317195326,0.8885017421602788,0.8724649235136765,0.907043720273239,0.8695652173913044,0.8585858585858587,4.403736635547388
1906,0.8716666666666667,0.8716440879002442,0.8580968280467446,0.8816466552315609,0.8716440879002443,0.9052884083058196,0.8697123519458544,0.8627056059080229,4.432522280865776
1907,0.8608333333333333,0.8608176689379693,0.8514190317195326,0.8673469387755102,0.8608176689379693,0.8964663185808547,0.8593091828138163,0.8545576407506702,4.8066983554580345
1908,0.8658333333333333,0.8658149050414029,0.8547579298831386,0.8737201365187713,0.8658149050414029,0.900489033200955,0.8641350210970464,0.858484238765929,4.634001808158713
1909,0.8616666666666667,0.8616468379078831,0.8497495826377296,0.8700854700854701,0.8616468379078832,0.8974175263615999,0.8597972972972973,0.8537403555853742,4.777914709133224
1910,0.8566666666666667,0.8566384906624742,0.8397328881469115,0.8687392055267703,0.8566384906624742,0.894236046836841,0.8539898132427844,0.8453781512605041,4.950608591107779
1911,0.865,0.8649690693585259,0.8464106844741235,0.878682842287695,0.8649690693585259,0.9008800967142429,0.8622448979591837,0.8526740665993945,4.662781456496371
1912,0.8691666666666666,0.8691399142775397,0.8530884808013356,0.8810344827586207,0.8691399142775397,0.9037281484466448,0.8668363019508057,0.8585349462365592,4.51886922185305
1913,0.8675,0.8674676874102428,0.8480801335559266,0.8819444444444444,0.8674676874102428,0.9029289556668522,0.8646808510638299,0.8546433378196502,4.576433182846711
1914,0.86,0.8599718332550923,0.8430717863105175,0.8721934369602763,0.8599718332550923,0.8967992783020635,0.8573853989813242,0.8487394957983193,4.835478003795691
1915,0.8675,0.8674704651957367,0.8497495826377296,0.8806228373702422,0.8674704651957368,0.902686210003986,0.8649107901444351,0.8557498318762609,4.576433849177902
1916,0.8625,0.862473229092303,0.8464106844741235,0.8741379310344828,0.8624732290923031,0.8986076410876365,0.8600508905852418,0.8518145161290323,4.749130396477223
1917,0.8591666666666666,0.8591315531432031,0.8380634390651085,0.8745644599303136,0.8591315531432032,0.8967306161643778,0.8559249786871271,0.8451178451178449,4.864258984795733
1918,0.8733333333333333,0.8733052036255656,0.8564273789649416,0.8860103626943006,0.8733052036255656,0.9070522041629544,0.8709677419354839,0.8621848739495799,4.374955654547348
1919,0.8666666666666667,0.8666468517968106,0.8547579298831386,0.8752136752136752,0.8666468517968106,0.9012358025484069,0.8648648648648649,0.8587722240858773,4.605218828165095
1920,0.8725,0.8724649235136764,0.8514190317195326,0.8885017421602788,0.8724649235136765,0.907043720273239,0.8695652173913044,0.8585858585858587,4.403736635547388
1921,0.8616666666666667,0.8616329489804138,0.8414023372287145,0.8765217391304347,0.8616329489804139,0.8985453715129079,0.8586030664395229,0.8481992595085829,4.777911377477264
1922,0.8675,0.8674649096247489,0.8464106844741235,0.8832752613240418,0.8674649096247489,0.9031763062324158,0.8644501278772377,0.8535353535353535,4.576432516515519
1923,0.8691666666666666,0.8691454698485274,0.8564273789649416,0.8784246575342466,0.8691454698485274,0.9032593515829274,0.8672865595942519,0.8607382550335569,4.518870554515434
1924,0.8658333333333333,0.8658065716849214,0.8497495826377296,0.8775862068965518,0.8658065716849215,0.9011678947671408,0.8634435962680237,0.8551747311827957,4.633999809165137
1925,0.87,0.8699829721749227,0.8597662771285476,0.8773424190800682,0.8699829721749228,0.9035543481043078,0.8684654300168635,0.8632249413342273,4.490088907184201
1926,0.8691666666666666,0.8691232475645765,0.8430717863105175,0.8890845070422535,0.8691232475645765,0.9052448133430522,0.8654670094258783,0.851889338731444,4.518865223865901
1927,0.8716666666666667,0.8716246434017871,0.8464106844741235,0.8910369068541301,0.8716246434017872,0.9070571289974602,0.8681506849315068,0.8549747048903877,4.432517616547432
1928,0.8625,0.8624704513068091,0.8447412353923205,0.8754325259515571,0.8624704513068091,0.8988368806719388,0.8598130841121494,0.8507061197041023,4.749129730146032
1929,0.8641666666666666,0.8641371226031183,0.8464106844741235,0.8771626297577855,0.8641371226031183,0.9001199904492878,0.8615123194562447,0.8523873570948218,4.691564436489989
1930,0.865,0.8649690693585259,0.8464106844741235,0.878682842287695,0.8649690693585259,0.9008800967142429,0.8622448979591837,0.8526740665993945,4.662781456496369
1931,0.8658333333333333,0.8657954605429459,0.8430717863105175,0.8828671328671329,0.8657954605429459,0.902136126255492,0.8625106746370624,0.8507412398921833,4.63399714384037
1932,0.8708333333333333,0.8707954744318734,0.8480801335559266,0.8881118881118881,0.8707954744318734,0.9060126775005741,0.8676345004269856,0.8557951482479785,4.46130126287224
1933,0.865,0.8649829582859953,0.8547579298831386,0.8722316865417377,0.8649829582859953,0.8997448082124381,0.8634064080944353,0.8581964465303384,4.66278478815233
1934,0.8633333333333333,0.8633023980622168,0.8447412353923205,0.8769497400346621,0.8633023980622168,0.8995954877134913,0.8605442176870748,0.8509922637066936,4.720346750152413
1935,0.86,0.85997738882608,0.8464106844741235,0.8696397941680959,0.8599773888260801,0.8963585726544432,0.8578680203045684,0.850956696878147,4.835479336458075
1936,0.8725,0.8724760346556518,0.8580968280467446,0.8831615120274914,0.8724760346556519,0.9060458367037846,0.8704487722269262,0.8629952988582942,4.403739300872157
1937,0.8675,0.8674537984827735,0.8397328881469115,0.8886925795053003,0.8674537984827736,0.9042127338261059,0.8635193133047211,0.8490884537474678,4.576429851190751
1938,0.8766666666666667,0.8766524351456532,0.8681135225375626,0.8828522920203735,0.8766524351456533,0.9083995739456346,0.8754208754208753,0.8710217755443886,4.259828398891221
1939,0.8725,0.8724593679426887,0.8480801335559266,0.8912280701754386,0.8724593679426887,0.9075707685323492,0.8691189050470488,0.8563722184760619,4.403735302885007
1940,0.8633333333333333,0.8633079536332046,0.8480801335559266,0.8743545611015491,0.8633079536332047,0.8991340139954045,0.8610169491525423,0.8532079274437354,4.720348082814797
1941,0.865,0.8649662915730321,0.8447412353923205,0.88,0.8649662915730321,0.9011206176961604,0.8620102214650767,0.8515651295859981,4.662780790165177
1942,0.8691666666666666,0.8691399142775397,0.8530884808013356,0.8810344827586207,0.8691399142775397,0.9037281484466448,0.8668363019508057,0.8585349462365592,4.51886922185305
1943,0.8741666666666666,0.8741399281664671,0.8580968280467446,0.8862068965517241,0.8741399281664672,0.9075685289659008,0.8719253604749788,0.8635752688172044,4.346173340884922
1944,0.8658333333333333,0.8658065716849214,0.8497495826377296,0.8775862068965518,0.8658065716849215,0.9011678947671408,0.8634435962680237,0.8551747311827957,4.633999809165137
1945,0.87,0.8699579721054781,0.8447412353923205,0.8892794376098418,0.8699579721054781,0.9057603365010812,0.8664383561643835,0.8532883642495783,4.4900829102034745
1946,0.8633333333333333,0.8633079536332046,0.8480801335559266,0.8743545611015491,0.8633079536332047,0.8991340139954045,0.8610169491525423,0.8532079274437354,4.720348082814797
1947,0.8591666666666666,0.8591398864996846,0.8430717863105175,0.8706896551724138,0.8591398864996846,0.8960473874081323,0.8566581849024597,0.8484543010752688,4.8642609837893085
1948,0.87,0.8699718610329473,0.8530884808013356,0.8825561312607945,0.8699718610329473,0.9044889726977317,0.8675721561969439,0.8588235294117648,4.490086241859434
1949,0.8708333333333333,0.8707954744318734,0.8480801335559266,0.8881118881118881,0.8707954744318734,0.9060126775005741,0.8676345004269856,0.8557951482479785,4.46130126287224
1950,0.8675,0.8674510206972796,0.8380634390651085,0.8900709219858156,0.8674510206972796,0.9044838471921288,0.8632846087704213,0.8479729729729729,4.576429184859558
1951,0.8633333333333333,0.8633246203461676,0.8580968280467446,0.8667790893760541,0.8633246203461676,0.8978546253780659,0.8624161073825504,0.8598193375710941,4.720352080801948
1952,0.8566666666666667,0.8566496018044494,0.8464106844741235,0.8637137989778535,0.8566496018044494,0.8933955750593218,0.8549747048903878,0.8498156218571907,4.950611256432545
1953,0.8683333333333333,0.8683107453076259,0.8547579298831386,0.8782161234991424,0.8683107453076259,0.9027370266911404,0.8663282571912014,0.8593487747566299,4.5476528681778605
1954,0.8691666666666666,0.869134358706552,0.8497495826377296,0.8836805555555556,0.869134358706552,0.9042150690966426,0.8663829787234043,0.8563257065948857,4.518867889190668
1955,0.8641666666666666,0.8641537893160814,0.8564273789649416,0.8694915254237288,0.8641537893160814,0.8987927855276685,0.8629100084104291,0.8590087073007368,4.69156843447714
1956,0.8683333333333333,0.8682857452381811,0.8397328881469115,0.8902654867256637,0.8682857452381813,0.9049991874362876,0.8642611683848798,0.8493752110773387,4.547646871197133
1957,0.8566666666666667,0.8566412684479678,0.8414023372287145,0.8674698795180723,0.8566412684479681,0.8940194417067268,0.8542372881355932,0.846489754786698,4.950609257438969
1958,0.8708333333333333,0.8708038077883551,0.8530884808013356,0.8840830449826992,0.8708038077883551,0.905252429558684,0.8683092608326253,0.8591123066577001,4.461303261865816
1959,0.8683333333333333,0.8683024119511443,0.8497495826377296,0.8821490467937608,0.8683024119511444,0.9034493147157452,0.8656462585034014,0.8560376723847964,4.5476508691842845
1960,0.8591666666666666,0.859153775427154,0.8514190317195326,0.8644067796610171,0.859153775427154,0.8949962390236081,0.8578637510513036,0.8539852645679841,4.8642643154452685
1961,0.8616666666666667,0.8616357267659076,0.8430717863105175,0.8752166377816292,0.8616357267659076,0.8983108787127401,0.8588435374149661,0.8493104608139925,4.777912043808457
1962,0.8666666666666667,0.8666246295128597,0.8414023372287145,0.8857644991212654,0.8666246295128597,0.9031667515083234,0.8630136986301371,0.8499156829679595,4.605213497515559
1963,0.8641666666666666,0.8641371226031183,0.8464106844741235,0.8771626297577855,0.8641371226031183,0.9001199904492878,0.8615123194562447,0.8523873570948218,4.691564436489989
1964,0.865,0.8649662915730321,0.8447412353923205,0.88,0.8649662915730321,0.9011206176961604,0.8620102214650767,0.8515651295859981,4.662780790165177
1965,0.8716666666666667,0.8716246434017871,0.8464106844741235,0.8910369068541301,0.8716246434017872,0.9070571289974602,0.8681506849315068,0.8549747048903877,4.432517616547432
1966,0.8558333333333333,0.8558093216925602,0.8414023372287145,0.865979381443299,0.8558093216925603,0.8932741926693399,0.8535139712108383,0.8462055070517126,4.979392237432586
1967,0.8658333333333333,0.8658093494704152,0.8514190317195326,0.8762886597938144,0.8658093494704153,0.9009371790900068,0.8636748518204911,0.8562793821356616,4.634000475496329
1968,0.8641666666666666,0.8641287892466367,0.8414023372287145,0.8811188811188811,0.8641287892466368,0.9008439425071312,0.860802732707088,0.8490566037735849,4.691562437496413
1969,0.8675,0.8674704651957367,0.8497495826377296,0.8806228373702422,0.8674704651957368,0.902686210003986,0.8649107901444351,0.8557498318762609,4.576433849177902
1970,0.8658333333333333,0.8658204606123906,0.8580968280467446,0.8711864406779661,0.8658204606123906,0.9000583010290221,0.8645920941968042,0.8606831882116543,4.634003140821097
1971,0.8666666666666667,0.8666440740113167,0.8530884808013356,0.8765008576329331,0.8666440740113167,0.9014613358838012,0.8646362098138748,0.8576703591809333,4.605218161833903
1972,0.865,0.8649551804310567,0.8380634390651085,0.8853615520282186,0.8649551804310568,0.9021291622133304,0.8610634648370498,0.8471144110698616,4.662778124840411
1973,0.8633333333333333,0.8633246203461676,0.8580968280467446,0.8667790893760541,0.8633246203461676,0.8978546253780659,0.8624161073825504,0.8598193375710941,4.720352080801948
1974,0.8533333333333334,0.8533107036408434,0.8397328881469115,0.8627787307032591,0.8533107036408435,0.8912558094250853,0.8510998307952623,0.844243034575361,5.065740511082247
1975,0.8675,0.8674593540537612,0.8430717863105175,0.8859649122807017,0.8674593540537612,0.9036850159622762,0.8639863130881095,0.8513149022252191,4.576431183853135
1976,0.8641666666666666,0.8641343448176244,0.8447412353923205,0.8784722222222222,0.8641343448176244,0.9003567288072714,0.8612765957446809,0.8512786002691789,4.691563770158796
1977,0.8633333333333333,0.8632940647057352,0.8397328881469115,0.8809106830122592,0.8632940647057352,0.9003217855795854,0.8598290598290598,0.8476575665655544,4.720344751158838
1978,0.8641666666666666,0.8641287892466367,0.8414023372287145,0.8811188811188811,0.8641287892466368,0.9008439425071312,0.860802732707088,0.8490566037735849,4.691562437496413
1979,0.8683333333333333,0.8683051897366382,0.8514190317195326,0.8808290155440415,0.8683051897366383,0.9032073569651204,0.8658743633276741,0.8571428571428571,4.5476515355154765
1980,0.8608333333333333,0.8608148911524754,0.8497495826377296,0.8686006825938567,0.8608148911524754,0.8966751326157931,0.8590717299578059,0.8534540576794097,4.806697689126842
1981,0.8683333333333333,0.8683107453076259,0.8547579298831386,0.8782161234991424,0.8683107453076259,0.9027370266911404,0.8663282571912014,0.8593487747566299,4.5476528681778605
1982,0.8675,0.8674732429812305,0.8514190317195326,0.8793103448275862,0.8674732429812306,0.9024480216068927,0.8651399491094148,0.8568548387096775,4.576434515509093
1983,0.8691666666666666,0.8691399142775397,0.8530884808013356,0.8810344827586207,0.8691399142775397,0.9037281484466448,0.8668363019508057,0.8585349462365592,4.51886922185305
1984,0.8641666666666666,0.8641287892466367,0.8414023372287145,0.8811188811188811,0.8641287892466368,0.9008439425071312,0.860802732707088,0.8490566037735849,4.691562437496413
1985,0.8616666666666667,0.8616273934094261,0.8380634390651085,0.8791593695271454,0.8616273934094261,0.8990280709627936,0.8581196581196581,0.8459723626558813,4.777910044814881
1986,0.8658333333333333,0.8658010161139336,0.8464106844741235,0.8802083333333334,0.8658010161139336,0.9016428422370618,0.8629787234042554,0.8529609690444144,4.633998476502754
1987,0.8691666666666666,0.8691315809210581,0.8480801335559266,0.8850174216027874,0.8691315809210581,0.9044654442460236,0.8661551577152601,0.8552188552188552,4.518867222859474
1988,0.86,0.8599746110405861,0.8447412353923205,0.8709122203098106,0.8599746110405863,0.8965767278510655,0.8576271186440677,0.8498488411152166,4.835478670126883
1989,0.8658333333333333,0.865792682757452,0.8414023372287145,0.8842105263157894,0.865792682757452,0.9023897651055852,0.8622754491017964,0.8496291301416049,4.633996477509178
1990,0.8566666666666667,0.8566329350914863,0.8363939899833055,0.871304347826087,0.8566329350914864,0.8946825022380296,0.8534923339011924,0.8431504543924604,4.950607258445394
1991,0.8633333333333333,0.8633135092041923,0.8514190317195326,0.8717948717948718,0.8633135092041923,0.8986902850905355,0.8614864864864865,0.8554176450855419,4.7203494154771795
1992,0.86,0.8599829443970678,0.8497495826377296,0.8671209540034072,0.8599829443970678,0.8959352683205684,0.8583473861720068,0.8531679517264499,4.835480669120458
1993,0.855,0.8549718193661648,0.8380634390651085,0.8670120898100173,0.8549718193661648,0.8929544311042296,0.8522920203735145,0.8436974789915965,5.0081738847638215
1994,0.8575,0.8574704374178816,0.8397328881469115,0.8702422145328721,0.8574704374178816,0.8949875513398918,0.8547153780798641,0.8456624075319434,4.92182561111416
1995,0.8566666666666667,0.8566412684479678,0.8414023372287145,0.8674698795180723,0.8566412684479681,0.8940194417067268,0.8542372881355932,0.846489754786698,4.950609257438969
1996,0.8633333333333333,0.8633051758477106,0.8464106844741235,0.8756476683937824,0.8633051758477107,0.8993625097672863,0.8607809847198641,0.8521008403361344,4.720347416483605
1997,0.8566666666666667,0.8566301573059925,0.8347245409015025,0.8726003490401396,0.8566301573059926,0.894912444970821,0.8532423208191127,0.8420343550016841,4.950606592114203
1998,0.855,0.8549745971516587,0.8397328881469115,0.8657487091222031,0.8549745971516588,0.8927407986345574,0.8525423728813559,0.8448102116224386,5.008174551095013
1999,0.8658333333333333,0.8658010161139336,0.8464106844741235,0.8802083333333334,0.8658010161139336,0.9016428422370618,0.8629787234042554,0.8529609690444144,4.633998476502754
2000,0.8625,0.8624648957358214,0.8414023372287145,0.8780487804878049,0.8624648957358215,0.8993088921915929,0.8593350383631713,0.8484848484848486,4.7491283974836485
2001,0.8641666666666666,0.8641204558901552,0.8363939899833055,0.8851590106007067,0.8641204558901553,0.9016098336253396,0.8600858369098713,0.8457123565158675,4.6915604385028375
2002,0.8633333333333333,0.8633079536332046,0.8480801335559266,0.8743545611015491,0.8633079536332047,0.8991340139954045,0.8610169491525423,0.8532079274437354,4.720348082814797
2003,0.8591666666666666,0.8591315531432031,0.8380634390651085,0.8745644599303136,0.8591315531432032,0.8967306161643778,0.8559249786871271,0.8451178451178449,4.864258984795733
2004,0.8575,0.857481548559857,0.8464106844741235,0.8651877133105802,0.857481548559857,0.8941325322256851,0.8556962025316455,0.8501006036217305,4.921828276438927
2005,0.86,0.8599662776841046,0.8397328881469115,0.8747826086956522,0.8599662776841047,0.8972577484212818,0.8568994889267462,0.8465163244698753,4.835476671133307
2006,0.8625,0.862473229092303,0.8464106844741235,0.8741379310344828,0.8624732290923031,0.8986076410876365,0.8600508905852418,0.8518145161290323,4.749130396477222
2007,0.8675,0.8674565762682673,0.8414023372287145,0.8873239436619719,0.8674565762682673,0.9039464737786764,0.8637532133676094,0.8502024291497975,4.576430517521944
2008,0.86,0.8599662776841046,0.8397328881469115,0.8747826086956522,0.8599662776841047,0.8972577484212818,0.8568994889267462,0.8465163244698753,4.835476671133309
2009,0.8616666666666667,0.8616246156239322,0.8363939899833055,0.8804920913884007,0.8616246156239322,0.8992763740191865,0.8578767123287672,0.8448566610455314,4.777909378483691
2010,0.8633333333333333,0.8632940647057352,0.8397328881469115,0.8809106830122592,0.8632940647057352,0.9003217855795854,0.8598290598290598,0.8476575665655544,4.720344751158838
2011,0.8658333333333333,0.8658149050414029,0.8547579298831386,0.8737201365187713,0.8658149050414029,0.900489033200955,0.8641350210970464,0.858484238765929,4.634001808158713
2012,0.8666666666666667,0.8666468517968106,0.8547579298831386,0.8752136752136752,0.8666468517968106,0.9012358025484069,0.8648648648648649,0.8587722240858773,4.605218828165095
2013,0.8741666666666666,0.8741371503809733,0.8564273789649416,0.8875432525951558,0.8741371503809733,0.907818649113382,0.8717077315208157,0.8624747814391392,4.3461726745537295
2014,0.8708333333333333,0.8708038077883551,0.8530884808013356,0.8840830449826992,0.8708038077883551,0.905252429558684,0.8683092608326253,0.8591123066577001,4.461303261865816
2015,0.8691666666666666,0.8691676921324781,0.8697829716193656,0.8683333333333333,0.8691676921324781,0.9015581524763494,0.8690575479566306,0.8694926568758344,4.518875885164969
2016,0.8575,0.8574704374178816,0.8397328881469115,0.8702422145328721,0.8574704374178816,0.8949875513398918,0.8547153780798641,0.8456624075319434,4.92182561111416
2017,0.8625,0.8624843402342784,0.8530884808013356,0.8690476190476191,0.8624843402342784,0.897734716591144,0.8609941027801179,0.8562332439678284,4.749133061801991
2018,0.8691666666666666,0.8691288031355642,0.8464106844741235,0.8863636363636364,0.8691288031355642,0.9047204937522132,0.865926558497011,0.8541105121293799,4.518866556528284
2019,0.855,0.8549829305081402,0.8447412353923205,0.8620102214650767,0.8549829305081402,0.8921257284286985,0.8532883642495784,0.8481394569225612,5.008176550088588
2020,0.8633333333333333,0.8633051758477106,0.8464106844741235,0.8756476683937824,0.8633051758477107,0.8993625097672863,0.8607809847198641,0.8521008403361344,4.720347416483605
2021,0.8666666666666667,0.8666329628693412,0.8464106844741235,0.8817391304347826,0.8666329628693412,0.9024082407877864,0.8637137989778534,0.8532480646247055,4.6052154965091345
2022,0.8608333333333333,0.8607926688685246,0.8363939899833055,0.8789473684210526,0.8607926688685246,0.8985040125355124,0.8571428571428571,0.8445718138907619,4.8066923584773065
2023,0.8741666666666666,0.8741315948099856,0.8530884808013356,0.8902439024390244,0.8741315948099857,0.9083328582868466,0.8712702472293266,0.8602693602693602,4.346171341891346
2024,0.8608333333333333,0.8608010022250061,0.8414023372287145,0.875,0.8608010022250061,0.8977845019476905,0.8578723404255318,0.8479138627187081,4.8066943574708825
2025,0.8666666666666667,0.8666412962258229,0.8514190317195326,0.8777969018932874,0.866641296225823,0.9016913001397432,0.8644067796610171,0.856567013772254,4.6052174955027105
2026,0.86,0.8599746110405861,0.8447412353923205,0.8709122203098106,0.8599746110405863,0.8965767278510655,0.8576271186440677,0.8498488411152166,4.835478670126884
2027,0.8633333333333333,0.8632996202767229,0.8430717863105175,0.8782608695652174,0.8632996202767229,0.899832994604534,0.8603066439522998,0.8498821945472904,4.720346083821221
2028,0.8658333333333333,0.8658010161139336,0.8464106844741235,0.8802083333333334,0.8658010161139336,0.9016428422370618,0.8629787234042554,0.8529609690444144,4.633998476502754
2029,0.8691666666666666,0.869134358706552,0.8497495826377296,0.8836805555555556,0.869134358706552,0.9042150690966426,0.8663829787234043,0.8563257065948857,4.518867889190668
2030,0.86,0.8599801666115742,0.8480801335559266,0.8683760683760684,0.8599801666115741,0.8961447676326642,0.8581081081081081,0.8520630660852064,4.835480002789267
2031,0.87,0.8699663054619596,0.8497495826377296,0.8852173913043478,0.8699663054619596,0.9049834869710388,0.8671209540034072,0.8566139347021204,4.4900849091970505
2032,0.8708333333333333,0.8707899188608856,0.8447412353923205,0.8908450704225352,0.8707899188608856,0.906543152907428,0.8671808054841474,0.8535762483130903,4.461299930209857
2033,0.8708333333333333,0.8707926966463795,0.8464106844741235,0.8894736842105263,0.8707926966463796,0.9062755176756582,0.8674080410607357,0.8546864463924477,4.461300596541049
2034,0.8583333333333333,0.8582829396748324,0.8280467445742905,0.8809946714031972,0.8582829396748325,0.8974373746554106,0.8537005163511189,0.8381209868198716,4.8930379668022015
2035,0.8616666666666667,0.8616385045514015,0.8447412353923205,0.8739205526770294,0.8616385045514015,0.8980808940346751,0.8590831918505942,0.8504201680672268,4.777912710139648
2036,0.8625,0.8624760068777969,0.8480801335559266,0.872852233676976,0.8624760068777969,0.8983828502831179,0.8602878916172735,0.8529214237743453,4.749131062808416
2037,0.8708333333333333,0.8707843632898978,0.8414023372287145,0.8936170212765957,0.8707843632898981,0.9070930125859884,0.8667239896818573,0.8513513513513513,4.461298597547473
2038,0.8741666666666666,0.8741204836680101,0.8464106844741235,0.8957597173144877,0.8741204836680102,0.9094185342276392,0.8703862660944206,0.8558406482106683,4.346168676566578
2039,0.87,0.8699718610329473,0.8530884808013356,0.8825561312607945,0.8699718610329473,0.9044889726977317,0.8675721561969439,0.8588235294117648,4.490086241859434
2040,0.8625,0.8624871180197723,0.8547579298831386,0.8677966101694915,0.8624871180197723,0.897527270026315,0.8612279226240538,0.8573342263898193,4.749133728133182
2041,0.8691666666666666,0.8691260253500703,0.8447412353923205,0.887719298245614,0.8691260253500704,0.9049802668189674,0.8656971770744226,0.8530006743088335,4.518865890197092
2042,0.8733333333333333,0.8733107591965533,0.8597662771285476,0.8833619210977701,0.8733107591965534,0.9065640991131588,0.8714043993231809,0.8643840214837194,4.374956987209732
2043,0.8566666666666667,0.8566440462334617,0.8430717863105175,0.8662092624356775,0.8566440462334618,0.8938071910397642,0.8544839255499155,0.8475998657267539,4.95060992377016
2044,0.8608333333333333,0.8608065577959938,0.8447412353923205,0.8724137931034482,0.8608065577959939,0.8973275142478843,0.8583545377438506,0.8501344086021506,4.8066956901332665
2045,0.8641666666666666,0.864123233675649,0.8380634390651085,0.8838028169014085,0.8641232336756491,0.9013497946499252,0.8603256212510711,0.8468286099865046,4.691561104834029
2046,0.8625,0.8624787846632908,0.8497495826377296,0.8715753424657534,0.8624787846632909,0.8981624625517415,0.8605240912933221,0.8540268456375839,4.749131729139607
2047,0.87,0.8699579721054781,0.8447412353923205,0.8892794376098418,0.8699579721054781,0.9057603365010812,0.8664383561643835,0.8532883642495783,4.4900829102034745
2048,0.8625,0.8624621179503276,0.8397328881469115,0.8793706293706294,0.8624621179503277,0.8995517587587704,0.8590947907771136,0.8473719676549865,4.749127731152456
2049,0.8708333333333333,0.8708093633593427,0.8564273789649416,0.8814432989690721,0.8708093633593427,0.9047686723003402,0.8687552921253174,0.8613163196776361,4.4613045945282
2050,0.8658333333333333,0.8658065716849214,0.8497495826377296,0.8775862068965518,0.8658065716849215,0.9011678947671408,0.8634435962680237,0.8551747311827957,4.633999809165137
2051,0.8658333333333333,0.8658065716849214,0.8497495826377296,0.8775862068965518,0.8658065716849215,0.9011678947671408,0.8634435962680237,0.8551747311827957,4.633999809165137
2052,0.8741666666666666,0.8741343725954794,0.8547579298831386,0.8888888888888888,0.8741343725954794,0.9080734093860138,0.8714893617021275,0.8613728129205923,4.346172008222538
2053,0.8716666666666667,0.8716413101147503,0.8564273789649416,0.8829604130808949,0.8716413101147503,0.9055272293562516,0.8694915254237289,0.861605643265032,4.432521614534582
2054,0.8633333333333333,0.8632968424912291,0.8414023372287145,0.8795811518324608,0.8632968424912292,0.9000750778639209,0.8600682593856656,0.8487706298416975,4.72034541749003
2055,0.87,0.8699690832474535,0.8514190317195326,0.8838821490467937,0.8699690832474536,0.9047339237164964,0.8673469387755102,0.8577194752774976,4.490085575528242
2056,0.8683333333333333,0.8682885230236751,0.8414023372287145,0.8888888888888888,0.8682885230236751,0.904728946392135,0.8644939965694682,0.850489368882889,4.547647537528325
2057,0.8691666666666666,0.8691315809210581,0.8480801335559266,0.8850174216027874,0.8691315809210581,0.9044654442460236,0.8661551577152601,0.8552188552188552,4.518867222859477
2058,0.8791666666666667,0.8791232753424315,0.8530884808013356,0.8996478873239436,0.8791232753424316,0.9130348507293062,0.8757497857754928,0.8620107962213225,4.173473461929642
2059,0.8633333333333333,0.8633135092041923,0.8514190317195326,0.8717948717948718,0.8633135092041923,0.8986902850905355,0.8614864864864865,0.8554176450855419,4.7203494154771795
2060,0.8566666666666667,0.8566440462334617,0.8430717863105175,0.8662092624356775,0.8566440462334618,0.8938071910397642,0.8544839255499155,0.8475998657267539,4.950609923770161
2061,0.865,0.8649774027150076,0.8514190317195326,0.8747855917667239,0.8649774027150077,0.9001856450764615,0.8629441624365484,0.8559919436052368,4.662783455489946
2062,0.8608333333333333,0.8607982244395123,0.8397328881469115,0.8763066202090593,0.8607982244395124,0.8980197541779854,0.8576300085251491,0.8468013468013468,4.8066936911396905
2063,0.8716666666666667,0.8716385323292565,0.8547579298831386,0.8842832469775475,0.8716385323292565,0.9057705884303432,0.8692699490662141,0.8605042016806722,4.432520948203392
2064,0.865,0.8649607360020444,0.8414023372287145,0.882661996497373,0.8649607360020444,0.901615500196377,0.8615384615384615,0.8493427704752274,4.662779457502795
2065,0.8691666666666666,0.8691371364920458,0.8514190317195326,0.8823529411764706,0.8691371364920459,0.9039693197813348,0.8666100254885301,0.8574310692669806,4.51886855552186
2066,0.87,0.8699579721054781,0.8447412353923205,0.8892794376098418,0.8699579721054781,0.9057603365010812,0.8664383561643835,0.8532883642495783,4.4900829102034745
2067,0.8716666666666667,0.8716301989727749,0.8497495826377296,0.8883071553228621,0.8716301989727749,0.906528368980296,0.8686006825938567,0.8571909733917145,4.432518949209816
2068,0.8691666666666666,0.869151025419515,0.8597662771285476,0.8758503401360545,0.8691510254195152,0.9028083086323012,0.8677337826453244,0.8629356568364611,4.518871887177818
2069,0.8691666666666666,0.8691288031355642,0.8464106844741235,0.8863636363636364,0.8691288031355642,0.9047204937522132,0.865926558497011,0.8541105121293799,4.518866556528284
2070,0.8775,0.8774649374026039,0.8564273789649416,0.8937282229965157,0.8774649374026039,0.910911134314062,0.8746803069053708,0.8636363636363635,4.2310407545792605
2071,0.8608333333333333,0.8608093355814876,0.8464106844741235,0.8711340206185567,0.8608093355814878,0.8971056858796734,0.8585944115156647,0.8512424445936871,4.806696356464457
2072,0.8691666666666666,0.8691399142775397,0.8530884808013356,0.8810344827586207,0.8691399142775397,0.9037281484466448,0.8668363019508057,0.8585349462365592,4.51886922185305
2073,0.8675,0.8674760207667244,0.8530884808013356,0.8780068728522337,0.8674760207667244,0.9022143434934512,0.8653683319220999,0.8579583613163199,4.576435181840286
2074,0.8691666666666666,0.8691288031355642,0.8464106844741235,0.8863636363636364,0.8691288031355642,0.9047204937522132,0.865926558497011,0.8541105121293799,4.518866556528283
2075,0.8608333333333333,0.8608343356509324,0.8614357262103506,0.86,0.8608343356509324,0.8953011964385086,0.8607172643869891,0.8611481975967958,4.806702353445185
2076,0.8633333333333333,0.8632912869202414,0.8380634390651085,0.8822495606326889,0.8632912869202414,0.9005731665155654,0.8595890410958904,0.8465430016863407,4.720344084827647
2077,0.8708333333333333,0.8708176967158242,0.8614357262103506,0.8775510204081632,0.8708176967158243,0.9040767066425902,0.8694187026116259,0.8646112600536193,4.461306593521775
2078,0.8683333333333333,0.8683107453076259,0.8547579298831386,0.8782161234991424,0.8683107453076259,0.9027370266911404,0.8663282571912014,0.8593487747566299,4.5476528681778605
2079,0.8716666666666667,0.8716329767582688,0.8514190317195326,0.8869565217391304,0.8716329767582689,0.9062711100626648,0.8688245315161841,0.8582968697408281,4.432519615541007
2080,0.8741666666666666,0.8741343725954794,0.8547579298831386,0.8888888888888888,0.8741343725954794,0.9080734093860138,0.8714893617021275,0.8613728129205923,4.346172008222538
2081,0.8616666666666667,0.8616412823368953,0.8464106844741235,0.8726333907056799,0.8616412823368954,0.897855370923235,0.8593220338983051,0.851528384279476,4.77791337647084
2082,0.8666666666666667,0.8666440740113167,0.8530884808013356,0.8765008576329331,0.8666440740113167,0.9014613358838012,0.8646362098138748,0.8576703591809333,4.605218161833903
2083,0.8691666666666666,0.8691426920630335,0.8547579298831386,0.8797250859106529,0.8691426920630335,0.9034915078968956,0.8670618120237086,0.8596373404969779,4.518869888184243
2084,0.8625,0.862473229092303,0.8464106844741235,0.8741379310344828,0.8624732290923031,0.8986076410876365,0.8600508905852418,0.8518145161290323,4.749130396477223
2085,0.8716666666666667,0.8716329767582688,0.8514190317195326,0.8869565217391304,0.8716329767582689,0.9062711100626648,0.8688245315161841,0.8582968697408281,4.432519615541008
2086,0.8725,0.8724815902266395,0.8614357262103506,0.8805460750853242,0.8724815902266396,0.9055742339811708,0.8708860759493672,0.8651911468812877,4.40374063353454
2087,0.8641666666666666,0.8641510115305876,0.8547579298831386,0.8707482993197279,0.8641510115305876,0.8990031146014333,0.8626790227464195,0.8579088471849866,4.691567768145948
2088,0.8741666666666666,0.8741260392389979,0.8497495826377296,0.8929824561403509,0.8741260392389979,0.9088660193890402,0.8708297690333621,0.8580579905596762,4.346170009228962
2089,0.8641666666666666,0.8641371226031183,0.8464106844741235,0.8771626297577855,0.8641371226031183,0.9001199904492878,0.8615123194562447,0.8523873570948218,4.691564436489989
2090,0.8608333333333333,0.8608010022250061,0.8414023372287145,0.875,0.8608010022250061,0.8977845019476905,0.8578723404255318,0.8479138627187081,4.8066943574708825
2091,0.8666666666666667,0.8666440740113167,0.8530884808013356,0.8765008576329331,0.8666440740113167,0.9014613358838012,0.8646362098138748,0.8576703591809333,4.605218161833903
2092,0.8741666666666666,0.8741399281664671,0.8580968280467446,0.8862068965517241,0.8741399281664672,0.9075685289659008,0.8719253604749788,0.8635752688172044,4.346173340884922
2093,0.8658333333333333,0.8658010161139336,0.8464106844741235,0.8802083333333334,0.8658010161139336,0.9016428422370618,0.8629787234042554,0.8529609690444144,4.633998476502754
2094,0.8683333333333333,0.8683107453076259,0.8547579298831386,0.8782161234991424,0.8683107453076259,0.9027370266911404,0.8663282571912014,0.8593487747566299,4.5476528681778605
2095,0.8675,0.8674815763377121,0.8564273789649416,0.8754266211604096,0.8674815763377121,0.9017603333960088,0.8658227848101266,0.8601609657947686,4.57643651450267
2096,0.8666666666666667,0.8666412962258229,0.8514190317195326,0.8777969018932874,0.866641296225823,0.9016913001397432,0.8644067796610171,0.856567013772254,4.605217495502712
2097,0.8675,0.8674787985522182,0.8547579298831386,0.8767123287671232,0.8674787985522182,0.9019851293251308,0.8655959425190194,0.8590604026845637,4.576435848171479
2098,0.8658333333333333,0.8657871271864643,0.8380634390651085,0.8869257950530035,0.8657871271864644,0.9029112837257228,0.8618025751072962,0.8474004051316677,4.6339951448467955
2099,0.8633333333333333,0.8633190647751801,0.8547579298831386,0.8692699490662139,0.8633190647751801,0.8982639394746762,0.861952861952862,0.8576214405360134,4.7203507481395635
2100,0.8641666666666666,0.8641260114611429,0.8397328881469115,0.8824561403508772,0.8641260114611429,0.9010945142488944,0.8605645851154833,0.8479433580579906,4.6915617711652216
2101,0.865,0.8649801805005014,0.8530884808013356,0.8735042735042735,0.8649801805005014,0.8999630438194711,0.8631756756756757,0.8570949345857097,4.662784121821137
2102,0.8658333333333333,0.8658149050414029,0.8547579298831386,0.8737201365187713,0.8658149050414029,0.900489033200955,0.8641350210970464,0.858484238765929,4.634001808158713
2103,0.86,0.8599829443970678,0.8497495826377296,0.8671209540034072,0.8599829443970678,0.8959352683205684,0.8583473861720068,0.8531679517264499,4.835480669120458
2104,0.8633333333333333,0.8632885091347475,0.8363939899833055,0.8835978835978836,0.8632885091347476,0.900829270123928,0.8593481989708405,0.8454269321633479,4.720343418496454
2105,0.8666666666666667,0.8666329628693412,0.8464106844741235,0.8817391304347826,0.8666329628693412,0.9024082407877864,0.8637137989778534,0.8532480646247055,4.6052154965091345
2106,0.8658333333333333,0.8657982383284397,0.8447412353923205,0.8815331010452961,0.8657982383284397,0.9018871682188084,0.8627450980392157,0.8518518518518519,4.633997810171561
2107,0.8675,0.8674732429812305,0.8514190317195326,0.8793103448275862,0.8674732429812306,0.9024480216068927,0.8651399491094148,0.8568548387096775,4.576434515509093
2108,0.865,0.8649857360714891,0.8564273789649416,0.8709677419354839,0.8649857360714891,0.8995308937835461,0.8636363636363636,0.8592964824120602,4.662785454483521
2109,0.8691666666666666,0.8691288031355642,0.8464106844741235,0.8863636363636364,0.8691288031355642,0.9047204937522132,0.865926558497011,0.8541105121293799,4.518866556528283
2110,0.865,0.8649607360020444,0.8414023372287145,0.882661996497373,0.8649607360020444,0.901615500196377,0.8615384615384615,0.8493427704752274,4.662779457502793
2111,0.8758333333333334,0.8758038216772824,0.8580968280467446,0.889273356401384,0.8758038216772825,0.9091017588907312,0.8734069668649107,0.8641560188298588,4.288607380897688
2112,0.87,0.8699801943894289,0.8580968280467446,0.8786324786324786,0.8699801943894291,0.9037813200062782,0.8682432432432432,0.8621268030862128,4.490088240853009
2113,0.875,0.8749663193508871,0.8547579298831386,0.8904347826086957,0.8749663193508871,0.9088463562459169,0.8722316865417378,0.8616627398182432,4.317389028228922
2114,0.8575,0.8574871041308448,0.8497495826377296,0.8627118644067797,0.8574871041308448,0.8937307235222547,0.8561816652649286,0.8523107836570665,4.921829609101311
2115,0.8741666666666666,0.8741149280970224,0.8430717863105175,0.8985765124555161,0.8741149280970225,0.9099908160496836,0.8699397071490096,0.8536173089925627,4.346167343904196
2116,0.8708333333333333,0.8707899188608856,0.8447412353923205,0.8908450704225352,0.8707899188608856,0.906543152907428,0.8671808054841474,0.8535762483130903,4.461299930209857
2117,0.8616666666666667,0.8616190600529445,0.8330550918196995,0.8831858407079646,0.8616190600529445,0.8997871329304987,0.8573883161512028,0.8426207362377575,4.777908045821307
2118,0.8666666666666667,0.8666412962258229,0.8514190317195326,0.8777969018932874,0.866641296225823,0.9016913001397432,0.8644067796610171,0.856567013772254,4.6052174955027105
2119,0.8658333333333333,0.8658010161139336,0.8464106844741235,0.8802083333333334,0.8658010161139336,0.9016428422370618,0.8629787234042554,0.8529609690444144,4.633998476502754
2120,0.8708333333333333,0.8708010300028611,0.8514190317195326,0.8854166666666666,0.8708010300028612,0.905501182526433,0.8680851063829786,0.8580080753701212,4.461302595534624
2121,0.8575,0.8574787707743632,0.8447412353923205,0.8664383561643836,0.8574787707743633,0.894339795778352,0.8554522400676247,0.8489932885906041,4.921827610107736
2122,0.8675,0.8674676874102428,0.8480801335559266,0.8819444444444444,0.8674676874102428,0.9029289556668522,0.8646808510638299,0.8546433378196502,4.57643318284671
2123,0.8591666666666666,0.8591093308592523,0.8247078464106845,0.8853046594982079,0.8591093308592525,0.8987562529544463,0.8539325842696629,0.8361543669600542,4.864253654146199
2124,0.8733333333333333,0.8733107591965533,0.8597662771285476,0.8833619210977701,0.8733107591965534,0.9065640991131588,0.8714043993231809,0.8643840214837194,4.374956987209732
2125,0.8691666666666666,0.8691371364920458,0.8514190317195326,0.8823529411764706,0.8691371364920459,0.9039693197813348,0.8666100254885301,0.8574310692669806,4.51886855552186
2126,0.8641666666666666,0.8641371226031183,0.8464106844741235,0.8771626297577855,0.8641371226031183,0.9001199904492878,0.8615123194562447,0.8523873570948218,4.691564436489989
2127,0.8658333333333333,0.8658065716849214,0.8497495826377296,0.8775862068965518,0.8658065716849215,0.9011678947671408,0.8634435962680237,0.8551747311827957,4.633999809165137
2128,0.8708333333333333,0.8708065855738488,0.8547579298831386,0.8827586206896552,0.8708065855738488,0.9050082752863968,0.8685326547921967,0.8602150537634409,4.461303928197008
2129,0.8608333333333333,0.8608065577959938,0.8447412353923205,0.8724137931034482,0.8608065577959939,0.8973275142478843,0.8583545377438506,0.8501344086021506,4.8066956901332665
2130,0.8691666666666666,0.8691399142775397,0.8530884808013356,0.8810344827586207,0.8691399142775397,0.9037281484466448,0.8668363019508057,0.8585349462365592,4.51886922185305
2131,0.8591666666666666,0.859153775427154,0.8514190317195326,0.8644067796610171,0.859153775427154,0.8949962390236081,0.8578637510513036,0.8539852645679841,4.8642643154452685
2132,0.8666666666666667,0.8666329628693412,0.8464106844741235,0.8817391304347826,0.8666329628693412,0.9024082407877864,0.8637137989778534,0.8532480646247055,4.6052154965091345
2133,0.8608333333333333,0.8607954466540184,0.8380634390651085,0.8776223776223776,0.8607954466540184,0.8982595750104096,0.8573868488471391,0.8456873315363882,4.8066930248084985
2134,0.8691666666666666,0.8691399142775397,0.8530884808013356,0.8810344827586207,0.8691399142775397,0.9037281484466448,0.8668363019508057,0.8585349462365592,4.51886922185305
2135,0.8733333333333333,0.8732968702690841,0.8514190317195326,0.8900523560209425,0.8732968702690842,0.9078190272035708,0.870307167235495,0.8588750421017178,4.374953655553773
2136,0.8558333333333333,0.855812099478054,0.8430717863105175,0.8647260273972602,0.8558120994780541,0.8930655735205555,0.8537616229923921,0.8473154362416107,4.979392903763778
2137,0.8591666666666666,0.8591371087141908,0.8414023372287145,0.8719723183391004,0.8591371087141908,0.8962706611172409,0.8564146134239592,0.847343644922663,4.864260317458117
2138,0.8608333333333333,0.8608065577959938,0.8447412353923205,0.8724137931034482,0.8608065577959939,0.8973275142478843,0.8583545377438506,0.8501344086021506,4.8066956901332665
2139,0.8608333333333333,0.8608037800105,0.8430717863105175,0.8737024221453287,0.8608037800105,0.8975537708945898,0.8581138487680544,0.8490248823133826,4.8066950238020745
2140,0.87,0.8699801943894289,0.8580968280467446,0.8786324786324786,0.8699801943894291,0.9037813200062782,0.8682432432432432,0.8621268030862128,4.490088240853009
2141,0.8608333333333333,0.860823224508957,0.8547579298831386,0.8648648648648649,0.860823224508957,0.8960613973740017,0.8597816960537363,0.8567603748326641,4.8066996881204185
2142,0.8616666666666667,0.8616496156933771,0.8514190317195326,0.8688245315161841,0.8616496156933771,0.8972051149511917,0.8600337268128161,0.8548441166610795,4.777915375464416
2143,0.8608333333333333,0.8608260022944508,0.8564273789649416,0.8636363636363636,0.8608260022944508,0.8958652046339859,0.8600167644593462,0.8578595317725752,4.806700354451609
2144,0.86,0.8599746110405861,0.8447412353923205,0.8709122203098106,0.8599746110405863,0.8965767278510655,0.8576271186440677,0.8498488411152166,4.835478670126883
2145,0.8716666666666667,0.8716413101147503,0.8564273789649416,0.8829604130808949,0.8716413101147503,0.9055272293562516,0.8694915254237289,0.861605643265032,4.432521614534583
2146,0.8666666666666667,0.8666468517968106,0.8547579298831386,0.8752136752136752,0.8666468517968106,0.9012358025484069,0.8648648648648649,0.8587722240858773,4.6052188281650945
2147,0.8616666666666667,0.8616468379078831,0.8497495826377296,0.8700854700854701,0.8616468379078832,0.8974175263615999,0.8597972972972973,0.8537403555853742,4.777914709133224
2148,0.8666666666666667,0.8666385184403291,0.8497495826377296,0.8791018998272885,0.8666385184403291,0.9019257412325092,0.8641765704584042,0.8554621848739495,4.6052168291715185
2149,0.8558333333333333,0.8558204328345357,0.8480801335559266,0.8610169491525423,0.8558204328345357,0.8924652080209011,0.8544995794785535,0.8506363027461488,4.979394902757353
2150,0.87,0.8699857499604166,0.8614357262103506,0.8760611205432938,0.8699857499604167,0.9033317567101556,0.8686868686868687,0.864321608040201,4.490089573515394
2151,0.8666666666666667,0.8666524073677982,0.8580968280467446,0.8726655348047538,0.8666524073677984,0.900797848092416,0.8653198653198653,0.8609715242881072,4.605220160827479
2152,0.8625,0.8624787846632908,0.8497495826377296,0.8715753424657534,0.8624787846632909,0.8981624625517415,0.8605240912933221,0.8540268456375839,4.749131729139607
2153,0.8658333333333333,0.8658149050414029,0.8547579298831386,0.8737201365187713,0.8658149050414029,0.900489033200955,0.8641350210970464,0.858484238765929,4.634001808158713
2154,0.8633333333333333,0.8633246203461676,0.8580968280467446,0.8667790893760541,0.8633246203461676,0.8978546253780659,0.8624161073825504,0.8598193375710941,4.720352080801948
2155,0.8616666666666667,0.8616607268353523,0.8580968280467446,0.8638655462184874,0.8616607268353523,0.8963978537992827,0.8609715242881072,0.8592443998662656,4.777918040789183
2156,0.8591666666666666,0.8591315531432031,0.8380634390651085,0.8745644599303136,0.8591315531432032,0.8967306161643778,0.8559249786871271,0.8451178451178449,4.864258984795733
2157,0.8708333333333333,0.8708093633593427,0.8564273789649416,0.8814432989690721,0.8708093633593427,0.9047686723003402,0.8687552921253174,0.8613163196776361,4.461304594528199
2158,0.865,0.8649829582859953,0.8547579298831386,0.8722316865417377,0.8649829582859953,0.8997448082124381,0.8634064080944353,0.8581964465303384,4.66278478815233
2159,0.8641666666666666,0.8641426781741061,0.8497495826377296,0.8745704467353952,0.8641426781741062,0.8996600146865623,0.8619813717188822,0.8546004029550036,4.691565769152373
2160,0.865,0.8649968472134645,0.8631051752921536,0.8659966499162479,0.8649968472134646,0.8987175792708675,0.8645484949832775,0.8636819244904779,4.6627881198082894
2161,0.87,0.8699885277459104,0.8631051752921536,0.8747884940778342,0.8699885277459105,0.9031135013516608,0.8689075630252101,0.8654168061600267,4.490090239846585
2162,0.87,0.8699718610329473,0.8530884808013356,0.8825561312607945,0.8699718610329473,0.9044889726977317,0.8675721561969439,0.8588235294117648,4.490086241859434
2163,0.8633333333333333,0.8633162869896861,0.8530884808013356,0.8705281090289608,0.8633162869896861,0.8984749615818148,0.8617200674536256,0.8565202815957091,4.720350081808372
2164,0.8641666666666666,0.8641510115305876,0.8547579298831386,0.8707482993197279,0.8641510115305876,0.8990031146014333,0.8626790227464195,0.8579088471849866,4.691567768145948
2165,0.8725,0.8724760346556518,0.8580968280467446,0.8831615120274914,0.8724760346556519,0.9060458367037846,0.8704487722269262,0.8629952988582942,4.403739300872157
2166,0.8658333333333333,0.8658121272559091,0.8530884808013356,0.875,0.8658121272559091,0.9007109070673344,0.863905325443787,0.8573825503355706,4.634001141827522
2167,0.8575,0.8574926597018325,0.8530884808013356,0.8602693602693603,0.8574926597018325,0.8933455872020145,0.8566638725901089,0.8545150501672241,4.921830941763695
2168,0.8666666666666667,0.8666329628693412,0.8464106844741235,0.8817391304347826,0.8666329628693412,0.9024082407877864,0.8637137989778534,0.8532480646247055,4.6052154965091345
2169,0.8608333333333333,0.8608121133669816,0.8480801335559266,0.8698630136986302,0.8608121133669817,0.8968882402939451,0.8588334742180896,0.8523489932885906,4.8066970227956505
2170,0.8633333333333333,0.8633190647751801,0.8547579298831386,0.8692699490662139,0.8633190647751801,0.8982639394746762,0.861952861952862,0.8576214405360134,4.7203507481395635
2171,0.8608333333333333,0.8608260022944508,0.8564273789649416,0.8636363636363636,0.8608260022944508,0.8958652046339859,0.8600167644593462,0.8578595317725752,4.8067003544516105
2172,0.8675,0.8674787985522182,0.8547579298831386,0.8767123287671232,0.8674787985522182,0.9019851293251308,0.8655959425190194,0.8590604026845637,4.576435848171479
2173,0.8658333333333333,0.8658121272559091,0.8530884808013356,0.875,0.8658121272559091,0.9007109070673344,0.863905325443787,0.8573825503355706,4.634001141827522
2174,0.865,0.8649801805005014,0.8530884808013356,0.8735042735042735,0.8649801805005014,0.8999630438194711,0.8631756756756757,0.8570949345857097,4.662784121821137
2175,0.8566666666666667,0.8566551573754372,0.8497495826377296,0.8612521150592216,0.8566551573754372,0.8930008488484755,0.8554621848739495,0.8520254435888852,4.950612589094928
2176,0.8716666666666667,0.8716551990422196,0.8647746243739566,0.8764805414551607,0.8716551990422196,0.9043775829145586,0.8705882352941177,0.8670907264814196,4.432524946190544
2177,0.8641666666666666,0.8641510115305876,0.8547579298831386,0.8707482993197279,0.8641510115305876,0.8990031146014333,0.8626790227464195,0.8579088471849866,4.691567768145948
2178,0.8608333333333333,0.8608065577959938,0.8447412353923205,0.8724137931034482,0.8608065577959939,0.8973275142478843,0.8583545377438506,0.8501344086021506,4.8066956901332665
2179,0.8733333333333333,0.8733107591965533,0.8597662771285476,0.8833619210977701,0.8733107591965534,0.9065640991131588,0.8714043993231809,0.8643840214837194,4.374956987209732
2180,0.8616666666666667,0.8616496156933771,0.8514190317195326,0.8688245315161841,0.8616496156933771,0.8972051149511917,0.8600337268128161,0.8548441166610795,4.777915375464416
2181,0.8566666666666667,0.8566384906624742,0.8397328881469115,0.8687392055267703,0.8566384906624742,0.894236046836841,0.8539898132427844,0.8453781512605041,4.950608591107779
2182,0.8658333333333333,0.8658065716849214,0.8497495826377296,0.8775862068965518,0.8658065716849215,0.9011678947671408,0.8634435962680237,0.8551747311827957,4.633999809165137
2183,0.88,0.8799635554543207,0.8580968280467446,0.8970331588132635,0.8799635554543208,0.9129816600966708,0.8771331058020477,0.8656113169417313,4.1446924809296
2184,0.8658333333333333,0.8658121272559091,0.8530884808013356,0.875,0.8658121272559091,0.9007109070673344,0.863905325443787,0.8573825503355706,4.634001141827522
2185,0.8708333333333333,0.8708176967158242,0.8614357262103506,0.8775510204081632,0.8708176967158243,0.9040767066425902,0.8694187026116259,0.8646112600536193,4.461306593521775
2186,0.875,0.8749802082783563,0.8631051752921536,0.8837606837606837,0.8749802082783563,0.9075995961930852,0.8733108108108107,0.8671586715867159,4.31739235988488
2187,0.8691666666666666,0.8691315809210581,0.8480801335559266,0.8850174216027874,0.8691315809210581,0.9044654442460236,0.8661551577152601,0.8552188552188552,4.518867222859474
2188,0.86,0.8599996111100309,0.8597662771285476,0.8597662771285476,0.8599996111100309,0.8947662771285476,0.8597662771285476,0.8597662771285476,4.83548466710761
2189,0.8625,0.8624787846632908,0.8497495826377296,0.8715753424657534,0.8624787846632909,0.8981624625517415,0.8605240912933221,0.8540268456375839,4.749131729139607
2190,0.8658333333333333,0.8658121272559091,0.8530884808013356,0.875,0.8658121272559091,0.9007109070673344,0.863905325443787,0.8573825503355706,4.634001141827522
2191,0.8658333333333333,0.8658149050414029,0.8547579298831386,0.8737201365187713,0.8658149050414029,0.900489033200955,0.8641350210970464,0.858484238765929,4.634001808158713
2192,0.865,0.8649635137875382,0.8430717863105175,0.8813263525305408,0.8649635137875383,0.9013657360871958,0.8617747440273038,0.8504546985517009,4.662780123833988
2193,0.8583333333333333,0.8583162731007586,0.8480801335559266,0.8654173764906303,0.8583162731007586,0.8946654216899452,0.8566610455311974,0.8514917867918204,4.893045962776502
2194,0.87,0.8699829721749227,0.8597662771285476,0.8773424190800682,0.8699829721749228,0.9035543481043078,0.8684654300168635,0.8632249413342273,4.4900889071842025
2195,0.8691666666666666,0.8691538032050089,0.8614357262103506,0.8745762711864407,0.8691538032050091,0.9025893320317291,0.8679562657695542,0.8640321500334897,4.518872553509009
2196,0.8658333333333333,0.8658232383978844,0.8597662771285476,0.8699324324324325,0.8658232383978846,0.8998493547804901,0.8648194794290511,0.8617804551539493,4.634003807152288
2197,0.8675,0.8674871319086997,0.8597662771285476,0.8728813559322034,0.8674871319086999,0.9013238165303754,0.8662741799831791,0.8623576691225721,4.576437847165053
2198,0.87,0.869977416603935,0.8564273789649416,0.8799313893653516,0.869977416603935,0.90401271749848,0.868020304568528,0.8610271903323263,4.4900875745218185
2199,0.8666666666666667,0.8666412962258229,0.8514190317195326,0.8777969018932874,0.866641296225823,0.9016913001397432,0.8644067796610171,0.856567013772254,4.605217495502712
2200,0.865,0.8649690693585259,0.8464106844741235,0.878682842287695,0.8649690693585259,0.9008800967142429,0.8622448979591837,0.8526740665993945,4.662781456496369
2201,0.8708333333333333,0.8707954744318734,0.8480801335559266,0.8881118881118881,0.8707954744318734,0.9060126775005741,0.8676345004269856,0.8557951482479785,4.46130126287224
2202,0.8575,0.857481548559857,0.8464106844741235,0.8651877133105802,0.857481548559857,0.8941325322256851,0.8556962025316455,0.8501006036217305,4.921828276438927
2203,0.8533333333333334,0.8532968147133742,0.8313856427378965,0.8691099476439791,0.8532968147133743,0.8923311285242711,0.8498293515358363,0.8386662175816773,5.065737179426288
2204,0.8733333333333333,0.8733024258400718,0.8547579298831386,0.8873483535528596,0.8733024258400718,0.9073031417179992,0.8707482993197279,0.8610830810628995,4.374954988216157
2205,0.8633333333333333,0.8633190647751801,0.8547579298831386,0.8692699490662139,0.8633190647751801,0.8982639394746762,0.861952861952862,0.8576214405360134,4.7203507481395635
2206,0.865,0.8649690693585259,0.8464106844741235,0.878682842287695,0.8649690693585259,0.9008800967142429,0.8622448979591837,0.8526740665993945,4.662781456496371
2207,0.8683333333333333,0.8683051897366382,0.8514190317195326,0.8808290155440415,0.8683051897366383,0.9032073569651204,0.8658743633276741,0.8571428571428571,4.5476515355154765
2208,0.87,0.8699524165344903,0.8414023372287145,0.8920353982300885,0.8699524165344904,0.9063022010627348,0.8659793814432989,0.851063829787234,4.4900815775410905
2209,0.8641666666666666,0.8641510115305876,0.8547579298831386,0.8707482993197279,0.8641510115305876,0.8990031146014333,0.8626790227464195,0.8579088471849866,4.691567768145948
2210,0.8683333333333333,0.8683246342350951,0.8631051752921536,0.8718381112984823,0.8683246342350952,0.9016383099619848,0.8674496644295302,0.8648377383740381,4.5476561998338205
2211,0.8658333333333333,0.8658149050414029,0.8547579298831386,0.8737201365187713,0.8658149050414029,0.900489033200955,0.8641350210970464,0.858484238765929,4.634001808158713
2212,0.8575,0.8574732152033755,0.8414023372287145,0.8689655172413793,0.8574732152033755,0.8947672605683803,0.8549618320610686,0.8467741935483871,4.921826277445351
2213,0.8591666666666666,0.8591287753577093,0.8363939899833055,0.8758741258741258,0.8591287753577093,0.896967391262049,0.8556789069171647,0.8440026954177898,4.8642583184645405
2214,0.8708333333333333,0.8708093633593427,0.8564273789649416,0.8814432989690721,0.8708093633593427,0.9047686723003402,0.8687552921253174,0.8613163196776361,4.461304594528199
2215,0.865,0.8649718471440199,0.8480801335559266,0.8773747841105354,0.8649718471440199,0.9006441254998976,0.8624787775891342,0.8537815126050421,4.662782122827561
2216,0.8658333333333333,0.8658149050414029,0.8547579298831386,0.8737201365187713,0.8658149050414029,0.900489033200955,0.8641350210970464,0.858484238765929,4.634001808158713
2217,0.8625,0.8624787846632908,0.8497495826377296,0.8715753424657534,0.8624787846632909,0.8981624625517415,0.8605240912933221,0.8540268456375839,4.749131729139607
2218,0.8675,0.8674676874102428,0.8480801335559266,0.8819444444444444,0.8674676874102428,0.9029289556668522,0.8646808510638299,0.8546433378196502,4.57643318284671
2219,0.8733333333333333,0.8733024258400718,0.8547579298831386,0.8873483535528596,0.8733024258400718,0.9073031417179992,0.8707482993197279,0.8610830810628995,4.374954988216157
2220,0.8675,0.8674760207667244,0.8530884808013356,0.8780068728522337,0.8674760207667244,0.9022143434934512,0.8653683319220999,0.8579583613163199,4.576435181840286
2221,0.8616666666666667,0.8616385045514015,0.8447412353923205,0.8739205526770294,0.8616385045514015,0.8980808940346751,0.8590831918505942,0.8504201680672268,4.777912710139648
2222,0.865,0.8649662915730321,0.8447412353923205,0.88,0.8649662915730321,0.9011206176961604,0.8620102214650767,0.8515651295859981,4.662780790165179
2223,0.8566666666666667,0.8566468240189555,0.8447412353923205,0.864957264957265,0.8566468240189556,0.8935992501747928,0.8547297297297297,0.8487084870848709,4.950610590101354
2224,0.8791666666666667,0.8791343864844069,0.8597662771285476,0.8940972222222222,0.8791343864844069,0.9119317496753848,0.876595744680851,0.8664199192462987,4.173476127254409
2225,0.8666666666666667,0.8666329628693412,0.8464106844741235,0.8817391304347826,0.8666329628693412,0.9024082407877864,0.8637137989778534,0.8532480646247055,4.6052154965091345
2226,0.8625,0.8624760068777969,0.8480801335559266,0.872852233676976,0.8624760068777969,0.8983828502831179,0.8602878916172735,0.8529214237743453,4.749131062808416
2227,0.8691666666666666,0.8691593587759966,0.8647746243739566,0.8720538720538721,0.8691593587759967,0.9021642482139144,0.8683989941324393,0.8662207357859533,4.518873886171393
2228,0.86,0.8599718332550923,0.8430717863105175,0.8721934369602763,0.8599718332550923,0.8967992783020635,0.8573853989813242,0.8487394957983193,4.835478003795691
2229,0.8691666666666666,0.8691371364920458,0.8514190317195326,0.8823529411764706,0.8691371364920459,0.9039693197813348,0.8666100254885301,0.8574310692669806,4.518868555521858
2230,0.8558333333333333,0.8558093216925602,0.8414023372287145,0.865979381443299,0.8558093216925603,0.8932741926693399,0.8535139712108383,0.8462055070517126,4.979392237432587
2231,0.875,0.8749857638493441,0.8664440734557596,0.8811544991511036,0.8749857638493441,0.907132619636765,0.8737373737373737,0.8693467336683417,4.317393692547263
2232,0.8666666666666667,0.8666357406548352,0.8480801335559266,0.8804159445407279,0.8666357406548352,0.902164705714994,0.8639455782312926,0.8543558694920956,4.605216162840327
2233,0.865,0.8649801805005014,0.8530884808013356,0.8735042735042735,0.8649801805005014,0.8999630438194711,0.8631756756756757,0.8570949345857097,4.662784121821137
2234,0.8658333333333333,0.8658260161833783,0.8614357262103506,0.8686868686868687,0.8658260161833784,0.899644630781943,0.8650461022632021,0.862876254180602,4.63400447348348
2235,0.8658333333333333,0.8658121272559091,0.8530884808013356,0.875,0.8658121272559091,0.9007109070673344,0.863905325443787,0.8573825503355706,4.634001141827522
2236,0.865,0.8649690693585259,0.8464106844741235,0.878682842287695,0.8649690693585259,0.9008800967142429,0.8622448979591837,0.8526740665993945,4.662781456496371
2237,0.8725,0.872473256870158,0.8564273789649416,0.8844827586206897,0.872473256870158,0.9062884021261488,0.8702290076335879,0.8618951612903225,4.403738634540965
2238,0.8725,0.872473256870158,0.8564273789649416,0.8844827586206897,0.872473256870158,0.9062884021261488,0.8702290076335879,0.8618951612903225,4.403738634540965
2239,0.8633333333333333,0.8633023980622168,0.8447412353923205,0.8769497400346621,0.8633023980622168,0.8995954877134913,0.8605442176870748,0.8509922637066936,4.720346750152413
2240,0.8733333333333333,0.8733107591965533,0.8597662771285476,0.8833619210977701,0.8733107591965534,0.9065640991131588,0.8714043993231809,0.8643840214837194,4.374956987209732
2241,0.8691666666666666,0.8691482476340212,0.8580968280467446,0.8771331058020477,0.8691482476340213,0.9030316335910628,0.8675105485232066,0.8618376928236082,4.518871220846627
2242,0.8666666666666667,0.8666385184403291,0.8497495826377296,0.8791018998272885,0.8666385184403291,0.9019257412325092,0.8641765704584042,0.8554621848739495,4.6052168291715185
2243,0.855,0.8549829305081402,0.8447412353923205,0.8620102214650767,0.8549829305081402,0.8921257284286985,0.8532883642495784,0.8481394569225612,5.008176550088588
2244,0.8575,0.8574787707743632,0.8447412353923205,0.8664383561643836,0.8574787707743633,0.894339795778352,0.8554522400676247,0.8489932885906041,4.921827610107735
2245,0.8683333333333333,0.8683079675221321,0.8530884808013356,0.8795180722891566,0.8683079675221321,0.9029699432119128,0.8661016949152542,0.8582465569365133,4.5476522018466685
2246,0.8683333333333333,0.8683107453076259,0.8547579298831386,0.8782161234991424,0.8683107453076259,0.9027370266911404,0.8663282571912014,0.8593487747566299,4.5476528681778605
2247,0.8716666666666667,0.8716301989727749,0.8497495826377296,0.8883071553228621,0.8716301989727749,0.906528368980296,0.8686006825938567,0.8571909733917145,4.4325189492098165
2248,0.8658333333333333,0.8658065716849214,0.8497495826377296,0.8775862068965518,0.8658065716849215,0.9011678947671408,0.8634435962680237,0.8551747311827957,4.633999809165137
2249,0.85,0.8499690276917435,0.8313856427378965,0.8630849220103987,0.8499690276917435,0.8893186157074809,0.8469387755102041,0.8375378405650857,5.180869099400757
2250,0.8733333333333333,0.8732940924835902,0.8497495826377296,0.8914185639229422,0.8732940924835902,0.908084073280336,0.8700854700854702,0.857768790023593,4.374952989222581
2251,0.8691666666666666,0.8691426920630335,0.8547579298831386,0.8797250859106529,0.8691426920630335,0.9034915078968956,0.8670618120237086,0.8596373404969779,4.518869888184243
2252,0.8666666666666667,0.8666412962258229,0.8514190317195326,0.8777969018932874,0.866641296225823,0.9016913001397432,0.8644067796610171,0.856567013772254,4.6052174955027105
2253,0.855,0.8549662637951772,0.8347245409015025,0.8695652173913043,0.8549662637951773,0.8933948791464034,0.8517887563884156,0.8414675193537529,5.008172552101437
2254,0.8725,0.8724788124411457,0.8597662771285476,0.8818493150684932,0.8724788124411458,0.9058077960985204,0.8706677937447169,0.8640939597315436,4.4037399672033475
2255,0.8675,0.8674760207667244,0.8530884808013356,0.8780068728522337,0.8674760207667244,0.9022143434934512,0.8653683319220999,0.8579583613163199,4.576435181840285
2256,0.8691666666666666,0.8691426920630335,0.8547579298831386,0.8797250859106529,0.8691426920630335,0.9034915078968956,0.8670618120237086,0.8596373404969779,4.518869888184243
2257,0.8708333333333333,0.8708176967158242,0.8614357262103506,0.8775510204081632,0.8708176967158243,0.9040767066425902,0.8694187026116259,0.8646112600536193,4.461306593521775
2258,0.8708333333333333,0.8707982522173673,0.8497495826377296,0.8867595818815331,0.8707982522173673,0.9057545822596316,0.8678601875532822,0.8569023569023569,4.461301929203431
2259,0.8741666666666666,0.874142705951961,0.8597662771285476,0.8848797250859106,0.8741427059519611,0.9073230011072292,0.872142252328535,0.8646742780389525,4.3461740072161135
2260,0.87,0.8699663054619596,0.8497495826377296,0.8852173913043478,0.8699663054619596,0.9049834869710388,0.8671209540034072,0.8566139347021204,4.4900849091970505
2261,0.8708333333333333,0.8708010300028611,0.8514190317195326,0.8854166666666666,0.8708010300028612,0.905501182526433,0.8680851063829786,0.8580080753701212,4.461302595534624
2262,0.865,0.8649662915730321,0.8447412353923205,0.88,0.8649662915730321,0.9011206176961604,0.8620102214650767,0.8515651295859981,4.662780790165177
2263,0.8658333333333333,0.8658287939688721,0.8631051752921536,0.8674496644295302,0.8658287939688722,0.8994440865275085,0.8652719665271966,0.8639705882352943,4.634005139814672
2264,0.8625,0.862473229092303,0.8464106844741235,0.8741379310344828,0.8624732290923031,0.8986076410876365,0.8600508905852418,0.8518145161290323,4.749130396477223
2265,0.8666666666666667,0.8666274072983535,0.8430717863105175,0.8844133099824869,0.8666274072983536,0.9029092148131688,0.8632478632478633,0.8510279743849006,4.605214163846752
2266,0.8616666666666667,0.8616440601223893,0.8480801335559266,0.8713550600343053,0.8616440601223894,0.8976342634617827,0.8595600676818951,0.8526351124538437,4.777914042802032
2267,0.8666666666666667,0.8666496295823044,0.8564273789649416,0.8739352640545145,0.8666496295823044,0.9010146548430614,0.8650927487352444,0.8598726114649681,4.605219494496287
2268,0.87,0.8699718610329473,0.8530884808013356,0.8825561312607945,0.8699718610329473,0.9044889726977317,0.8675721561969439,0.8588235294117648,4.490086241859434
2269,0.8675,0.8674954652651813,0.8647746243739566,0.8691275167785235,0.8674954652651814,0.9007010705762399,0.8669456066945608,0.8656417112299466,4.576439846158629
2270,0.8716666666666667,0.8716329767582688,0.8514190317195326,0.8869565217391304,0.8716329767582689,0.9062711100626648,0.8688245315161841,0.8582968697408281,4.432519615541007
2271,0.8675,0.8674704651957367,0.8497495826377296,0.8806228373702422,0.8674704651957368,0.902686210003986,0.8649107901444351,0.8557498318762609,4.576433849177902
2272,0.8591666666666666,0.8591482198561663,0.8480801335559266,0.8668941979522184,0.8591482198561664,0.8954038324207392,0.8573839662447257,0.8517773306505702,4.8642629827828845
2273,0.87,0.8699913055314042,0.8647746243739566,0.8735244519392917,0.8699913055314042,0.9028995381566242,0.8691275167785235,0.8665105386416863,4.490090906177777
2274,0.8683333333333333,0.8683024119511443,0.8497495826377296,0.8821490467937608,0.8683024119511444,0.9034493147157452,0.8656462585034014,0.8560376723847964,4.5476508691842845
2275,0.87,0.8699746388184412,0.8547579298831386,0.8812392426850258,0.8699746388184412,0.9042485862840822,0.8677966101694915,0.8599261001007728,4.490086908190626
2276,0.8591666666666666,0.8591648865691294,0.8580968280467446,0.8595317725752508,0.8591648865691294,0.8942309669776644,0.8588137009189641,0.8583834335337343,4.864266980770036
2277,0.8741666666666666,0.8741399281664671,0.8580968280467446,0.8862068965517241,0.8741399281664672,0.9075685289659008,0.8719253604749788,0.8635752688172044,4.346173340884922
2278,0.8616666666666667,0.8616551712643646,0.8547579298831386,0.8663282571912013,0.8616551712643646,0.89679309353717,0.8605042016806722,0.8570472045530634,4.777916708126799
2279,0.8633333333333333,0.8633190647751801,0.8547579298831386,0.8692699490662139,0.8633190647751801,0.8982639394746762,0.861952861952862,0.8576214405360134,4.720350748139565
2280,0.8575,0.8574871041308448,0.8497495826377296,0.8627118644067797,0.8574871041308448,0.8937307235222547,0.8561816652649286,0.8523107836570665,4.921829609101311
2281,0.8516666666666667,0.8516468101300281,0.8397328881469115,0.8598290598290599,0.8516468101300281,0.8897809739879857,0.8496621621621622,0.8436766185843677,5.123306471069482
2282,0.8725,0.8724954791541087,0.8697829716193656,0.8741610738255033,0.8724954791541087,0.9044720227224344,0.8719665271966527,0.8706550802139037,4.4037439651905
2283,0.87,0.8699857499604166,0.8614357262103506,0.8760611205432938,0.8699857499604167,0.9033317567101556,0.8686868686868687,0.864321608040201,4.490089573515394
2284,0.8683333333333333,0.8683107453076259,0.8547579298831386,0.8782161234991424,0.8683107453076259,0.9027370266911404,0.8663282571912014,0.8593487747566299,4.5476528681778605
2285,0.8708333333333333,0.8708121411448365,0.8580968280467446,0.8801369863013698,0.8708121411448366,0.9045335738407236,0.8689771766694844,0.8624161073825505,4.461305260859391
2286,0.86,0.8599912777535493,0.8547579298831386,0.863406408094435,0.8599912777535493,0.8953321689887869,0.8590604026845636,0.8564737370357979,4.835482668114034
2287,0.8641666666666666,0.8641454559595999,0.8514190317195326,0.8732876712328768,0.8641454559595999,0.899436684809538,0.8622147083685545,0.8557046979865772,4.691566435483564
2288,0.8716666666666667,0.8716440879002442,0.8580968280467446,0.8816466552315609,0.8716440879002443,0.9052884083058196,0.8697123519458544,0.8627056059080229,4.432522280865776
2289,0.8675,0.8674732429812305,0.8514190317195326,0.8793103448275862,0.8674732429812306,0.9024480216068927,0.8651399491094148,0.8568548387096775,4.576434515509094
2290,0.87,0.8699801943894289,0.8580968280467446,0.8786324786324786,0.8699801943894291,0.9037813200062782,0.8682432432432432,0.8621268030862128,4.490088240853009
2291,0.8675,0.8674676874102428,0.8480801335559266,0.8819444444444444,0.8674676874102428,0.9029289556668522,0.8646808510638299,0.8546433378196502,4.576433182846711
2292,0.87,0.869977416603935,0.8564273789649416,0.8799313893653516,0.869977416603935,0.90401271749848,0.868020304568528,0.8610271903323263,4.4900875745218185
2293,0.8758333333333334,0.8757954883208009,0.8530884808013356,0.8933566433566433,0.875795488320801,0.909889228745656,0.8727583262169085,0.8608490566037738,4.288605381904112
2294,0.8691666666666666,0.8691315809210581,0.8480801335559266,0.8850174216027874,0.8691315809210581,0.9044654442460236,0.8661551577152601,0.8552188552188552,4.518867222859474
2295,0.8666666666666667,0.8666385184403291,0.8497495826377296,0.8791018998272885,0.8666385184403291,0.9019257412325092,0.8641765704584042,0.8554621848739495,4.6052168291715185
2296,0.8641666666666666,0.8641426781741061,0.8497495826377296,0.8745704467353952,0.8641426781741062,0.8996600146865623,0.8619813717188822,0.8546004029550036,4.691565769152373
2297,0.8716666666666667,0.8716329767582688,0.8514190317195326,0.8869565217391304,0.8716329767582689,0.9062711100626648,0.8688245315161841,0.8582968697408281,4.432519615541007
2298,0.8583333333333333,0.8582968286023016,0.8363939899833055,0.8743455497382199,0.8582968286023017,0.8962031031940959,0.8549488054607508,0.8437184237116874,4.893041298458159
2299,0.8741666666666666,0.874142705951961,0.8597662771285476,0.8848797250859106,0.8741427059519611,0.9073230011072292,0.872142252328535,0.8646742780389525,4.3461740072161135
2300,0.8641666666666666,0.8641565671015753,0.8580968280467446,0.8682432432432432,0.8641565671015753,0.8985867023116605,0.8631402183039464,0.860107095046854,4.691569100808332
2301,0.8725,0.8724760346556518,0.8580968280467446,0.8831615120274914,0.8724760346556519,0.9060458367037846,0.8704487722269262,0.8629952988582942,4.403739300872157
2302,0.865,0.8649718471440199,0.8480801335559266,0.8773747841105354,0.8649718471440199,0.9006441254998976,0.8624787775891342,0.8537815126050421,4.662782122827561
2303,0.865,0.8649718471440199,0.8480801335559266,0.8773747841105354,0.8649718471440199,0.9006441254998976,0.8624787775891342,0.8537815126050421,4.662782122827561
2304,0.8716666666666667,0.8716218656162933,0.8447412353923205,0.8924162257495591,0.8716218656162933,0.9073287305709395,0.8679245283018867,0.8538643266959163,4.4325169502162405
2305,0.865,0.8649662915730321,0.8447412353923205,0.88,0.8649662915730321,0.9011206176961604,0.8620102214650767,0.8515651295859981,4.662780790165177
2306,0.8666666666666667,0.8666357406548352,0.8480801335559266,0.8804159445407279,0.8666357406548352,0.902164705714994,0.8639455782312926,0.8543558694920956,4.605216162840327
2307,0.8741666666666666,0.8741288170244917,0.8514190317195326,0.8916083916083916,0.8741288170244917,0.9085970449972957,0.8710503842869342,0.8591644204851752,4.3461706755601535
2308,0.8666666666666667,0.8666468517968106,0.8547579298831386,0.8752136752136752,0.8666468517968106,0.9012358025484069,0.8648648648648649,0.8587722240858773,4.605218828165095
2309,0.8591666666666666,0.8591454420706723,0.8464106844741235,0.8681506849315068,0.8591454420706724,0.8956140180361485,0.8571428571428571,0.8506711409395974,4.8642623164516925
2310,0.8633333333333333,0.8633079536332046,0.8480801335559266,0.8743545611015491,0.8633079536332047,0.8991340139954045,0.8610169491525423,0.8532079274437354,4.720348082814797
2311,0.8683333333333333,0.8682996341656505,0.8480801335559266,0.8834782608695653,0.8682996341656505,0.9036958638794126,0.8654173764906303,0.854930999663413,4.5476502028530925
2312,0.8658333333333333,0.8657954605429459,0.8430717863105175,0.8828671328671329,0.8657954605429459,0.902136126255492,0.8625106746370624,0.8507412398921833,4.63399714384037
2313,0.8641666666666666,0.8641510115305876,0.8547579298831386,0.8707482993197279,0.8641510115305876,0.8990031146014333,0.8626790227464195,0.8579088471849866,4.691567768145948
2314,0.8658333333333333,0.8658065716849214,0.8497495826377296,0.8775862068965518,0.8658065716849215,0.9011678947671408,0.8634435962680237,0.8551747311827957,4.633999809165137
2315,0.8625,0.8624676735213153,0.8430717863105175,0.8767361111111112,0.8624676735213153,0.899070615377481,0.8595744680851063,0.8495962314939434,4.74912906381484
2316,0.8666666666666667,0.8666246295128597,0.8414023372287145,0.8857644991212654,0.8666246295128597,0.9031667515083234,0.8630136986301371,0.8499156829679595,4.605213497515559
2317,0.8625,0.8624787846632908,0.8497495826377296,0.8715753424657534,0.8624787846632909,0.8981624625517415,0.8605240912933221,0.8540268456375839,4.749131729139607
2318,0.865,0.8649579582165505,0.8397328881469115,0.8840070298769771,0.8649579582165505,0.9018699590119444,0.8613013698630136,0.8482293423271501,4.662778791171604
2319,0.8725,0.8724788124411457,0.8597662771285476,0.8818493150684932,0.8724788124411458,0.9058077960985204,0.8706677937447169,0.8640939597315436,4.403739967203349
2320,0.8691666666666666,0.8691260253500703,0.8447412353923205,0.887719298245614,0.8691260253500704,0.9049802668189674,0.8656971770744226,0.8530006743088335,4.518865890197092
2321,0.8725,0.872473256870158,0.8564273789649416,0.8844827586206897,0.872473256870158,0.9062884021261488,0.8702290076335879,0.8618951612903225,4.403738634540965
2322,0.8608333333333333,0.8608093355814876,0.8464106844741235,0.8711340206185567,0.8608093355814878,0.8971056858796734,0.8585944115156647,0.8512424445936871,4.8066963564644585
2323,0.8641666666666666,0.8641371226031183,0.8464106844741235,0.8771626297577855,0.8641371226031183,0.9001199904492878,0.8615123194562447,0.8523873570948218,4.691564436489989
2324,0.865,0.8649690693585259,0.8464106844741235,0.878682842287695,0.8649690693585259,0.9008800967142429,0.8622448979591837,0.8526740665993945,4.662781456496371
2325,0.8716666666666667,0.8716385323292565,0.8547579298831386,0.8842832469775475,0.8716385323292565,0.9057705884303432,0.8692699490662141,0.8605042016806722,4.432520948203392
2326,0.8641666666666666,0.8641565671015753,0.8580968280467446,0.8682432432432432,0.8641565671015753,0.8985867023116605,0.8631402183039464,0.860107095046854,4.691569100808332
2327,0.86,0.8599718332550923,0.8430717863105175,0.8721934369602763,0.8599718332550923,0.8967992783020635,0.8573853989813242,0.8487394957983193,4.835478003795691
2328,0.8616666666666667,0.8616301711949199,0.8397328881469115,0.8778359511343804,0.8616301711949201,0.8987844196406459,0.8583617747440272,0.8470865611316942,4.777910711146074
2329,0.8716666666666667,0.8716329767582688,0.8514190317195326,0.8869565217391304,0.8716329767582689,0.9062711100626648,0.8688245315161841,0.8582968697408281,4.432519615541008
2330,0.8633333333333333,0.8633107314186984,0.8497495826377296,0.8730703259005146,0.8633107314186985,0.898909954269122,0.8612521150592218,0.8543135280295402,4.720348749145988
2331,0.865,0.8649662915730321,0.8447412353923205,0.88,0.8649662915730321,0.9011206176961604,0.8620102214650767,0.8515651295859981,4.662780790165177
2332,0.8741666666666666,0.8741343725954794,0.8547579298831386,0.8888888888888888,0.8741343725954794,0.9080734093860138,0.8714893617021275,0.8613728129205923,4.346172008222538
2333,0.8666666666666667,0.8666496295823044,0.8564273789649416,0.8739352640545145,0.8666496295823044,0.9010146548430614,0.8650927487352444,0.8598726114649681,4.605219494496287
2334,0.87,0.8699801943894289,0.8580968280467446,0.8786324786324786,0.8699801943894291,0.9037813200062782,0.8682432432432432,0.8621268030862128,4.490088240853009
2335,0.8641666666666666,0.8641399003886122,0.8480801335559266,0.8758620689655172,0.8641399003886123,0.8998877679273886,0.8617472434266328,0.8534946236559141,4.69156510282118
2336,0.8633333333333333,0.8632912869202414,0.8380634390651085,0.8822495606326889,0.8632912869202414,0.9005731665155654,0.8595890410958904,0.8465430016863407,4.720344084827647
2337,0.8725,0.8724621457281826,0.8497495826377296,0.8898601398601399,0.8724621457281826,0.9073048612489348,0.8693424423569599,0.8574797843665768,4.403735969216197
2338,0.8691666666666666,0.8691315809210581,0.8480801335559266,0.8850174216027874,0.8691315809210581,0.9044654442460236,0.8661551577152601,0.8552188552188552,4.518867222859474
2339,0.8708333333333333,0.8707982522173673,0.8497495826377296,0.8867595818815331,0.8707982522173673,0.9057545822596316,0.8678601875532822,0.8569023569023569,4.461301929203431
2340,0.8725,0.8724510345862071,0.8430717863105175,0.8953900709219859,0.8724510345862071,0.9083975952829184,0.8684436801375753,0.8530405405405405,4.403733303891432
2341,0.8758333333333334,0.8757899327498132,0.8497495826377296,0.8961267605633803,0.8757899327498132,0.9104381716005551,0.8723221936589546,0.8586369770580298,4.288604049241728
2342,0.8783333333333333,0.8783024397289992,0.8597662771285476,0.8925476603119584,0.8783024397289994,0.9111569687202532,0.8758503401360543,0.8661284897410024,4.202259107248026
2343,0.8716666666666667,0.8716329767582688,0.8514190317195326,0.8869565217391304,0.8716329767582689,0.9062711100626648,0.8688245315161841,0.8582968697408281,4.432519615541008
2344,0.8725,0.8724593679426887,0.8480801335559266,0.8912280701754386,0.8724593679426887,0.9075707685323492,0.8691189050470488,0.8563722184760619,4.403735302885006
2345,0.8675,0.8674593540537612,0.8430717863105175,0.8859649122807017,0.8674593540537612,0.9036850159622762,0.8639863130881095,0.8513149022252191,4.576431183853135
2346,0.8641666666666666,0.864123233675649,0.8380634390651085,0.8838028169014085,0.8641232336756491,0.9013497946499252,0.8603256212510711,0.8468286099865046,4.6915611048340295
2347,0.8683333333333333,0.8682885230236751,0.8414023372287145,0.8888888888888888,0.8682885230236751,0.904728946392135,0.8644939965694682,0.850489368882889,4.547647537528325
2348,0.8708333333333333,0.8707843632898978,0.8414023372287145,0.8936170212765957,0.8707843632898981,0.9070930125859884,0.8667239896818573,0.8513513513513513,4.461298597547473
2349,0.8758333333333334,0.8757593771093808,0.8313856427378965,0.912087912087912,0.8757593771093809,0.9138201107462376,0.8698689956331878,0.8463630183548607,4.288596719598618
2350,0.8725,0.8724677012991703,0.8530884808013356,0.8871527777777778,0.8724677012991704,0.9067872959562232,0.8697872340425533,0.8596904441453568,4.403737301878581
2351,0.8725,0.8724482568007133,0.8414023372287145,0.8967971530249108,0.8724482568007133,0.908683078460146,0.8682170542635659,0.8519269776876268,4.403732637560238
2352,0.87,0.8699579721054781,0.8447412353923205,0.8892794376098418,0.8699579721054781,0.9057603365010812,0.8664383561643835,0.8532883642495783,4.4900829102034745
2353,0.8633333333333333,0.8632996202767229,0.8430717863105175,0.8782608695652174,0.8632996202767229,0.899832994604534,0.8603066439522998,0.8498821945472904,4.720346083821221
2354,0.8683333333333333,0.8682857452381811,0.8397328881469115,0.8902654867256637,0.8682857452381813,0.9049991874362876,0.8642611683848798,0.8493752110773387,4.547646871197133
2355,0.8708333333333333,0.8708038077883551,0.8530884808013356,0.8840830449826992,0.8708038077883551,0.905252429558684,0.8683092608326253,0.8591123066577001,4.461303261865816
2356,0.8808333333333334,0.8808093911371976,0.8664440734557596,0.8917525773195877,0.8808093911371977,0.9124316587210071,0.8789161727349704,0.8713901947615849,4.115912832591942
2357,0.8683333333333333,0.8682940785946627,0.8447412353923205,0.8861646234676007,0.8682940785946628,0.9042029294299606,0.8649572649572649,0.8527131782945736,4.547648870190709
2358,0.8716666666666667,0.8716135322598118,0.8397328881469115,0.8966131907308378,0.8716135322598118,0.9081730394388746,0.8672413793103448,0.850524179912073,4.4325149512226645
2359,0.87,0.8699551943199841,0.8430717863105175,0.8906525573192242,0.8699551943199841,0.9060288384815374,0.8662092624356774,0.8521768477894027,4.4900822438722825
2360,0.8783333333333333,0.8782829952305423,0.8480801335559266,0.9023090586145648,0.8782829952305423,0.9131112627519123,0.8743545611015491,0.8583981074687395,4.202254442929683
2361,0.8683333333333333,0.8682885230236751,0.8414023372287145,0.8888888888888888,0.8682885230236751,0.904728946392135,0.8644939965694682,0.850489368882889,4.547647537528325
2362,0.8758333333333334,0.875792710535307,0.8514190317195326,0.8947368421052632,0.875792710535307,0.9101612702457312,0.8725406330196749,0.8597437626432907,4.28860471557292
2363,0.8691666666666666,0.8691260253500703,0.8447412353923205,0.887719298245614,0.8691260253500704,0.9049802668189674,0.8656971770744226,0.8530006743088335,4.518865890197091
2364,0.8733333333333333,0.8732940924835902,0.8497495826377296,0.8914185639229422,0.8732940924835902,0.908084073280336,0.8700854700854702,0.857768790023593,4.374952989222581
2365,0.8783333333333333,0.8782968841580115,0.8564273789649416,0.8952879581151832,0.8782968841580115,0.9116910018733958,0.8754266211604096,0.8639272482317277,4.202257774585643
2366,0.8733333333333333,0.8732940924835902,0.8497495826377296,0.8914185639229422,0.8732940924835902,0.908084073280336,0.8700854700854702,0.857768790023593,4.374952989222581
2367,0.8725,0.8724482568007133,0.8414023372287145,0.8967971530249108,0.8724482568007133,0.908683078460146,0.8682170542635659,0.8519269776876268,4.403732637560238
2368,0.8775,0.8774538262606285,0.8497495826377296,0.8992932862190812,0.8774538262606285,0.9120214344284054,0.8738197424892704,0.8592167454422688,4.231038089254493
2369,0.8741666666666666,0.8741065947405409,0.8380634390651085,0.9028776978417268,0.8741065947405409,0.9108872351200844,0.8692640692640693,0.8502710027100271,4.34616534491062
2370,0.865,0.8649496248600692,0.8347245409015025,0.8880994671403197,0.8649496248600692,0.9026620040209109,0.8605851979345955,0.8448800270361608,4.662776792178028
2371,0.88,0.8799496665268515,0.8497495826377296,0.9040852575488456,0.8799496665268516,0.9144174200932876,0.8760757314974182,0.8600878675228117,4.144689149273641
2372,0.8758333333333334,0.8757871549643194,0.8480801335559266,0.8975265017667845,0.8757871549643195,0.9107199843280224,0.8721030042918455,0.8575286968264687,4.288603382910536
2373,0.8758333333333334,0.8757732660368499,0.8397328881469115,0.9046762589928058,0.8757732660368501,0.9122045735698586,0.8709956709956709,0.8519647696476964,4.288600051254576
2374,0.8633333333333333,0.863280175778266,0.8313856427378965,0.8877005347593583,0.863280175778266,0.9016264220819608,0.8586206896551725,0.8420696652012174,4.720341419502879
2375,0.8733333333333333,0.8732802035561209,0.8414023372287145,0.8983957219251337,0.8732802035561209,0.9094823629102574,0.8689655172413793,0.8522150828542441,4.374949657566622
2376,0.8658333333333333,0.8658010161139336,0.8464106844741235,0.8802083333333334,0.8658010161139336,0.9016428422370618,0.8629787234042554,0.8529609690444144,4.633998476502754
2377,0.8758333333333334,0.8757843771788254,0.8464106844741235,0.898936170212766,0.8757843771788254,0.911006760676778,0.8718830610490113,0.8564189189189189,4.288602716579343
2378,0.8691666666666666,0.8691288031355642,0.8464106844741235,0.8863636363636364,0.8691288031355642,0.9047204937522132,0.865926558497011,0.8541105121293799,4.518866556528284
2379,0.865,0.8649496248600692,0.8347245409015025,0.8880994671403197,0.8649496248600692,0.9026620040209109,0.8605851979345955,0.8448800270361608,4.662776792178028
2380,0.8733333333333333,0.8732857591271086,0.8447412353923205,0.8955752212389381,0.8732857591271086,0.9089082283156292,0.8694158075601375,0.8544410672070246,4.374950990229005
2381,0.87,0.8699496387489964,0.8397328881469115,0.8934280639431617,0.8699496387489964,0.9065804760450366,0.8657487091222031,0.8499493071983777,4.4900809112098985
2382,0.875,0.8749607637798994,0.8514190317195326,0.8931698774080561,0.8749607637798994,0.9093777878971276,0.8717948717948719,0.8594539939332659,4.317387695566538
2383,0.8691666666666666,0.8691176919935888,0.8397328881469115,0.8918439716312057,0.8691176919935889,0.9057884298890586,0.8650042992261393,0.8496621621621621,4.518863891203517
2384,0.8708333333333333,0.8707926966463795,0.8464106844741235,0.8894736842105263,0.8707926966463796,0.9062755176756582,0.8674080410607357,0.8546864463924477,4.461300596541049
2385,0.875,0.8749552082089117,0.8480801335559266,0.8959435626102292,0.8749552082089118,0.9099285147497446,0.8713550600343054,0.8572392845089437,4.317386362904154
2386,0.8733333333333333,0.8732802035561209,0.8414023372287145,0.8983957219251337,0.8732802035561209,0.9094823629102574,0.8689655172413793,0.8522150828542441,4.374949657566622
2387,0.8725,0.8724482568007133,0.8414023372287145,0.8967971530249108,0.8724482568007133,0.908683078460146,0.8682170542635659,0.8519269776876268,4.403732637560238
2388,0.8683333333333333,0.8682829674526873,0.8380634390651085,0.8916518650088809,0.8682829674526873,0.9052743187036614,0.8640275387263339,0.8482595471443054,4.547646204865941
2389,0.8616666666666667,0.8616162822674507,0.8313856427378965,0.8845470692717584,0.8616162822674508,0.9000496893381609,0.8571428571428571,0.8415005069280163,4.777907379490113
2390,0.8675,0.8674482429117858,0.8363939899833055,0.8914590747330959,0.8674482429117858,0.904759865691534,0.863049095607235,0.8468559837728193,4.576428518528368
2391,0.8741666666666666,0.8741288170244917,0.8514190317195326,0.8916083916083916,0.8741288170244917,0.9085970449972957,0.8710503842869342,0.8591644204851752,4.3461706755601535
2392,0.8641666666666666,0.8641343448176244,0.8447412353923205,0.8784722222222222,0.8641343448176244,0.9003567288072714,0.8612765957446809,0.8512786002691789,4.691563770158797
2393,0.8608333333333333,0.8608010022250061,0.8414023372287145,0.875,0.8608010022250061,0.8977845019476905,0.8578723404255318,0.8479138627187081,4.8066943574708825
2394,0.8725,0.8724621457281826,0.8497495826377296,0.8898601398601399,0.8724621457281826,0.9073048612489348,0.8693424423569599,0.8574797843665768,4.403735969216197
2395,0.87,0.8699440831780088,0.8363939899833055,0.8962432915921288,0.8699440831780089,0.9071519741210504,0.8652849740932642,0.8477157360406091,4.4900795785475145
2396,0.8791666666666667,0.8791232753424315,0.8530884808013356,0.8996478873239436,0.8791232753424316,0.9130348507293062,0.8757497857754928,0.8620107962213225,4.173473461929642
2397,0.8758333333333334,0.8757760438223439,0.8414023372287145,0.9032258064516128,0.8757760438223439,0.911897405173497,0.871218668971478,0.8530805687203791,4.288600717585768
2398,0.875,0.8749552082089117,0.8480801335559266,0.8959435626102292,0.8749552082089118,0.9099285147497446,0.8713550600343054,0.8572392845089437,4.317386362904154
2399,0.8691666666666666,0.8691176919935888,0.8397328881469115,0.8918439716312057,0.8691176919935889,0.9057884298890586,0.8650042992261393,0.8496621621621621,4.518863891203517
2400,0.8616666666666667,0.8616412823368953,0.8464106844741235,0.8726333907056799,0.8616412823368954,0.897855370923235,0.8593220338983051,0.851528384279476,4.77791337647084
2401,0.8775,0.8774732707590854,0.8614357262103506,0.8896551724137931,0.8774732707590854,0.9101287826454052,0.8753180661577609,0.8669354838709676,4.2310427535728365
2402,0.8675,0.8674621318392549,0.8447412353923205,0.8846153846153846,0.8674621318392551,0.9034283100038524,0.8642186165670367,0.8524258760107817,4.576431850184326
2403,0.8675,0.867445465126292,0.8347245409015025,0.8928571428571429,0.8674454651262921,0.9050408418793224,0.8628127696289906,0.8457374830852503,4.576427852197176
2404,0.8658333333333333,0.8657899049719582,0.8397328881469115,0.8855633802816901,0.8657899049719582,0.9026481342143008,0.8620394173093401,0.8485155195681512,4.633995811177987
2405,0.8766666666666667,0.8766274350762085,0.8530884808013356,0.8949211908931699,0.8766274350762087,0.9106715025139192,0.8735042735042735,0.861139197842939,4.259822401910495
2406,0.8716666666666667,0.8716163100453056,0.8414023372287145,0.8952042628774423,0.8716163100453057,0.9078866333864116,0.8674698795180722,0.8516390672524502,4.4325156175538565
2407,0.8825,0.8824649512915314,0.8614357262103506,0.8989547038327527,0.8824649512915314,0.914778548354885,0.8797953964194373,0.8686868686868686,4.058344873611131
2408,0.8683333333333333,0.8682857452381811,0.8397328881469115,0.8902654867256637,0.8682857452381813,0.9049991874362876,0.8642611683848798,0.8493752110773387,4.547646871197133
2409,0.8708333333333333,0.8707760299334164,0.8363939899833055,0.8978494623655914,0.8707760299334164,0.9079550595077818,0.8660328435609335,0.8480027081922816,4.461296598553898
2410,0.8775,0.8774510484751347,0.8480801335559266,0.9007092198581559,0.8774510484751348,0.912311343373708,0.8736027515047291,0.8581081081081082,4.231037422923301
2411,0.8691666666666666,0.8691315809210581,0.8480801335559266,0.8850174216027874,0.8691315809210581,0.9044654442460236,0.8661551577152601,0.8552188552188552,4.518867222859474
2412,0.87,0.8699524165344903,0.8414023372287145,0.8920353982300885,0.8699524165344904,0.9063022010627348,0.8659793814432989,0.851063829787234,4.4900815775410905
2413,0.8683333333333333,0.8682940785946627,0.8447412353923205,0.8861646234676007,0.8682940785946628,0.9042029294299606,0.8649572649572649,0.8527131782945736,4.547648870190709
2414,0.88,0.8799607776688269,0.8564273789649416,0.8984238178633975,0.8799607776688269,0.9132589317475028,0.8769230769230769,0.8645096056622851,4.144691814598408
2415,0.8733333333333333,0.8732829813416148,0.8430717863105175,0.8969804618117229,0.8732829813416149,0.9091927907277868,0.8691910499139414,0.8533288273065224,4.3749503238978145
2416,0.8708333333333333,0.8707871410753918,0.8430717863105175,0.8922261484098941,0.8707871410753918,0.9068156340268724,0.8669527896995708,0.852464550979068,4.461299263878665
2417,0.8725,0.8724427012297256,0.8380634390651085,0.8996415770609321,0.8724427012297257,0.9092691747296868,0.8677614520311149,0.8496953283683142,4.403731304897856
2418,0.8691666666666666,0.8691121364226011,0.8363939899833055,0.8946428571428572,0.8691121364226012,0.9063517568964148,0.8645383951682486,0.8474289580514207,4.518862558541134
2419,0.8675,0.8674510206972796,0.8380634390651085,0.8900709219858156,0.8674510206972796,0.9044838471921288,0.8632846087704213,0.8479729729729729,4.576429184859558
2420,0.8791666666666667,0.8791038308439745,0.8414023372287145,0.9097472924187726,0.8791038308439746,0.915158148157077,0.8742411101474414,0.8542372881355933,4.1734687976112985
2421,0.8675,0.8674537984827735,0.8397328881469115,0.8886925795053003,0.8674537984827736,0.9042127338261059,0.8635193133047211,0.8490884537474678,4.576429851190751
2422,0.8716666666666667,0.8716274211872811,0.8480801335559266,0.8896672504378283,0.8716274211872811,0.9067903586635442,0.8683760683760684,0.8560835861139201,4.432518282878623
2423,0.8725,0.8724649235136764,0.8514190317195326,0.8885017421602788,0.8724649235136765,0.907043720273239,0.8695652173913044,0.8585858585858587,4.403736635547388
2424,0.8741666666666666,0.8741149280970224,0.8430717863105175,0.8985765124555161,0.8741149280970225,0.9099908160496836,0.8699397071490096,0.8536173089925627,4.346167343904196
2425,0.8708333333333333,0.8707621410059472,0.8280467445742905,0.9051094890510948,0.8707621410059473,0.9094947834793592,0.8648648648648649,0.8423913043478262,4.461293266897938
2426,0.8791666666666667,0.8791066086294683,0.8430717863105175,0.9082733812949642,0.8791066086294683,0.9148392504694074,0.8744588744588744,0.8553523035230353,4.1734694639424905
2427,0.87,0.8699551943199841,0.8430717863105175,0.8906525573192242,0.8699551943199841,0.9060288384815374,0.8662092624356774,0.8521768477894027,4.4900822438722825
2428,0.8775,0.8774454929041469,0.8447412353923205,0.9035714285714286,0.8774454929041469,0.9129063319818744,0.8731665228645383,0.8558863328822734,4.2310360902609165
2429,0.8766666666666667,0.8766246572907147,0.8514190317195326,0.8963093145869947,0.8766246572907147,0.9109475064865971,0.8732876712328766,0.8600337268128163,4.259821735579302
2430,0.8641666666666666,0.8641149003191675,0.8330550918196995,0.8879003558718861,0.8641149003191676,0.9021443905124594,0.859603789836348,0.8434753211629479,4.6915591058404535
2431,0.8683333333333333,0.8682968563801565,0.8464106844741235,0.8848167539267016,0.8682968563801565,0.903947052533746,0.8651877133105802,0.8538228359717076,4.547649536521901
2432,0.8733333333333333,0.8732746479851332,0.8380634390651085,0.9012567324955116,0.8732746479851332,0.9100767524469768,0.8685121107266436,0.8499830680663731,4.374948324904239
2433,0.8741666666666666,0.8741065947405409,0.8380634390651085,0.9028776978417268,0.8741065947405409,0.9108872351200844,0.8692640692640693,0.8502710027100271,4.34616534491062
2434,0.8716666666666667,0.8716190878307994,0.8430717863105175,0.8938053097345132,0.8716190878307994,0.9076052146891821,0.8676975945017181,0.8527524484971293,4.432516283885048
2435,0.8783333333333333,0.8782857730160362,0.8497495826377296,0.9008849557522124,0.8782857730160362,0.9128172691949709,0.8745704467353952,0.8595069233367106,4.202255109260877
2436,0.8808333333333334,0.8807732799257775,0.8447412353923205,0.9100719424460432,0.8807732799257775,0.916156588919182,0.8761904761904762,0.8570460704607045,4.1159041702864485
2437,0.8658333333333333,0.8657871271864643,0.8380634390651085,0.8869257950530035,0.8657871271864644,0.9029112837257228,0.8618025751072962,0.8474004051316677,4.6339951448467955
2438,0.87,0.8699440831780088,0.8363939899833055,0.8962432915921288,0.8699440831780089,0.9071519741210504,0.8652849740932642,0.8477157360406091,4.4900795785475145
2439,0.8691666666666666,0.8691121364226011,0.8363939899833055,0.8946428571428572,0.8691121364226012,0.9063517568964148,0.8645383951682486,0.8474289580514207,4.518862558541133
2440,0.8741666666666666,0.8741065947405409,0.8380634390651085,0.9028776978417268,0.8741065947405409,0.9108872351200844,0.8692640692640693,0.8502710027100271,4.34616534491062
2441,0.875,0.8749524304234177,0.8464106844741235,0.8973451327433628,0.8749524304234177,0.9102112419420764,0.8711340206185566,0.85612968591692,4.317385696572963
2442,0.865,0.8649440692890813,0.8313856427378965,0.8908765652951699,0.8649440692890813,0.9032144373498664,0.8601036269430051,0.8426395939086295,4.662775459515644
2443,0.8708333333333333,0.8707760299334164,0.8363939899833055,0.8978494623655914,0.8707760299334164,0.9079550595077818,0.8660328435609335,0.8480027081922816,4.461296598553898
2444,0.8791666666666667,0.8791177197714438,0.8497495826377296,0.9024822695035462,0.8791177197714439,0.9136159260706378,0.8753224419604472,0.8597972972972974,4.1734721292672585
2445,0.8775,0.8774399373331592,0.8414023372287145,0.9064748201438848,0.8774399373331593,0.9135219120196332,0.8727272727272728,0.853658536585366,4.231034757598533
2446,0.8725,0.8724482568007133,0.8414023372287145,0.8967971530249108,0.8724482568007133,0.908683078460146,0.8682170542635659,0.8519269776876268,4.403732637560238
2447,0.8725,0.8724593679426887,0.8480801335559266,0.8912280701754386,0.8724593679426887,0.9075707685323492,0.8691189050470488,0.8563722184760619,4.403735302885006
2448,0.865,0.8649468470745751,0.8330550918196995,0.8894830659536542,0.8649468470745753,0.9029357455533435,0.8603448275862071,0.8437605681433885,4.662776125846836
2449,0.8691666666666666,0.8691121364226011,0.8363939899833055,0.8946428571428572,0.8691121364226012,0.9063517568964148,0.8645383951682486,0.8474289580514207,4.518862558541133
2450,0.8708333333333333,0.8707788077189103,0.8380634390651085,0.8964285714285715,0.8707788077189104,0.9076626719135066,0.8662640207075064,0.8491204330175914,4.46129726488509
2451,0.8766666666666667,0.8766107683632454,0.8430717863105175,0.9033989266547406,0.8766107683632454,0.9124020231492956,0.8721934369602763,0.8544839255499155,4.259818403923344
2452,0.875,0.8749357637104547,0.8363939899833055,0.9059674502712476,0.8749357637104548,0.9120140534606099,0.8697916666666667,0.8494404883011191,4.3173816985858116
2453,0.8758333333333334,0.8757788216078377,0.8430717863105175,0.9017857142857144,0.8757788216078378,0.9115954169647826,0.8714408973252804,0.8541948579161027,4.288601383916959
2454,0.8841666666666667,0.8841177336603713,0.8547579298831386,0.9078014184397164,0.8841177336603713,0.9175296741614274,0.8804815133276009,0.8648648648648648,4.00077624829913
2455,0.8691666666666666,0.869114914208095,0.8380634390651085,0.8932384341637011,0.869114914208095,0.9060676032810716,0.8647717484926788,0.8485463150777554,4.518863224872325
2456,0.88,0.8799607776688269,0.8564273789649416,0.8984238178633975,0.8799607776688269,0.9132589317475028,0.8769230769230769,0.8645096056622851,4.144691814598408
2457,0.875,0.8749440970669362,0.8414023372287145,0.9016100178890876,0.8749440970669362,0.9110895108922344,0.8704663212435234,0.8527918781725888,4.317383697579387
2458,0.8683333333333333,0.8682774118816996,0.8347245409015025,0.8944543828264758,0.8682774118816996,0.9058394618639892,0.8635578583765112,0.8460236886632825,4.547644872203558
2459,0.8816666666666667,0.8816107822521729,0.8480801335559266,0.9087656529516994,0.8816107822521729,0.9163395599204796,0.8773747841105354,0.8595600676818951,4.087122522955215
2460,0.8775,0.8774343817621715,0.8380634390651085,0.9094202898550724,0.8774343817621716,0.9141585311267572,0.8722849695916595,0.8514246947082766,4.231033424936151
2461,0.8766666666666667,0.8766079905777515,0.8414023372287145,0.9048473967684022,0.8766079905777515,0.9127082003318916,0.8719723183391005,0.8533694547917372,4.259817737592152
2462,0.8691666666666666,0.8691010252806257,0.8297161936560935,0.9003623188405797,0.8691010252806258,0.9075392562483364,0.8635968722849695,0.842944369063772,4.518859893216367
2463,0.8783333333333333,0.878269106303073,0.8397328881469115,0.9095840867992768,0.878269106303073,0.914658487473094,0.8732638888888891,0.8528314682943369,4.202251111273725
2464,0.8691666666666666,0.8691093586371073,0.8347245409015025,0.8960573476702509,0.8691093586371073,0.9066409442858768,0.8643042350907519,0.8463100880162491,4.518861892209941
2465,0.885,0.8849357914883096,0.8464106844741235,0.9168173598553344,0.8849357914883097,0.9199473554980624,0.8802083333333333,0.859613428280773,3.9719899366495537
2466,0.88,0.879938555384876,0.8430717863105175,0.90990990990991,0.879938555384876,0.9156575147768804,0.8752166377816292,0.8556421552016266,4.144686483948873
2467,0.8766666666666667,0.8766218795052209,0.8497495826377296,0.8977072310405644,0.8766218795052209,0.911228406839147,0.8730703259005146,0.8589267634154573,4.259821069248111
2468,0.8766666666666667,0.8766163239342329,0.8464106844741235,0.9005328596802842,0.8766163239342329,0.9118051054105372,0.8726333907056798,0.8567083474146672,4.259819736585728
2469,0.8725,0.8724482568007133,0.8414023372287145,0.8967971530249108,0.8724482568007133,0.908683078460146,0.8682170542635659,0.8519269776876268,4.403732637560238
2470,0.88,0.8799441109558637,0.8464106844741235,0.9069767441860463,0.8799441109558637,0.9150270476634182,0.8756476683937823,0.8578680203045684,4.144687816611258
2471,0.8825,0.8824593957205437,0.8580968280467446,0.9017543859649124,0.8824593957205438,0.9153422736724952,0.8793840889649274,0.8664868509777479,4.058343540948748
2472,0.8775,0.8774427151186529,0.8430717863105175,0.9050179211469536,0.8774427151186529,0.913211520395402,0.8729472774416595,0.8547731888964116,4.231035423929726
2473,0.8791666666666667,0.8791093864149622,0.8447412353923205,0.906810035842294,0.8791093864149623,0.9145256356173072,0.8746758859118409,0.8564658090724441,4.1734701302736825
2474,0.8775,0.8774371595476653,0.8397328881469115,0.907942238267148,0.8774371595476653,0.9138375632070298,0.8725065047701648,0.852542372881356,4.231034091267343
2475,0.8775,0.8774482706896407,0.8464106844741235,0.9021352313167259,0.8774482706896407,0.912606291228758,0.8733850129198968,0.8569979716024341,4.231036756592109
2476,0.8716666666666667,0.8716079766888241,0.8363939899833055,0.8994614003590664,0.8716079766888241,0.9087610285045192,0.8667820069204152,0.8482898747036912,4.4325136185602805
2477,0.88,0.8799607776688269,0.8564273789649416,0.8984238178633975,0.8799607776688269,0.9132589317475028,0.8769230769230769,0.8645096056622851,4.144691814598409
2478,0.8766666666666667,0.8766218795052209,0.8497495826377296,0.8977072310405644,0.8766218795052209,0.911228406839147,0.8730703259005146,0.8589267634154573,4.259821069248111
2479,0.8808333333333334,0.8807899466387407,0.8547579298831386,0.9014084507042254,0.8807899466387407,0.9143331902936821,0.8774635818337618,0.8636977058029692,4.1159081682736005
2480,0.8841666666666667,0.8841121780893836,0.8514190317195326,0.9107142857142856,0.8841121780893836,0.9181499920502424,0.8800690250215703,0.8626522327469555,4.000774915636747
2481,0.8675,0.8674565762682673,0.8414023372287145,0.8873239436619719,0.8674565762682673,0.9039464737786764,0.8637532133676094,0.8502024291497975,4.576430517521944
2482,0.8775,0.8774399373331592,0.8414023372287145,0.9064748201438848,0.8774399373331593,0.9135219120196332,0.8727272727272728,0.853658536585366,4.231034757598533
2483,0.8716666666666667,0.8716163100453056,0.8414023372287145,0.8952042628774423,0.8716163100453057,0.9078866333864116,0.8674698795180722,0.8516390672524502,4.4325156175538565
2484,0.88,0.8799468887413576,0.8480801335559266,0.9055258467023172,0.8799468887413576,0.9147196567957886,0.8758620689655172,0.8589786946229286,4.144688482942449
2485,0.8741666666666666,0.8741149280970224,0.8430717863105175,0.8985765124555161,0.8741149280970225,0.9099908160496836,0.8699397071490096,0.8536173089925627,4.346167343904196
2486,0.8691666666666666,0.8691204697790826,0.8414023372287145,0.8904593639575972,0.8691204697790826,0.9055141839264892,0.865236051502146,0.850776502363268,4.518864557534709
2487,0.8783333333333333,0.87828855080153,0.8514190317195326,0.8994708994708994,0.87828855080153,0.9125282989285494,0.8747855917667239,0.8606142423219709,4.202255775592069
2488,0.8741666666666666,0.8741121503115286,0.8414023372287145,0.9,0.8741121503115286,0.9102845019476904,0.8697152717860225,0.8525033829499323,4.346166677573004
2489,0.8783333333333333,0.8782718840885668,0.8414023372287145,0.9081081081081082,0.8782718840885669,0.9143385560017446,0.8734835355285961,0.8539478143002371,4.202251777604917
2490,0.8791666666666667,0.8791010530584806,0.8397328881469115,0.9112318840579712,0.8791010530584806,0.9154823861024411,0.8740225890529975,0.8531207598371777,4.1734681312801065
2491,0.8675,0.8674371317698104,0.8297161936560935,0.8971119133574007,0.8674371317698104,0.905914053506747,0.8620988725065047,0.8423728813559322,4.5764258532036
2492,0.8808333333333334,0.8807788354967653,0.8480801335559266,0.9071428571428573,0.8807788354967653,0.9155281620160584,0.8766177739430544,0.8592692828146145,4.115905502948832
2493,0.8708333333333333,0.8707815855044041,0.8397328881469115,0.895017793594306,0.8707815855044041,0.9073753408706088,0.8664944013781223,0.8502366463826909,4.461297931216282
2494,0.8791666666666667,0.8791010530584806,0.8397328881469115,0.9112318840579712,0.8791010530584806,0.9154823861024411,0.8740225890529975,0.8531207598371777,4.173468131280108
2495,0.8758333333333334,0.8757871549643194,0.8480801335559266,0.8975265017667845,0.8757871549643195,0.9107199843280224,0.8721030042918455,0.8575286968264687,4.288603382910536
2496,0.8683333333333333,0.8682718563107119,0.8313856427378965,0.8972972972972973,0.8682718563107119,0.9064248033509305,0.8630849220103987,0.8437817688919012,4.547643539541175
2497,0.8733333333333333,0.8732607590576641,0.8297161936560935,0.9085923217550276,0.8732607590576641,0.9116542577055604,0.8673647469458989,0.8443764865783214,4.3749449932482785
2498,0.8716666666666667,0.8715996433323425,0.8313856427378965,0.9038112522686026,0.8715996433323426,0.9096817808365828,0.8660869565217392,0.8449270444519851,4.4325116195667045
2499,0.8741666666666666,0.8741121503115286,0.8414023372287145,0.9,0.8741121503115286,0.9102845019476904,0.8697152717860225,0.8525033829499323,4.346166677573004
2500,0.8666666666666667,0.8666079627998966,0.8313856427378965,0.8940754039497307,0.8666079627998967,0.904813856677147,0.8615916955017301,0.843210294615645,4.60520949952841
2501,0.8783333333333333,0.8782829952305423,0.8480801335559266,0.9023090586145648,0.8782829952305423,0.9131112627519123,0.8743545611015491,0.8583981074687395,4.202254442929683
2502,0.8775,0.8774427151186529,0.8430717863105175,0.9050179211469536,0.8774427151186529,0.913211520395402,0.8729472774416595,0.8547731888964116,4.231035423929726
2503,0.8725,0.8724454790152194,0.8397328881469115,0.8982142857142857,0.8724454790152194,0.9089735869305986,0.8679896462467646,0.8508119079837617,4.403731971229047
2504,0.8691666666666666,0.8690843585676626,0.8196994991652755,0.9092592592592592,0.8690843585676626,0.9094793792122674,0.86215978928885,0.8361716621253406,4.518855895229214
2505,0.8716666666666667,0.8716107544743179,0.8380634390651085,0.8980322003577818,0.871610754474318,0.9084644863781116,0.8670120898100172,0.8494077834179358,4.432514284891472
2506,0.8733333333333333,0.8732774257706271,0.8397328881469115,0.8998211091234347,0.8732774257706271,0.9097769986351733,0.8687392055267703,0.8510998307952624,4.3749489912354305
2507,0.8766666666666667,0.8766191017197271,0.8480801335559266,0.8991150442477877,0.8766191017197271,0.9115142555685238,0.872852233676976,0.8578183046268154,4.259820402916919
2508,0.8833333333333333,0.8832663424065066,0.8430717863105175,0.9165154264972776,0.8832663424065067,0.9189602730705644,0.8782608695652174,0.8568035290125552,4.029554563974404
2509,0.88,0.8799357775993821,0.8414023372287145,0.9113924050632912,0.8799357775993821,0.915980704479336,0.875,0.8545269582909459,4.144685817617682
2510,0.8675,0.8674399095553043,0.8313856427378965,0.89568345323741,0.8674399095553044,0.9056178813209866,0.8623376623376623,0.8434959349593496,4.576426519534792
2511,0.88,0.879957999883333,0.8547579298831386,0.8998242530755711,0.879957999883333,0.9135410914793548,0.8767123287671234,0.863406408094435,4.144691148267217
2512,0.885,0.8849330137028157,0.8447412353923205,0.9183303085299456,0.8849330137028157,0.9202857719611329,0.88,0.8585001696640651,3.9719892703183617
2513,0.8725,0.8724427012297256,0.8380634390651085,0.8996415770609321,0.8724427012297257,0.9092691747296868,0.8677614520311149,0.8496953283683142,4.403731304897854
2514,0.88,0.8799274442429006,0.8363939899833055,0.9159049360146252,0.8799274442429007,0.9169827963322986,0.8743455497382199,0.8511722731906218,4.144683818624107
2515,0.8833333333333333,0.8832718979774943,0.8464106844741235,0.9135135135135136,0.8832718979774944,0.9182954323271518,0.8786828422876949,0.8590308370044053,4.029555896636787
2516,0.8775,0.8774454929041469,0.8447412353923205,0.9035714285714286,0.8774454929041469,0.9129063319818744,0.8731665228645383,0.8558863328822734,4.231036090260918
2517,0.8791666666666667,0.8791177197714438,0.8497495826377296,0.9024822695035462,0.8791177197714439,0.9136159260706378,0.8753224419604472,0.8597972972972974,4.1734721292672585
2518,0.8783333333333333,0.878269106303073,0.8397328881469115,0.9095840867992768,0.878269106303073,0.914658487473094,0.8732638888888891,0.8528314682943369,4.202251111273725
2519,0.8633333333333333,0.8632718424217845,0.8263772954924875,0.8918918918918919,0.8632718424217845,0.9024679270255229,0.8578856152512999,0.8386987461877331,4.720339420509304
2520,0.8783333333333333,0.8782663285175791,0.8380634390651085,0.911070780399274,0.8782663285175792,0.914983776398858,0.8730434782608696,0.8517136070580251,4.202250444942534
2521,0.8783333333333333,0.8782635507320853,0.8363939899833055,0.9125683060109291,0.8782635507320853,0.9153144813304506,0.8728222996515679,0.8505942275042445,4.202249778611342
2522,0.8783333333333333,0.878269106303073,0.8397328881469115,0.9095840867992768,0.878269106303073,0.914658487473094,0.8732638888888891,0.8528314682943369,4.202251111273725
2523,0.8716666666666667,0.8715996433323425,0.8313856427378965,0.9038112522686026,0.8715996433323426,0.9096817808365828,0.8660869565217392,0.8449270444519851,4.4325116195667045
2524,0.8658333333333333,0.8657787938299828,0.8330550918196995,0.8910714285714286,0.8657787938299828,0.9037299268622307,0.8610871440897325,0.8440460081190798,4.633993145853219
2525,0.8766666666666667,0.8766135461487392,0.8447412353923205,0.9019607843137256,0.8766135461487392,0.9121010098530228,0.8724137931034481,0.8555968887385864,4.259819070254535
2526,0.8775,0.8774371595476653,0.8397328881469115,0.907942238267148,0.8774371595476653,0.9138375632070298,0.8725065047701648,0.852542372881356,4.231034091267343
2527,0.8758333333333334,0.8757732660368499,0.8397328881469115,0.9046762589928058,0.8757732660368501,0.9122045735698586,0.8709956709956709,0.8519647696476964,4.288600051254576
2528,0.8808333333333334,0.8807732799257775,0.8447412353923205,0.9100719424460432,0.8807732799257775,0.916156588919182,0.8761904761904762,0.8570460704607045,4.1159041702864485
2529,0.8758333333333334,0.8757538215383931,0.8280467445742905,0.915129151291513,0.8757538215383931,0.9145046145995684,0.8694127957931641,0.8441116405718175,4.288595386936233
2530,0.8783333333333333,0.8782635507320853,0.8363939899833055,0.9125683060109291,0.8782635507320853,0.9153144813304506,0.8728222996515679,0.8505942275042445,4.202249778611342
2531,0.8691666666666666,0.8690899141386503,0.8230383973288815,0.90625,0.8690899141386503,0.9088108653311072,0.8626421697287839,0.8384353741496601,4.518857227891599
2532,0.8741666666666666,0.8741038169550469,0.8363939899833055,0.9043321299638988,0.8741038169550471,0.9111963933069356,0.8690372940156115,0.8491525423728815,4.346164678579428
2533,0.8708333333333333,0.8707760299334164,0.8363939899833055,0.8978494623655914,0.8707760299334164,0.9079550595077818,0.8660328435609335,0.8480027081922816,4.461296598553898
2534,0.8741666666666666,0.8741121503115286,0.8414023372287145,0.9,0.8741121503115286,0.9102845019476904,0.8697152717860225,0.8525033829499323,4.346166677573004
2535,0.8791666666666667,0.879112164200456,0.8464106844741235,0.9053571428571427,0.879112164200456,0.9142172469989666,0.8748921484037964,0.8575778078484438,4.1734707966048745
2536,0.8758333333333334,0.8757732660368499,0.8397328881469115,0.9046762589928058,0.8757732660368501,0.9122045735698586,0.8709956709956709,0.8519647696476964,4.288600051254576
2537,0.8783333333333333,0.8782579951610976,0.8330550918196995,0.9155963302752294,0.8782579951610976,0.915992377714131,0.8723776223776224,0.8483509010540632,4.202248445948958
2538,0.875,0.8749468748524301,0.8430717863105175,0.9001782531194296,0.8749468748524302,0.9107916863816402,0.8706896551724137,0.8539059857964153,4.317384363910579
2539,0.8708333333333333,0.8707593632204533,0.8263772954924875,0.9065934065934066,0.8707593632204533,0.9098186843762804,0.8646288209606987,0.8412644459551325,4.461292600566747
2540,0.875,0.8749440970669362,0.8414023372287145,0.9016100178890876,0.8749440970669362,0.9110895108922344,0.8704663212435234,0.8527918781725888,4.317383697579387
2541,0.8783333333333333,0.8782829952305423,0.8480801335559266,0.9023090586145648,0.8782829952305423,0.9131112627519123,0.8743545611015491,0.8583981074687395,4.202254442929683
2542,0.87,0.8699301942505395,0.8280467445742905,0.9034608378870674,0.8699301942505395,0.9086704578973456,0.8641114982578397,0.8421052631578947,4.490076246891556
2543,0.88,0.879938555384876,0.8430717863105175,0.90990990990991,0.879938555384876,0.9156575147768804,0.8752166377816292,0.8556421552016266,4.144686483948873
2544,0.8725,0.8724288123022563,0.8297161936560935,0.906934306569343,0.8724288123022563,0.9108252501127182,0.8666085440278988,0.8440896739130436,4.403727973241894
2545,0.8775,0.8774454929041469,0.8447412353923205,0.9035714285714286,0.8774454929041469,0.9129063319818744,0.8731665228645383,0.8558863328822734,4.231036090260918
2546,0.8816666666666667,0.8816024488956913,0.8430717863105175,0.9132007233273056,0.8816024488956913,0.9173029214855782,0.8767361111111112,0.8562224482875551,4.087120523961639
2547,0.8833333333333333,0.8832607868355189,0.8397328881469115,0.919561243144424,0.8832607868355189,0.9196470656456678,0.8778359511343804,0.8545701664967719,4.02955323131202
2548,0.8825,0.8824455067930744,0.8497495826377296,0.9089285714285714,0.8824455067930745,0.9168390770331504,0.8783433994823123,0.8609607577807848,4.0583402092927905
2549,0.87,0.8699357498215272,0.8313856427378965,0.9005424954792043,0.8699357498215272,0.9080474024418838,0.8645833333333334,0.844354018311292,4.49007757955394
2550,0.8675,0.8674176872713535,0.8180300500834724,0.9074074074074074,0.8674176872713535,0.9081353954121066,0.8604038630377524,0.8344686648501362,4.5764211888852575
2551,0.875,0.8749357637104547,0.8363939899833055,0.9059674502712476,0.8749357637104548,0.9120140534606099,0.8697916666666667,0.8494404883011191,4.3173816985858116
2552,0.87,0.8699413053925149,0.8347245409015025,0.8976660682226212,0.8699413053925149,0.9074453045620618,0.8650519031141869,0.8465966813410092,4.490078912216324
2553,0.8808333333333334,0.8807677243547898,0.8414023372287145,0.9130434782608696,0.8807677243547898,0.9168062410781254,0.8757602085143354,0.8548168249660787,4.1159028376240645
2554,0.8866666666666667,0.8866135739265942,0.8547579298831386,0.9126559714795008,0.8866135739265942,0.9199569506813196,0.8827586206896552,0.8657423063916131,3.9144273083182783
2555,0.8733333333333333,0.8732635368431578,0.8313856427378965,0.907103825136612,0.8732635368431578,0.9113280672705876,0.8675958188153311,0.8455008488964347,4.374945659579471
2556,0.8783333333333333,0.8782718840885668,0.8414023372287145,0.9081081081081082,0.8782718840885669,0.9143385560017446,0.8734835355285961,0.8539478143002371,4.202251777604917
2557,0.8766666666666667,0.8765885460792946,0.8297161936560935,0.9152854511970534,0.8765885460792946,0.9150008224265734,0.8704028021015762,0.8455256890098674,4.259813073273809
2558,0.8741666666666666,0.8740954835985655,0.8313856427378965,0.9087591240875912,0.8740954835985655,0.9121557167460772,0.8683522231909329,0.8457880434782609,4.346162679585853
2559,0.8725,0.8724315900877502,0.8313856427378965,0.9054545454545454,0.8724315900877502,0.9105034274295544,0.8668407310704961,0.8452138492871691,4.403728639573088
2560,0.8741666666666666,0.8741010391695532,0.8347245409015025,0.9057971014492754,0.8741010391695532,0.911510821175389,0.8688097306689835,0.8480325644504748,4.346164012248236
2561,0.8825,0.8824260622946174,0.8380634390651085,0.9194139194139194,0.8824260622946174,0.9191553459061806,0.8768558951965064,0.8531611148878314,4.058335544974447
2562,0.88,0.879938555384876,0.8430717863105175,0.90990990990991,0.879938555384876,0.9156575147768804,0.8752166377816292,0.8556421552016266,4.144686483948873
2563,0.8691666666666666,0.8691176919935888,0.8397328881469115,0.8918439716312057,0.8691176919935889,0.9057884298890586,0.8650042992261393,0.8496621621621621,4.518863891203517
2564,0.8808333333333334,0.880784391067753,0.8514190317195326,0.9042553191489362,0.880784391067753,0.9149205087675676,0.8770421324161651,0.8614864864864864,4.1159068356112165
2565,0.88,0.8799274442429006,0.8363939899833055,0.9159049360146252,0.8799274442429007,0.9169827963322986,0.8743455497382199,0.8511722731906218,4.144683818624107
2566,0.885,0.8849469026302851,0.8530884808013356,0.9108734402852049,0.8849469026302851,0.918647627209937,0.8810344827586207,0.8640514034494421,3.971992601974321
2567,0.8758333333333334,0.8757593771093808,0.8313856427378965,0.912087912087912,0.8757593771093809,0.9138201107462376,0.8698689956331878,0.8463630183548607,4.288596719598618
2568,0.8841666666666667,0.8841121780893836,0.8514190317195326,0.9107142857142856,0.8841121780893836,0.9181499920502424,0.8800690250215703,0.8626522327469555,4.000774915636747
2569,0.8775,0.8774093816927269,0.8230383973288815,0.9232209737827716,0.8774093816927271,0.9172963522224932,0.8702559576345984,0.8412969283276451,4.231027427955423
2570,0.8725,0.8724315900877502,0.8313856427378965,0.9054545454545454,0.8724315900877502,0.9105034274295544,0.8668407310704961,0.8452138492871691,4.403728639573088
2571,0.88,0.8799302220283944,0.8380634390651085,0.9143897996357012,0.8799302220283944,0.9166432860170716,0.8745644599303136,0.8522920203735144,4.144684484955299
2572,0.8775,0.8774288261911838,0.8347245409015025,0.9124087591240876,0.8774288261911839,0.9148166500127952,0.8718395815170009,0.8491847826086958,4.231032092273766
2573,0.8758333333333334,0.8757621548948746,0.8330550918196995,0.9105839416058394,0.8757621548948746,0.9134861833794362,0.8700959023539668,0.8474864130434784,4.28859738592981
2574,0.8775,0.8774371595476653,0.8397328881469115,0.907942238267148,0.8774371595476653,0.9138375632070298,0.8725065047701648,0.852542372881356,4.231034091267343
2575,0.8866666666666667,0.8866024627846188,0.8480801335559266,0.9186256781193491,0.8866024627846188,0.9212695725043044,0.8819444444444445,0.8613089182773823,3.91442464299351
2576,0.8691666666666666,0.8691093586371073,0.8347245409015025,0.8960573476702509,0.8691093586371073,0.9066409442858768,0.8643042350907519,0.8463100880162491,4.518861892209941
2577,0.8741666666666666,0.8741065947405409,0.8380634390651085,0.9028776978417268,0.8741065947405409,0.9108872351200844,0.8692640692640693,0.8502710027100271,4.34616534491062
2578,0.8825,0.8824316178656051,0.8414023372287145,0.9163636363636364,0.8824316178656051,0.9184663201295088,0.8772845953002611,0.8553971486761711,4.0583368776368305
2579,0.8783333333333333,0.8782718840885668,0.8414023372287145,0.9081081081081082,0.8782718840885669,0.9143385560017446,0.8734835355285961,0.8539478143002371,4.202251777604917
2580,0.8816666666666667,0.8815968933247036,0.8397328881469115,0.9162112932604736,0.8815968933247037,0.9179720907036926,0.8763066202090591,0.8539898132427844,4.087119191299256
2581,0.8775,0.8774260484056899,0.8330550918196995,0.913919413919414,0.8774260484056899,0.9151539195362234,0.8716157205240174,0.8480625424881032,4.231031425942575
2582,0.8766666666666667,0.8766135461487392,0.8447412353923205,0.9019607843137256,0.8766135461487392,0.9121010098530228,0.8724137931034481,0.8555968887385864,4.259819070254535
2583,0.8691666666666666,0.8691010252806257,0.8297161936560935,0.9003623188405797,0.8691010252806258,0.9075392562483364,0.8635968722849695,0.842944369063772,4.518859893216367
2584,0.8716666666666667,0.8716163100453056,0.8414023372287145,0.8952042628774423,0.8716163100453057,0.9078866333864116,0.8674698795180722,0.8516390672524502,4.4325156175538565
2585,0.8791666666666667,0.8790982752729868,0.8380634390651085,0.9127272727272728,0.8790982752729868,0.9158120225628572,0.8738033072236727,0.8520027155465038,4.173467464948915
2586,0.8791666666666667,0.8791093864149622,0.8447412353923205,0.906810035842294,0.8791093864149623,0.9145256356173072,0.8746758859118409,0.8564658090724441,4.173470130273683
2587,0.8766666666666667,0.8766052127922577,0.8397328881469115,0.9063063063063064,0.8766052127922577,0.9130195972266087,0.8717504332755632,0.8522534733988477,4.25981707126096
2588,0.8783333333333333,0.8782774396595545,0.8447412353923205,0.9051878354203936,0.8782774396595546,0.913714535406357,0.8739205526770293,0.8561759729272421,4.202253110267301
2589,0.8708333333333333,0.8707760299334164,0.8363939899833055,0.8978494623655914,0.8707760299334164,0.9079550595077818,0.8660328435609335,0.8480027081922816,4.461296598553898
2590,0.8725,0.8724482568007133,0.8414023372287145,0.8967971530249108,0.8724482568007133,0.908683078460146,0.8682170542635659,0.8519269776876268,4.403732637560238
2591,0.8775,0.8774343817621715,0.8380634390651085,0.9094202898550724,0.8774343817621716,0.9141585311267572,0.8722849695916595,0.8514246947082766,4.231033424936151
2592,0.8825,0.8824371734365928,0.8447412353923205,0.9133574007220217,0.8824371734365928,0.9177993180571712,0.8777103209019947,0.8576271186440678,4.0583382102992145
2593,0.8758333333333334,0.8757538215383931,0.8280467445742905,0.915129151291513,0.8757538215383931,0.9145046145995684,0.8694127957931641,0.8441116405718175,4.288595386936233
2594,0.8725,0.8724454790152194,0.8397328881469115,0.8982142857142857,0.8724454790152194,0.9089735869305986,0.8679896462467646,0.8508119079837617,4.403731971229047
2595,0.875,0.8749440970669362,0.8414023372287145,0.9016100178890876,0.8749440970669362,0.9110895108922344,0.8704663212435234,0.8527918781725888,4.317383697579387
2596,0.8816666666666667,0.8815968933247036,0.8397328881469115,0.9162112932604736,0.8815968933247037,0.9179720907036926,0.8763066202090591,0.8539898132427844,4.087119191299256
2597,0.88,0.8799441109558637,0.8464106844741235,0.9069767441860463,0.8799441109558637,0.9150270476634182,0.8756476683937823,0.8578680203045684,4.144687816611258
2598,0.8741666666666666,0.8741038169550469,0.8363939899833055,0.9043321299638988,0.8741038169550471,0.9111963933069356,0.8690372940156115,0.8491525423728815,4.346164678579428
2599,0.8791666666666667,0.8791066086294683,0.8430717863105175,0.9082733812949642,0.8791066086294683,0.9148392504694074,0.8744588744588744,0.8553523035230353,4.1734694639424905
2600,0.8766666666666667,0.8766191017197271,0.8480801335559266,0.8991150442477877,0.8766191017197271,0.9115142555685238,0.872852233676976,0.8578183046268154,4.259820402916919
2601,0.8808333333333334,0.8807788354967653,0.8480801335559266,0.9071428571428573,0.8807788354967653,0.9155281620160584,0.8766177739430544,0.8592692828146145,4.1159055029488325
2602,0.8825,0.8824455067930744,0.8497495826377296,0.9089285714285714,0.8824455067930745,0.9168390770331504,0.8783433994823123,0.8609607577807848,4.058340209292789
2603,0.8741666666666666,0.8741065947405409,0.8380634390651085,0.9028776978417268,0.8741065947405409,0.9108872351200844,0.8692640692640693,0.8502710027100271,4.34616534491062
2604,0.8783333333333333,0.8782857730160362,0.8497495826377296,0.9008849557522124,0.8782857730160362,0.9128172691949709,0.8745704467353952,0.8595069233367106,4.202255109260876
2605,0.88,0.8799468887413576,0.8480801335559266,0.9055258467023172,0.8799468887413576,0.9147196567957886,0.8758620689655172,0.8589786946229286,4.144688482942449
2606,0.8741666666666666,0.8741093725260347,0.8397328881469115,0.9014336917562724,0.8741093725260348,0.910583289951592,0.8694900605012965,0.8513879485443466,4.346166011241812
2607,0.8791666666666667,0.8791010530584806,0.8397328881469115,0.9112318840579712,0.8791010530584806,0.9154823861024411,0.8740225890529975,0.8531207598371777,4.1734681312801065
2608,0.885,0.8849441248447912,0.8514190317195326,0.9123434704830052,0.8849441248447912,0.9189645844346024,0.8808290155440415,0.8629441624365483,3.971991935643129
2609,0.885,0.8849441248447912,0.8514190317195326,0.9123434704830052,0.8849441248447912,0.9189645844346024,0.8808290155440415,0.8629441624365483,3.971991935643129
2610,0.8725,0.8724204789457748,0.8247078464106845,0.911439114391144,0.8724204789457748,0.911823480400914,0.8659070990359333,0.8407079646017699,4.403725974248321
2611,0.87,0.8699301942505395,0.8280467445742905,0.9034608378870674,0.8699301942505395,0.9086704578973456,0.8641114982578397,0.8421052631578947,4.490076246891556
2612,0.8783333333333333,0.8782829952305423,0.8480801335559266,0.9023090586145648,0.8782829952305423,0.9131112627519123,0.8743545611015491,0.8583981074687395,4.202254442929683
2613,0.8858333333333334,0.8857788493856927,0.8530884808013356,0.9125,0.8857788493856927,0.9194609070673344,0.8817946505608283,0.8643437077131259,3.943209621980703
2614,0.8833333333333333,0.8832746757629882,0.8480801335559266,0.9120287253141832,0.8832746757629882,0.9179710961017216,0.8788927335640138,0.8601422282424653,4.029556562967978
2615,0.8766666666666667,0.8766079905777515,0.8414023372287145,0.9048473967684022,0.8766079905777515,0.9127082003318916,0.8719723183391005,0.8533694547917372,4.259817737592151
2616,0.8741666666666666,0.8741121503115286,0.8414023372287145,0.9,0.8741121503115286,0.9102845019476904,0.8697152717860225,0.8525033829499323,4.346166677573004
2617,0.8766666666666667,0.8766052127922577,0.8397328881469115,0.9063063063063064,0.8766052127922577,0.9130195972266087,0.8717504332755632,0.8522534733988477,4.25981707126096
2618,0.8791666666666667,0.8791066086294683,0.8430717863105175,0.9082733812949642,0.8791066086294683,0.9148392504694074,0.8744588744588744,0.8553523035230353,4.1734694639424905
2619,0.8758333333333334,0.8757677104658623,0.8363939899833055,0.9076086956521741,0.8757677104658623,0.9128346761510728,0.8705473501303214,0.8497286295793759,4.288598718592193
2620,0.8808333333333334,0.8807621687838021,0.8380634390651085,0.9160583941605841,0.8807621687838021,0.9174775832795128,0.8753269398430689,0.8525815217391303,4.1159015049616805
2621,0.87,0.8699218608940581,0.8230383973288815,0.9079189686924494,0.8699218608940581,0.909645349677332,0.8633975481611208,0.8387206532834298,4.49007424789798
2622,0.8783333333333333,0.8782663285175791,0.8380634390651085,0.911070780399274,0.8782663285175792,0.914983776398858,0.8730434782608696,0.8517136070580251,4.202250444942534
2623,0.8725,0.872434367873244,0.8330550918196995,0.9039855072463768,0.872434367873244,0.9101869661997048,0.8670721112076456,0.8463364993215738,4.403729305904278
2624,0.8758333333333334,0.8757732660368499,0.8397328881469115,0.9046762589928058,0.8757732660368501,0.9122045735698586,0.8709956709956709,0.8519647696476964,4.288600051254576
2625,0.8858333333333334,0.8857649604582234,0.8447412353923205,0.92,0.8857649604582234,0.9211206176961604,0.8807658833768494,0.8587915818058385,3.9432062903247433
2626,0.8816666666666667,0.8815913377537159,0.8363939899833055,0.9192660550458716,0.8815913377537159,0.918663355847922,0.8758741258741259,0.8517511050663039,4.087117858636872
2627,0.8808333333333334,0.880784391067753,0.8514190317195326,0.9042553191489362,0.880784391067753,0.9149205087675676,0.8770421324161651,0.8614864864864864,4.1159068356112165
2628,0.88,0.8799413331703698,0.8447412353923205,0.9084380610412928,0.8799413331703699,0.9153396482168066,0.8754325259515571,0.8567558415171013,4.144687150280067
2629,0.875,0.8749579859944056,0.8497495826377296,0.8945518453427065,0.8749579859944056,0.909650713990218,0.8715753424657535,0.8583473861720068,4.317387029235345
2630,0.8783333333333333,0.8782718840885668,0.8414023372287145,0.9081081081081082,0.8782718840885669,0.9143385560017446,0.8734835355285961,0.8539478143002371,4.202251777604917
2631,0.88,0.8799413331703698,0.8447412353923205,0.9084380610412928,0.8799413331703699,0.9153396482168066,0.8754325259515571,0.8567558415171013,4.144687150280067
2632,0.875,0.8749329859249608,0.8347245409015025,0.9074410163339384,0.8749329859249608,0.9123327786177204,0.8695652173913043,0.8483203257550052,4.317381032254619
2633,0.8741666666666666,0.8741149280970224,0.8430717863105175,0.8985765124555161,0.8741149280970225,0.9099908160496836,0.8699397071490096,0.8536173089925627,4.346167343904196
2634,0.8833333333333333,0.8832718979774943,0.8464106844741235,0.9135135135135136,0.8832718979774944,0.9182954323271518,0.8786828422876949,0.8590308370044053,4.029555896636788
2635,0.88,0.8799357775993821,0.8414023372287145,0.9113924050632912,0.8799357775993821,0.915980704479336,0.875,0.8545269582909459,4.144685817617683
2636,0.8766666666666667,0.8766024350067638,0.8380634390651085,0.9077757685352622,0.8766024350067638,0.913336270466852,0.8715277777777777,0.8511359782977281,4.259816404929769
2637,0.8783333333333333,0.8782607729465914,0.8347245409015025,0.9140767824497258,0.8782607729465914,0.9156506616756142,0.8726003490401396,0.8494733265375467,4.20224911228015
2638,0.8791666666666667,0.8791038308439745,0.8414023372287145,0.9097472924187726,0.8791038308439746,0.915158148157077,0.8742411101474414,0.8542372881355933,4.173468797611299
2639,0.8833333333333333,0.8832718979774943,0.8464106844741235,0.9135135135135136,0.8832718979774944,0.9182954323271518,0.8786828422876949,0.8590308370044053,4.029555896636788
2640,0.8725,0.8724427012297256,0.8380634390651085,0.8996415770609321,0.8724427012297257,0.9092691747296868,0.8677614520311149,0.8496953283683142,4.403731304897854
2641,0.8791666666666667,0.8791093864149622,0.8447412353923205,0.906810035842294,0.8791093864149623,0.9145256356173072,0.8746758859118409,0.8564658090724441,4.1734701302736825
2642,0.8741666666666666,0.8741065947405409,0.8380634390651085,0.9028776978417268,0.8741065947405409,0.9108872351200844,0.8692640692640693,0.8502710027100271,4.34616534491062
2643,0.8816666666666667,0.8815996711101974,0.8414023372287145,0.9147005444646098,0.8815996711101974,0.9176347741799956,0.8765217391304346,0.8551068883610452,4.087119857630446
2644,0.8808333333333334,0.8807732799257775,0.8447412353923205,0.9100719424460432,0.8807732799257775,0.916156588919182,0.8761904761904762,0.8570460704607045,4.1159041702864485
2645,0.8841666666666667,0.8841149558748774,0.8530884808013356,0.909252669039146,0.8841149558748774,0.9178372415869074,0.880275624461671,0.8637592968221771,4.000775581967939
2646,0.8733333333333333,0.8732885369126024,0.8464106844741235,0.8941798941798942,0.8732885369126026,0.9086286226603422,0.8696397941680959,0.8555518056024299,4.374951656560197
2647,0.8675,0.8674343539843166,0.8280467445742905,0.8985507246376812,0.8674343539843166,0.9062154012726524,0.8618592528236316,0.8412483039348712,4.576425186872409
2648,0.8808333333333334,0.8807649465692959,0.8397328881469115,0.9145454545454546,0.8807649465692959,0.9171391713461832,0.8755439512619669,0.8536999321113373,4.115902171292873
2649,0.8758333333333334,0.8757760438223439,0.8414023372287145,0.9032258064516128,0.8757760438223439,0.911897405173497,0.871218668971478,0.8530805687203791,4.288600717585768
2650,0.885,0.8849385692738035,0.8480801335559266,0.9153153153153152,0.8849385692738035,0.9196143911022876,0.8804159445407278,0.8607251779057946,3.971990602980745
2651,0.8783333333333333,0.8782718840885668,0.8414023372287145,0.9081081081081082,0.8782718840885669,0.9143385560017446,0.8734835355285961,0.8539478143002371,4.202251777604917
2652,0.8766666666666667,0.8766079905777515,0.8414023372287145,0.9048473967684022,0.8766079905777515,0.9127082003318916,0.8719723183391005,0.8533694547917372,4.259817737592152
2653,0.8858333333333334,0.8857594048872357,0.8414023372287145,0.9230769230769232,0.8857594048872359,0.9218229634861522,0.880349344978166,0.8565601631543167,3.94320495766236
2654,0.8758333333333334,0.8757677104658623,0.8363939899833055,0.9076086956521741,0.8757677104658623,0.9128346761510728,0.8705473501303214,0.8497286295793759,4.288598718592194
2655,0.8733333333333333,0.8732774257706271,0.8397328881469115,0.8998211091234347,0.8732774257706271,0.9097769986351733,0.8687392055267703,0.8510998307952624,4.374948991235429
2656,0.8808333333333334,0.880784391067753,0.8514190317195326,0.9042553191489362,0.880784391067753,0.9149205087675676,0.8770421324161651,0.8614864864864864,4.1159068356112165
2657,0.8808333333333334,0.8807788354967653,0.8480801335559266,0.9071428571428573,0.8807788354967653,0.9155281620160584,0.8766177739430544,0.8592692828146145,4.1159055029488325
2658,0.8775,0.8774454929041469,0.8447412353923205,0.9035714285714286,0.8774454929041469,0.9129063319818744,0.8731665228645383,0.8558863328822734,4.231036090260918
2659,0.8841666666666667,0.8840927335909265,0.8397328881469115,0.9212454212454212,0.8840927335909265,0.9204891546961664,0.8786026200873361,0.854860639021074,4.0007702513184045
2660,0.8808333333333334,0.8807732799257775,0.8447412353923205,0.9100719424460432,0.8807732799257775,0.916156588919182,0.8761904761904762,0.8570460704607045,4.115904170286448
2661,0.8758333333333334,0.8757565993238869,0.8297161936560935,0.9136029411764706,0.8757565993238869,0.914159567416282,0.8696412948381452,0.8452380952380953,4.288596053267426
2662,0.8816666666666667,0.8816024488956913,0.8430717863105175,0.9132007233273056,0.8816024488956913,0.9173029214855782,0.8767361111111112,0.8562224482875551,4.087120523961639
2663,0.8766666666666667,0.8766107683632454,0.8430717863105175,0.9033989266547406,0.8766107683632454,0.9124020231492956,0.8721934369602763,0.8544839255499155,4.259818403923344
2664,0.8808333333333334,0.8807788354967653,0.8480801335559266,0.9071428571428573,0.8807788354967653,0.9155281620160584,0.8766177739430544,0.8592692828146145,4.115905502948832
2665,0.88,0.879938555384876,0.8430717863105175,0.90990990990991,0.879938555384876,0.9156575147768804,0.8752166377816292,0.8556421552016266,4.144686483948873
2666,0.8783333333333333,0.8782774396595545,0.8447412353923205,0.9051878354203936,0.8782774396595546,0.913714535406357,0.8739205526770293,0.8561759729272421,4.202253110267301
2667,0.8741666666666666,0.8741177058825162,0.8447412353923205,0.8971631205673759,0.8741177058825162,0.9097021779798482,0.8701633705932932,0.8547297297297297,4.346168010235386
2668,0.8775,0.8774316039766776,0.8363939899833055,0.9109090909090908,0.8774316039766776,0.9144848737795316,0.8720626631853786,0.8503054989816702,4.231032758604958
2669,0.8808333333333334,0.8807788354967653,0.8480801335559266,0.9071428571428573,0.8807788354967653,0.9155281620160584,0.8766177739430544,0.8592692828146145,4.1159055029488325
2670,0.8741666666666666,0.8741121503115286,0.8414023372287145,0.9,0.8741121503115286,0.9102845019476904,0.8697152717860225,0.8525033829499323,4.346166677573004
2671,0.8758333333333334,0.8757788216078377,0.8430717863105175,0.9017857142857144,0.8757788216078378,0.9115954169647826,0.8714408973252804,0.8541948579161027,4.288601383916961
2672,0.87,0.8699413053925149,0.8347245409015025,0.8976660682226212,0.8699413053925149,0.9074453045620618,0.8650519031141869,0.8465966813410092,4.490078912216324
2673,0.875,0.8749524304234177,0.8464106844741235,0.8973451327433628,0.8749524304234177,0.9102112419420764,0.8711340206185566,0.85612968591692,4.317385696572962
2674,0.88,0.8799496665268515,0.8497495826377296,0.9040852575488456,0.8799496665268516,0.9144174200932876,0.8760757314974182,0.8600878675228117,4.144689149273641
2675,0.875,0.8749496526379239,0.8447412353923205,0.8987566607460036,0.8749496526379239,0.910498948069162,0.8709122203098106,0.8550185873605947,4.31738503024177
2676,0.8841666666666667,0.8841177336603713,0.8547579298831386,0.9078014184397164,0.8841177336603713,0.9175296741614274,0.8804815133276009,0.8648648648648648,4.00077624829913
2677,0.8741666666666666,0.8741121503115286,0.8414023372287145,0.9,0.8741121503115286,0.9102845019476904,0.8697152717860225,0.8525033829499323,4.346166677573004
2678,0.8733333333333333,0.8732746479851332,0.8380634390651085,0.9012567324955116,0.8732746479851332,0.9100767524469768,0.8685121107266436,0.8499830680663731,4.374948324904239
2679,0.8766666666666667,0.8766135461487392,0.8447412353923205,0.9019607843137256,0.8766135461487392,0.9121010098530228,0.8724137931034481,0.8555968887385864,4.259819070254537
2680,0.8791666666666667,0.8791038308439745,0.8414023372287145,0.9097472924187726,0.8791038308439746,0.915158148157077,0.8742411101474414,0.8542372881355933,4.1734687976112985
2681,0.88,0.879938555384876,0.8430717863105175,0.90990990990991,0.879938555384876,0.9156575147768804,0.8752166377816292,0.8556421552016266,4.144686483948873
2682,0.8691666666666666,0.8691176919935888,0.8397328881469115,0.8918439716312057,0.8691176919935889,0.9057884298890586,0.8650042992261393,0.8496621621621621,4.518863891203517
2683,0.8716666666666667,0.8716107544743179,0.8380634390651085,0.8980322003577818,0.871610754474318,0.9084644863781116,0.8670120898100172,0.8494077834179358,4.432514284891472
2684,0.8733333333333333,0.8732607590576641,0.8297161936560935,0.9085923217550276,0.8732607590576641,0.9116542577055604,0.8673647469458989,0.8443764865783214,4.374944993248279
2685,0.8758333333333334,0.8757843771788254,0.8464106844741235,0.898936170212766,0.8757843771788254,0.911006760676778,0.8718830610490113,0.8564189189189189,4.288602716579345
2686,0.8783333333333333,0.8782774396595545,0.8447412353923205,0.9051878354203936,0.8782774396595546,0.913714535406357,0.8739205526770293,0.8561759729272421,4.202253110267301
2687,0.8725,0.872434367873244,0.8330550918196995,0.9039855072463768,0.872434367873244,0.9101869661997048,0.8670721112076456,0.8463364993215738,4.403729305904278
2688,0.8725,0.8724399234442317,0.8363939899833055,0.9010791366906474,0.8724399234442317,0.90956989667031,0.8675324675324676,0.8485772357723578,4.403730638566663
2689,0.8783333333333333,0.8782746618740607,0.8430717863105175,0.9066427289048474,0.8782746618740607,0.9140239242743492,0.8737024221453287,0.8550626481544192,4.202252443936109
2690,0.88,0.8799413331703698,0.8447412353923205,0.9084380610412928,0.8799413331703699,0.9153396482168066,0.8754325259515571,0.8567558415171013,4.144687150280066
2691,0.8833333333333333,0.8832857869049636,0.8547579298831386,0.9061946902654868,0.8832857869049636,0.9167263100743126,0.8797250859106529,0.8645727794663965,4.029559228292747
2692,0.8791666666666667,0.87911494198595,0.8480801335559266,0.9039145907473308,0.87911494198595,0.9139140288182954,0.8751076658053403,0.8586883029073697,4.1734714629360665
2693,0.8691666666666666,0.8691065808516134,0.8330550918196995,0.8974820143884892,0.8691065808516135,0.9069352197707612,0.8640692640692641,0.8451897018970189,4.51886122587875
2694,0.8841666666666667,0.8840899558054327,0.8380634390651085,0.9227941176470588,0.8840899558054329,0.9208454450227505,0.8783902012248469,0.8537414965986394,4.000769584987212
2695,0.8758333333333334,0.8757871549643194,0.8480801335559266,0.8975265017667845,0.8757871549643195,0.9107199843280224,0.8721030042918455,0.8575286968264687,4.288603382910536
2696,0.8875,0.8874455206820019,0.8547579298831386,0.9142857142857144,0.887445520682002,0.9207718220844264,0.8835202761000863,0.8660351826792965,3.88564432832466
2697,0.8766666666666667,0.8765996572212701,0.8363939899833055,0.909255898366606,0.8765996572212701,0.9136582775082892,0.8713043478260869,0.8500169664065149,4.259815738598576
2698,0.8683333333333333,0.8682690785252181,0.8297161936560935,0.8987341772151899,0.8682690785252182,0.9067251854356416,0.8628472222222221,0.8426585283146829,4.547642873209981
2699,0.8833333333333333,0.8832746757629882,0.8480801335559266,0.9120287253141832,0.8832746757629882,0.9179710961017216,0.8788927335640138,0.8601422282424653,4.029556562967978
2700,0.8841666666666667,0.8841038447329019,0.8464106844741235,0.9151624548736462,0.884103844732902,0.9191199030072182,0.8794449262792715,0.8593220338983051,4.000772916643172
2701,0.875,0.8749468748524301,0.8430717863105175,0.9001782531194296,0.8749468748524302,0.9107916863816402,0.8706896551724137,0.8539059857964153,4.317384363910578
2702,0.8741666666666666,0.8741093725260347,0.8397328881469115,0.9014336917562724,0.8741093725260348,0.910583289951592,0.8694900605012965,0.8513879485443466,4.346166011241812
2703,0.8808333333333334,0.8807788354967653,0.8480801335559266,0.9071428571428573,0.8807788354967653,0.9155281620160584,0.8766177739430544,0.8592692828146145,4.1159055029488325
2704,0.8641666666666666,0.8641149003191675,0.8330550918196995,0.8879003558718861,0.8641149003191676,0.9021443905124594,0.859603789836348,0.8434753211629479,4.6915591058404535
2705,0.8766666666666667,0.8766024350067638,0.8380634390651085,0.9077757685352622,0.8766024350067638,0.913336270466852,0.8715277777777777,0.8511359782977281,4.259816404929768
2706,0.875,0.8749357637104547,0.8363939899833055,0.9059674502712476,0.8749357637104548,0.9120140534606099,0.8697916666666667,0.8494404883011191,4.3173816985858116
2707,0.8783333333333333,0.878269106303073,0.8397328881469115,0.9095840867992768,0.878269106303073,0.914658487473094,0.8732638888888891,0.8528314682943369,4.202251111273725
2708,0.8716666666666667,0.8716024211178364,0.8330550918196995,0.9023508137432188,0.8716024211178364,0.9093696194481258,0.8663194444444444,0.8460495083079008,4.4325122858978965
2709,0.8725,0.8724454790152194,0.8397328881469115,0.8982142857142857,0.8724454790152194,0.9089735869305986,0.8679896462467646,0.8508119079837617,4.403731971229046
2710,0.88,0.8799357775993821,0.8414023372287145,0.9113924050632912,0.8799357775993821,0.915980704479336,0.875,0.8545269582909459,4.144685817617681
2711,0.8725,0.8724399234442317,0.8363939899833055,0.9010791366906474,0.8724399234442317,0.90956989667031,0.8675324675324676,0.8485772357723578,4.403730638566662
2712,0.8733333333333333,0.8732774257706271,0.8397328881469115,0.8998211091234347,0.8732774257706271,0.9097769986351733,0.8687392055267703,0.8510998307952624,4.374948991235429
2713,0.8733333333333333,0.8732746479851332,0.8380634390651085,0.9012567324955116,0.8732746479851332,0.9100767524469768,0.8685121107266436,0.8499830680663731,4.374948324904238
2714,0.8758333333333334,0.8757815993933316,0.8447412353923205,0.900355871886121,0.8757815993933316,0.9112985536392209,0.871662360034453,0.8553076402974984,4.288602050248153
2715,0.8716666666666667,0.8716107544743179,0.8380634390651085,0.8980322003577818,0.871610754474318,0.9084644863781116,0.8670120898100172,0.8494077834179358,4.432514284891472
2716,0.8808333333333334,0.880784391067753,0.8514190317195326,0.9042553191489362,0.880784391067753,0.9149205087675676,0.8770421324161651,0.8614864864864864,4.1159068356112165
2717,0.8808333333333334,0.8807705021402836,0.8430717863105175,0.9115523465703972,0.8807705021402836,0.916478733107124,0.8759757155247181,0.8559322033898304,4.1159035039552565
2718,0.8641666666666666,0.8641010113916983,0.8247078464106845,0.894927536231884,0.8641010113916983,0.9035676913212842,0.8583840139009556,0.8378561736770691,4.691555774184494
2719,0.8775,0.8774427151186529,0.8430717863105175,0.9050179211469536,0.8774427151186529,0.913211520395402,0.8729472774416595,0.8547731888964116,4.231035423929726
2720,0.87,0.8699385276070211,0.8330550918196995,0.8990990990990991,0.8699385276070212,0.9077437621260659,0.8648180242634316,0.8454761097932904,4.490078245885132
2721,0.8783333333333333,0.8782663285175791,0.8380634390651085,0.911070780399274,0.8782663285175792,0.914983776398858,0.8730434782608696,0.8517136070580251,4.202250444942534
2722,0.8783333333333333,0.8782941063725177,0.8547579298831386,0.8966725043782837,0.8782941063725177,0.9119652171307112,0.8752136752136751,0.862824401752612,4.202257108254451
2723,0.8791666666666667,0.8790982752729868,0.8380634390651085,0.9127272727272728,0.8790982752729868,0.9158120225628572,0.8738033072236727,0.8520027155465038,4.173467464948915
2724,0.8775,0.8774260484056899,0.8330550918196995,0.913919413919414,0.8774260484056899,0.9151539195362234,0.8716157205240174,0.8480625424881032,4.231031425942575
2725,0.875,0.8749357637104547,0.8363939899833055,0.9059674502712476,0.8749357637104548,0.9120140534606099,0.8697916666666667,0.8494404883011191,4.3173816985858116
2726,0.8783333333333333,0.8782663285175791,0.8380634390651085,0.911070780399274,0.8782663285175792,0.914983776398858,0.8730434782608696,0.8517136070580251,4.202250444942534
2727,0.8858333333333334,0.8857677382437172,0.8464106844741235,0.9184782608695652,0.8857677382437172,0.9207778060051776,0.8809730668983493,0.8599050203527816,3.9432069566559362
2728,0.8833333333333333,0.8832635646210127,0.8414023372287145,0.918032786885246,0.8832635646210127,0.9193008953903136,0.8780487804878049,0.8556876061120542,4.029553897643212
2729,0.88,0.8799552220978392,0.8530884808013356,0.9012345679012346,0.8799552220978393,0.9138281910179518,0.8765008576329331,0.8623017212284847,4.144690481936025
2730,0.8808333333333334,0.8807649465692959,0.8397328881469115,0.9145454545454546,0.8807649465692959,0.9171391713461832,0.8755439512619669,0.8536999321113373,4.115902171292873
2731,0.8791666666666667,0.8791010530584806,0.8397328881469115,0.9112318840579712,0.8791010530584806,0.9154823861024411,0.8740225890529975,0.8531207598371777,4.1734681312801065
2732,0.885,0.8849496804157789,0.8547579298831386,0.9094138543516874,0.8849496804157789,0.918335892117413,0.8812392426850258,0.8651571476850287,3.971993268305512
2733,0.8766666666666667,0.8766135461487392,0.8447412353923205,0.9019607843137256,0.8766135461487392,0.9121010098530228,0.8724137931034481,0.8555968887385864,4.259819070254535
2734,0.8725,0.872434367873244,0.8330550918196995,0.9039855072463768,0.872434367873244,0.9101869661997048,0.8670721112076456,0.8463364993215738,4.403729305904278
2735,0.8741666666666666,0.8741038169550469,0.8363939899833055,0.9043321299638988,0.8741038169550471,0.9111963933069356,0.8690372940156115,0.8491525423728815,4.346164678579428
2736,0.8791666666666667,0.8790954974874929,0.8363939899833055,0.9142335766423356,0.8790954974874929,0.9161471166461541,0.8735832606800349,0.8508831521739131,4.173466798617723
2737,0.8783333333333333,0.8782746618740607,0.8430717863105175,0.9066427289048474,0.8782746618740607,0.9140239242743492,0.8737024221453287,0.8550626481544192,4.202252443936109
2738,0.8733333333333333,0.8732607590576641,0.8297161936560935,0.9085923217550276,0.8732607590576641,0.9116542577055604,0.8673647469458989,0.8443764865783214,4.374944993248279
2739,0.8716666666666667,0.8716051989033302,0.8347245409015025,0.9009009009009008,0.8716051989033303,0.9090627209012015,0.8665511265164645,0.8471704506946798,4.4325129522290885
2740,0.8825,0.8824510623640621,0.8530884808013356,0.9060283687943262,0.8824510623640622,0.9162250914644976,0.8787618228718829,0.8631756756756758,4.058341541955174
2741,0.8758333333333334,0.8757788216078377,0.8430717863105175,0.9017857142857144,0.8757788216078378,0.9115954169647826,0.8714408973252804,0.8541948579161027,4.288601383916961
2742,0.8841666666666667,0.8841149558748774,0.8530884808013356,0.909252669039146,0.8841149558748774,0.9178372415869074,0.880275624461671,0.8637592968221771,4.000775581967939
2743,0.8775,0.8774260484056899,0.8330550918196995,0.913919413919414,0.8774260484056899,0.9151539195362234,0.8716157205240174,0.8480625424881032,4.231031425942575
2744,0.8725,0.8724565901571948,0.8464106844741235,0.8926056338028169,0.8724565901571949,0.9078414924718036,0.8688946015424165,0.8552631578947366,4.403734636553813
2745,0.8766666666666667,0.8766135461487392,0.8447412353923205,0.9019607843137256,0.8766135461487392,0.9121010098530228,0.8724137931034481,0.8555968887385864,4.259819070254537
2746,0.8775,0.8774482706896407,0.8464106844741235,0.9021352313167259,0.8774482706896407,0.912606291228758,0.8733850129198968,0.8569979716024341,4.231036756592109
2747,0.8766666666666667,0.8766052127922577,0.8397328881469115,0.9063063063063064,0.8766052127922577,0.9130195972266087,0.8717504332755632,0.8522534733988477,4.2598170712609615
2748,0.8683333333333333,0.8682690785252181,0.8297161936560935,0.8987341772151899,0.8682690785252182,0.9067251854356416,0.8628472222222221,0.8426585283146829,4.547642873209981
2749,0.8808333333333334,0.8807871688532468,0.8530884808013356,0.9028268551236748,0.8807871688532469,0.914624334629172,0.8772532188841202,0.8625928426738692,4.1159075019424085
2750,0.8733333333333333,0.8732802035561209,0.8414023372287145,0.8983957219251337,0.8732802035561209,0.9094823629102574,0.8689655172413793,0.8522150828542441,4.374949657566622
2751,0.8866666666666667,0.8865996849991249,0.8464106844741235,0.9201451905626136,0.8865996849991249,0.9216112708517018,0.8817391304347826,0.8601968103155752,3.914423976662319
2752,0.8825,0.8824343956510989,0.8430717863105175,0.914855072463768,0.882434395651099,0.9181300960538096,0.8774978279756733,0.8565128900949796,4.058337543968022
2753,0.885,0.8849469026302851,0.8530884808013356,0.9108734402852049,0.8849469026302851,0.918647627209937,0.8810344827586207,0.8640514034494421,3.971992601974321
2754,0.88,0.8799552220978392,0.8530884808013356,0.9012345679012346,0.8799552220978393,0.9138281910179518,0.8765008576329331,0.8623017212284847,4.144690481936025
2755,0.885,0.8849441248447912,0.8514190317195326,0.9123434704830052,0.8849441248447912,0.9189645844346024,0.8808290155440415,0.8629441624365483,3.971991935643129
2756,0.8783333333333333,0.8782718840885668,0.8414023372287145,0.9081081081081082,0.8782718840885669,0.9143385560017446,0.8734835355285961,0.8539478143002371,4.202251777604917
2757,0.88,0.8799441109558637,0.8464106844741235,0.9069767441860463,0.8799441109558637,0.9150270476634182,0.8756476683937823,0.8578680203045684,4.144687816611258
2758,0.8766666666666667,0.8766274350762085,0.8530884808013356,0.8949211908931699,0.8766274350762087,0.9106715025139192,0.8735042735042735,0.861139197842939,4.259822401910495
2759,0.8808333333333334,0.8807955022097284,0.8580968280467446,0.8986013986013986,0.8807955022097285,0.9137657799907384,0.8778821520068317,0.8659029649595689,4.115909500935984
2760,0.885,0.8849552359867666,0.8580968280467446,0.9065255731922398,0.8849552359867667,0.9177278672861588,0.8816466552315609,0.8673641579480258,3.9719946009678964
2761,0.8708333333333333,0.8707843632898978,0.8414023372287145,0.8936170212765957,0.8707843632898981,0.9070930125859884,0.8667239896818573,0.8513513513513513,4.461298597547473
2762,0.885,0.8849496804157789,0.8547579298831386,0.9094138543516874,0.8849496804157789,0.918335892117413,0.8812392426850258,0.8651571476850287,3.971993268305512
2763,0.8791666666666667,0.879112164200456,0.8464106844741235,0.9053571428571427,0.879112164200456,0.9142172469989666,0.8748921484037964,0.8575778078484438,4.1734707966048745
2764,0.8825,0.8824455067930744,0.8497495826377296,0.9089285714285714,0.8824455067930745,0.9168390770331504,0.8783433994823123,0.8609607577807848,4.058340209292789
2765,0.8708333333333333,0.8707843632898978,0.8414023372287145,0.8936170212765957,0.8707843632898981,0.9070930125859884,0.8667239896818573,0.8513513513513513,4.461298597547473
2766,0.8783333333333333,0.8782802174450484,0.8464106844741235,0.9037433155080212,0.8782802174450484,0.9134103333244058,0.8741379310344828,0.8572877916807574,4.202253776598492
2767,0.875,0.8749552082089117,0.8480801335559266,0.8959435626102292,0.8749552082089118,0.9099285147497446,0.8713550600343054,0.8572392845089437,4.317386362904154
2768,0.8766666666666667,0.8766163239342329,0.8464106844741235,0.9005328596802842,0.8766163239342329,0.9118051054105372,0.8726333907056798,0.8567083474146672,4.259819736585728
2769,0.8816666666666667,0.8816080044666791,0.8464106844741235,0.910233393177738,0.8816080044666791,0.9166553721592641,0.8771626297577854,0.8584490348797832,4.087121856624023
2770,0.8758333333333334,0.8757815993933316,0.8447412353923205,0.900355871886121,0.8757815993933316,0.9112985536392209,0.871662360034453,0.8553076402974984,4.288602050248153
2771,0.8833333333333333,0.8832718979774943,0.8464106844741235,0.9135135135135136,0.8832718979774944,0.9182954323271518,0.8786828422876949,0.8590308370044053,4.029555896636787
2772,0.8816666666666667,0.8816218933941483,0.8547579298831386,0.9029982363315696,0.8816218933941483,0.915128083107354,0.8782161234991424,0.8639892001349982,4.087125188279982
2773,0.8766666666666667,0.8766218795052209,0.8497495826377296,0.8977072310405644,0.8766218795052209,0.911228406839147,0.8730703259005146,0.8589267634154573,4.259821069248111
2774,0.8741666666666666,0.8741065947405409,0.8380634390651085,0.9028776978417268,0.8741065947405409,0.9108872351200844,0.8692640692640693,0.8502710027100271,4.346165344910618
2775,0.8783333333333333,0.8782829952305423,0.8480801335559266,0.9023090586145648,0.8782829952305423,0.9131112627519123,0.8743545611015491,0.8583981074687395,4.202254442929683
2776,0.8783333333333333,0.8782829952305423,0.8480801335559266,0.9023090586145648,0.8782829952305423,0.9131112627519123,0.8743545611015491,0.8583981074687395,4.202254442929683
2777,0.8791666666666667,0.8791038308439745,0.8414023372287145,0.9097472924187726,0.8791038308439746,0.915158148157077,0.8742411101474414,0.8542372881355933,4.1734687976112985
2778,0.8791666666666667,0.8791260531279254,0.8547579298831386,0.8982456140350877,0.8791260531279254,0.9127517719591132,0.8759623609923012,0.8631153068105193,4.1734741282608345
2779,0.8783333333333333,0.8782913285870239,0.8530884808013356,0.8980667838312829,0.8782913285870241,0.912244298982976,0.875,0.8617200674536257,4.202256441923259
2780,0.8825,0.8824316178656051,0.8414023372287145,0.9163636363636364,0.8824316178656051,0.9184663201295088,0.8772845953002611,0.8553971486761711,4.0583368776368305
2781,0.8808333333333334,0.8807955022097284,0.8580968280467446,0.8986013986013986,0.8807955022097285,0.9137657799907384,0.8778821520068317,0.8659029649595689,4.115909500935984
2782,0.8858333333333334,0.8857816271711866,0.8547579298831386,0.9110320284697508,0.8857816271711866,0.9191449791764448,0.8819982773471147,0.8654496281271128,3.943210288311896
2783,0.8783333333333333,0.8782913285870239,0.8530884808013356,0.8980667838312829,0.8782913285870241,0.912244298982976,0.875,0.8617200674536257,4.202256441923259
2784,0.8816666666666667,0.8816080044666791,0.8464106844741235,0.910233393177738,0.8816080044666791,0.9166553721592641,0.8771626297577854,0.8584490348797832,4.087121856624023
2785,0.8808333333333334,0.8807760577112713,0.8464106844741235,0.9086021505376344,0.8807760577112713,0.9158397508392124,0.8764044943820225,0.8581584292484765,4.1159048366176405
2786,0.875,0.8749468748524301,0.8430717863105175,0.9001782531194296,0.8749468748524302,0.9107916863816402,0.8706896551724137,0.8539059857964153,4.317384363910578
2787,0.8791666666666667,0.87911494198595,0.8480801335559266,0.9039145907473308,0.87911494198595,0.9139140288182954,0.8751076658053403,0.8586883029073697,4.173471462936067
2788,0.8791666666666667,0.8791343864844069,0.8597662771285476,0.8940972222222222,0.8791343864844069,0.9119317496753848,0.876595744680851,0.8664199192462987,4.1734761272544105
2789,0.8808333333333334,0.8807760577112713,0.8464106844741235,0.9086021505376344,0.8807760577112713,0.9158397508392124,0.8764044943820225,0.8581584292484765,4.1159048366176405
2790,0.885,0.8849413470592974,0.8497495826377296,0.9138240574506284,0.8849413470592975,0.9192868200441788,0.8806228373702422,0.8618354216051474,3.971991269311937
2791,0.8833333333333333,0.8832885646904575,0.8564273789649416,0.9047619047619048,0.8832885646904575,0.9164279751967566,0.8799313893653516,0.8656766790415119,4.029559894623938
2792,0.8775,0.8774427151186529,0.8430717863105175,0.9050179211469536,0.8774427151186529,0.913211520395402,0.8729472774416595,0.8547731888964116,4.231035423929726
2793,0.8916666666666667,0.8916219211720032,0.8647746243739566,0.9135802469135802,0.8916219211720032,0.9229274356437684,0.8885077186963979,0.8741140735740803,3.741733426343724
2794,0.8866666666666667,0.8866191294975819,0.8580968280467446,0.9097345132743364,0.886619129497582,0.9193323373272072,0.8831615120274914,0.8679500168861872,3.9144286409806615
2795,0.8841666666666667,0.8841149558748774,0.8530884808013356,0.909252669039146,0.8841149558748774,0.9178372415869074,0.880275624461671,0.8637592968221771,4.000775581967939
2796,0.8758333333333334,0.8757788216078377,0.8430717863105175,0.9017857142857144,0.8757788216078378,0.9115954169647826,0.8714408973252804,0.8541948579161027,4.288601383916959
2797,0.88,0.8799274442429006,0.8363939899833055,0.9159049360146252,0.8799274442429007,0.9169827963322986,0.8743455497382199,0.8511722731906218,4.144683818624107
2798,0.8766666666666667,0.8766218795052209,0.8497495826377296,0.8977072310405644,0.8766218795052209,0.911228406839147,0.8730703259005146,0.8589267634154573,4.259821069248111
2799,0.8833333333333333,0.8832857869049636,0.8547579298831386,0.9061946902654868,0.8832857869049636,0.9167263100743126,0.8797250859106529,0.8645727794663965,4.029559228292747
2800,0.8808333333333334,0.8807816132822591,0.8497495826377296,0.905693950177936,0.8807816132822592,0.9152217664078328,0.8768303186907841,0.8603786342123056,4.1159061692800245
2801,0.885,0.8849441248447912,0.8514190317195326,0.9123434704830052,0.8849441248447912,0.9189645844346024,0.8808290155440415,0.8629441624365483,3.971991935643129
2802,0.8775,0.8774371595476653,0.8397328881469115,0.907942238267148,0.8774371595476653,0.9138375632070298,0.8725065047701648,0.852542372881356,4.231034091267343
2803,0.8783333333333333,0.8782774396595545,0.8447412353923205,0.9051878354203936,0.8782774396595546,0.913714535406357,0.8739205526770293,0.8561759729272421,4.202253110267301
2804,0.8783333333333333,0.8782802174450484,0.8464106844741235,0.9037433155080212,0.8782802174450484,0.9134103333244058,0.8741379310344828,0.8572877916807574,4.202253776598492
2805,0.8783333333333333,0.8782802174450484,0.8464106844741235,0.9037433155080212,0.8782802174450484,0.9134103333244058,0.8741379310344828,0.8572877916807574,4.202253776598492
2806,0.8808333333333334,0.8807788354967653,0.8480801335559266,0.9071428571428573,0.8807788354967653,0.9155281620160584,0.8766177739430544,0.8592692828146145,4.1159055029488325
2807,0.8825,0.8824482845785683,0.8514190317195326,0.9074733096085408,0.8824482845785683,0.91652950399737,0.8785529715762274,0.8620689655172413,4.058340875623982
2808,0.8791666666666667,0.87911494198595,0.8480801335559266,0.9039145907473308,0.87911494198595,0.9139140288182954,0.8751076658053403,0.8586883029073697,4.1734714629360665
2809,0.8825,0.8824427290075806,0.8480801335559266,0.9103942652329751,0.8824427290075806,0.9171538660611174,0.8781331028522039,0.8598510494245092,4.058339542961597
2810,0.87,0.8699246386795518,0.8247078464106845,0.906422018348624,0.8699246386795519,0.9093149323796542,0.8636363636363638,0.8398503910234614,4.490074914229172
2811,0.8816666666666667,0.8816163378231606,0.8514190317195326,0.905861456483126,0.8816163378231606,0.9157235774346628,0.8777969018932874,0.8617776275768841,4.087123855617598
2812,0.8883333333333333,0.8882746896519157,0.8530884808013356,0.9174147217235188,0.8882746896519157,0.921918267929094,0.8840830449826991,0.8652218083305114,3.856860681999851
2813,0.8783333333333333,0.8782941063725177,0.8547579298831386,0.8966725043782837,0.8782941063725177,0.9119652171307112,0.8752136752136751,0.862824401752612,4.202257108254452
2814,0.875,0.8749440970669362,0.8414023372287145,0.9016100178890876,0.8749440970669362,0.9110895108922344,0.8704663212435234,0.8527918781725888,4.317383697579387
2815,0.8841666666666667,0.8841232892313591,0.8580968280467446,0.9049295774647887,0.8841232892313591,0.9169298694224332,0.8808911739503,0.8670715249662618,4.000777580961514
2816,0.8791666666666667,0.8791260531279254,0.8547579298831386,0.8982456140350877,0.8791260531279254,0.9127517719591132,0.8759623609923012,0.8631153068105193,4.1734741282608345
2817,0.8766666666666667,0.8766024350067638,0.8380634390651085,0.9077757685352622,0.8766024350067638,0.913336270466852,0.8715277777777777,0.8511359782977281,4.259816404929768
2818,0.8816666666666667,0.8816107822521729,0.8480801335559266,0.9087656529516994,0.8816107822521729,0.9163395599204796,0.8773747841105354,0.8595600676818951,4.087122522955215
2819,0.875,0.8749329859249608,0.8347245409015025,0.9074410163339384,0.8749329859249608,0.9123327786177204,0.8695652173913043,0.8483203257550052,4.317381032254619
2820,0.8825,0.8824288400801112,0.8397328881469115,0.917883211678832,0.8824288400801114,0.9188080499128718,0.8770706190061028,0.8542798913043478,4.058336211305638
2821,0.8816666666666667,0.8816052266811851,0.8447412353923205,0.9117117117117116,0.8816052266811851,0.916976473552016,0.8769497400346621,0.8573364961030159,4.087121190292831
2822,0.8841666666666667,0.8841149558748774,0.8530884808013356,0.909252669039146,0.8841149558748774,0.9178372415869074,0.880275624461671,0.8637592968221771,4.000775581967939
2823,0.8808333333333334,0.8807816132822591,0.8497495826377296,0.905693950177936,0.8807816132822592,0.9152217664078328,0.8768303186907841,0.8603786342123056,4.1159061692800245
2824,0.8766666666666667,0.8766079905777515,0.8414023372287145,0.9048473967684022,0.8766079905777515,0.9127082003318916,0.8719723183391005,0.8533694547917372,4.259817737592152
2825,0.8783333333333333,0.8782718840885668,0.8414023372287145,0.9081081081081082,0.8782718840885669,0.9143385560017446,0.8734835355285961,0.8539478143002371,4.202251777604917
2826,0.875,0.8749329859249608,0.8347245409015025,0.9074410163339384,0.8749329859249608,0.9123327786177204,0.8695652173913043,0.8483203257550052,4.317381032254619
2827,0.875,0.8749329859249608,0.8347245409015025,0.9074410163339384,0.8749329859249608,0.9123327786177204,0.8695652173913043,0.8483203257550052,4.317381032254619
2828,0.8741666666666666,0.8740927058130716,0.8297161936560935,0.9102564102564102,0.8740927058130716,0.9124863019562518,0.8681222707423579,0.8446634942216178,4.346162013254661
2829,0.8758333333333334,0.8757760438223439,0.8414023372287145,0.9032258064516128,0.8757760438223439,0.911897405173497,0.871218668971478,0.8530805687203791,4.288600717585768
2830,0.8791666666666667,0.8790982752729868,0.8380634390651085,0.9127272727272728,0.8790982752729868,0.9158120225628572,0.8738033072236727,0.8520027155465038,4.173467464948915
2831,0.8741666666666666,0.8741065947405409,0.8380634390651085,0.9028776978417268,0.8741065947405409,0.9108872351200844,0.8692640692640693,0.8502710027100271,4.34616534491062
2832,0.8775,0.8774399373331592,0.8414023372287145,0.9064748201438848,0.8774399373331593,0.9135219120196332,0.8727272727272728,0.853658536585366,4.231034757598533
2833,0.8816666666666667,0.8815968933247036,0.8397328881469115,0.9162112932604736,0.8815968933247037,0.9179720907036926,0.8763066202090591,0.8539898132427844,4.087119191299256
2834,0.8775,0.8774454929041469,0.8447412353923205,0.9035714285714286,0.8774454929041469,0.9129063319818744,0.8731665228645383,0.8558863328822734,4.231036090260918
2835,0.8841666666666667,0.8841038447329019,0.8464106844741235,0.9151624548736462,0.884103844732902,0.9191199030072182,0.8794449262792715,0.8593220338983051,4.000772916643172
2836,0.8708333333333333,0.8707732521479226,0.8347245409015025,0.8992805755395683,0.8707732521479226,0.9082525582205354,0.8658008658008658,0.8468834688346882,4.461295932222706
2837,0.8783333333333333,0.8782968841580115,0.8564273789649416,0.8952879581151832,0.8782968841580115,0.9116910018733958,0.8754266211604096,0.8639272482317277,4.202257774585643
2838,0.88,0.8799524443123453,0.8514190317195326,0.9026548672566372,0.8799524443123453,0.9141202828214182,0.8762886597938144,0.861195542046606,4.144689815604833
2839,0.8758333333333334,0.8757871549643194,0.8480801335559266,0.8975265017667845,0.8757871549643195,0.9107199843280224,0.8721030042918455,0.8575286968264687,4.288603382910536
2840,0.8866666666666667,0.8866080183556065,0.8514190317195326,0.9156193895870736,0.8866080183556065,0.9206025439866364,0.8823529411764706,0.8635286149678294,3.9144259756558943
2841,0.8741666666666666,0.8741149280970224,0.8430717863105175,0.8985765124555161,0.8741149280970225,0.9099908160496836,0.8699397071490096,0.8536173089925627,4.346167343904196
2842,0.8808333333333334,0.8807788354967653,0.8480801335559266,0.9071428571428573,0.8807788354967653,0.9155281620160584,0.8766177739430544,0.8592692828146145,4.1159055029488325
2843,0.8741666666666666,0.8741093725260347,0.8397328881469115,0.9014336917562724,0.8741093725260348,0.910583289951592,0.8694900605012965,0.8513879485443466,4.346166011241812
2844,0.8791666666666667,0.8791232753424315,0.8530884808013356,0.8996478873239436,0.8791232753424316,0.9130348507293062,0.8757497857754928,0.8620107962213225,4.1734734619296425
2845,0.8783333333333333,0.8782746618740607,0.8430717863105175,0.9066427289048474,0.8782746618740607,0.9140239242743492,0.8737024221453287,0.8550626481544192,4.202252443936109
2846,0.8783333333333333,0.8782746618740607,0.8430717863105175,0.9066427289048474,0.8782746618740607,0.9140239242743492,0.8737024221453287,0.8550626481544192,4.202252443936109
2847,0.8766666666666667,0.8766218795052209,0.8497495826377296,0.8977072310405644,0.8766218795052209,0.911228406839147,0.8730703259005146,0.8589267634154573,4.259821069248111
2848,0.8758333333333334,0.8757871549643194,0.8480801335559266,0.8975265017667845,0.8757871549643195,0.9107199843280224,0.8721030042918455,0.8575286968264687,4.288603382910536
2849,0.8775,0.8774538262606285,0.8497495826377296,0.8992932862190812,0.8774538262606285,0.9120214344284054,0.8738197424892704,0.8592167454422688,4.231038089254493
2850,0.8808333333333334,0.8807871688532468,0.8530884808013356,0.9028268551236748,0.8807871688532469,0.914624334629172,0.8772532188841202,0.8625928426738692,4.1159075019424085
2851,0.8833333333333333,0.8832941202614452,0.8597662771285476,0.9019264448336252,0.8832941202614452,0.9158463609810864,0.8803418803418804,0.8678800134816314,4.029561227286323
2852,0.8841666666666667,0.8841260670168528,0.8597662771285476,0.9035087719298246,0.8841260670168528,0.916637524529186,0.8810949529512404,0.8681726230613621,4.000778247292706
2853,0.88,0.8799635554543207,0.8580968280467446,0.8970331588132635,0.8799635554543208,0.9129816600966708,0.8771331058020477,0.8656113169417313,4.144692480929601
2854,0.88,0.8799274442429006,0.8363939899833055,0.9159049360146252,0.8799274442429007,0.9169827963322986,0.8743455497382199,0.8511722731906218,4.144683818624107
2855,0.8825,0.882453840149556,0.8547579298831386,0.9045936395759716,0.882453840149556,0.9159257847295552,0.8789699570815451,0.8642808912896692,4.058342208286364
2856,0.8741666666666666,0.8741010391695532,0.8347245409015025,0.9057971014492754,0.8741010391695532,0.911510821175389,0.8688097306689835,0.8480325644504748,4.346164012248236
2857,0.8816666666666667,0.8816024488956913,0.8430717863105175,0.9132007233273056,0.8816024488956913,0.9173029214855782,0.8767361111111112,0.8562224482875551,4.087120523961639
2858,0.8775,0.8774566040461224,0.8514190317195326,0.897887323943662,0.8774566040461224,0.9117365111649308,0.8740359897172236,0.8603238866396761,4.2310387555856845
2859,0.8808333333333334,0.880784391067753,0.8514190317195326,0.9042553191489362,0.880784391067753,0.9149205087675676,0.8770421324161651,0.8614864864864864,4.1159068356112165
2860,0.8808333333333334,0.8807788354967653,0.8480801335559266,0.9071428571428573,0.8807788354967653,0.9155281620160584,0.8766177739430544,0.8592692828146145,4.115905502948832
2861,0.8891666666666667,0.8891066364073233,0.8530884808013356,0.9190647482014388,0.8891066364073233,0.9227432811680538,0.8848484848484849,0.8655149051490515,3.8280777020062335
2862,0.8816666666666667,0.8816080044666791,0.8464106844741235,0.910233393177738,0.8816080044666791,0.9166553721592641,0.8771626297577854,0.8584490348797832,4.087121856624023
2863,0.8733333333333333,0.8732857591271086,0.8447412353923205,0.8955752212389381,0.8732857591271086,0.9089082283156292,0.8694158075601375,0.8544410672070246,4.3749509902290065
2864,0.8783333333333333,0.8782857730160362,0.8497495826377296,0.9008849557522124,0.8782857730160362,0.9128172691949709,0.8745704467353952,0.8595069233367106,4.202255109260876
2865,0.8791666666666667,0.879112164200456,0.8464106844741235,0.9053571428571427,0.879112164200456,0.9142172469989666,0.8748921484037964,0.8575778078484438,4.1734707966048745
2866,0.8808333333333334,0.8807871688532468,0.8530884808013356,0.9028268551236748,0.8807871688532469,0.914624334629172,0.8772532188841202,0.8625928426738692,4.1159075019424085
2867,0.88,0.8799524443123453,0.8514190317195326,0.9026548672566372,0.8799524443123453,0.9141202828214182,0.8762886597938144,0.861195542046606,4.144689815604834
2868,0.88,0.8799468887413576,0.8480801335559266,0.9055258467023172,0.8799468887413576,0.9147196567957886,0.8758620689655172,0.8589786946229286,4.144688482942449
2869,0.8733333333333333,0.8732802035561209,0.8414023372287145,0.8983957219251337,0.8732802035561209,0.9094823629102574,0.8689655172413793,0.8522150828542441,4.374949657566622
2870,0.8858333333333334,0.8857705160292112,0.8480801335559266,0.9169675090252708,0.8857705160292112,0.9204404879572654,0.8811795316565483,0.8610169491525426,3.9432076229871273
2871,0.8858333333333334,0.885773293814705,0.8497495826377296,0.9154676258992804,0.885773293814705,0.9201086042685049,0.8813852813852814,0.8621273712737128,3.9432082893183193
2872,0.8791666666666667,0.87911494198595,0.8480801335559266,0.9039145907473308,0.87911494198595,0.9139140288182954,0.8751076658053403,0.8586883029073697,4.173471462936067
2873,0.8808333333333334,0.8807816132822591,0.8497495826377296,0.905693950177936,0.8807816132822592,0.9152217664078328,0.8768303186907841,0.8603786342123056,4.1159061692800245
2874,0.8783333333333333,0.8782857730160362,0.8497495826377296,0.9008849557522124,0.8782857730160362,0.9128172691949709,0.8745704467353952,0.8595069233367106,4.202255109260876
2875,0.8808333333333334,0.8807705021402836,0.8430717863105175,0.9115523465703972,0.8807705021402836,0.916478733107124,0.8759757155247181,0.8559322033898304,4.1159035039552565
2876,0.8758333333333334,0.8757843771788254,0.8464106844741235,0.898936170212766,0.8757843771788254,0.911006760676778,0.8718830610490113,0.8564189189189189,4.288602716579343
2877,0.8841666666666667,0.8841260670168528,0.8597662771285476,0.9035087719298246,0.8841260670168528,0.916637524529186,0.8810949529512404,0.8681726230613621,4.000778247292706
2878,0.8791666666666667,0.8791204975569377,0.8514190317195326,0.9010600706713779,0.8791204975569377,0.9133228845287886,0.8755364806866953,0.8609047940580692,4.1734727955984505
2879,0.8683333333333333,0.8682663007397242,0.8280467445742905,0.9001814882032668,0.8682663007397242,0.9070307830554452,0.862608695652174,0.8415337631489651,4.54764220687879
2880,0.8766666666666667,0.8766163239342329,0.8464106844741235,0.9005328596802842,0.8766163239342329,0.9118051054105372,0.8726333907056798,0.8567083474146672,4.259819736585728
2881,0.8833333333333333,0.8832718979774943,0.8464106844741235,0.9135135135135136,0.8832718979774944,0.9182954323271518,0.8786828422876949,0.8590308370044053,4.029555896636788
2882,0.8733333333333333,0.8732940924835902,0.8497495826377296,0.8914185639229422,0.8732940924835902,0.908084073280336,0.8700854700854702,0.857768790023593,4.374952989222581
2883,0.8775,0.8774538262606285,0.8497495826377296,0.8992932862190812,0.8774538262606285,0.9120214344284054,0.8738197424892704,0.8592167454422688,4.231038089254493
2884,0.8825,0.8824510623640621,0.8530884808013356,0.9060283687943262,0.8824510623640622,0.9162250914644976,0.8787618228718829,0.8631756756756758,4.058341541955174
2885,0.8733333333333333,0.8732829813416148,0.8430717863105175,0.8969804618117229,0.8732829813416149,0.9091927907277868,0.8691910499139414,0.8533288273065224,4.374950323897813
2886,0.8791666666666667,0.8790982752729868,0.8380634390651085,0.9127272727272728,0.8790982752729868,0.9158120225628572,0.8738033072236727,0.8520027155465038,4.173467464948915
2887,0.88,0.8799441109558637,0.8464106844741235,0.9069767441860463,0.8799441109558637,0.9150270476634182,0.8756476683937823,0.8578680203045684,4.144687816611258
2888,0.8733333333333333,0.8732829813416148,0.8430717863105175,0.8969804618117229,0.8732829813416149,0.9091927907277868,0.8691910499139414,0.8533288273065224,4.3749503238978145
2889,0.8783333333333333,0.8782857730160362,0.8497495826377296,0.9008849557522124,0.8782857730160362,0.9128172691949709,0.8745704467353952,0.8595069233367106,4.202255109260876
2890,0.8791666666666667,0.8791260531279254,0.8547579298831386,0.8982456140350877,0.8791260531279254,0.9127517719591132,0.8759623609923012,0.8631153068105193,4.1734741282608345
2891,0.88,0.8799441109558637,0.8464106844741235,0.9069767441860463,0.8799441109558637,0.9150270476634182,0.8756476683937823,0.8578680203045684,4.144687816611258
2892,0.8816666666666667,0.8816163378231606,0.8514190317195326,0.905861456483126,0.8816163378231606,0.9157235774346628,0.8777969018932874,0.8617776275768841,4.087123855617598
2893,0.875,0.8749524304234177,0.8464106844741235,0.8973451327433628,0.8749524304234177,0.9102112419420764,0.8711340206185566,0.85612968591692,4.317385696572962
2894,0.88,0.8799468887413576,0.8480801335559266,0.9055258467023172,0.8799468887413576,0.9147196567957886,0.8758620689655172,0.8589786946229286,4.144688482942449
2895,0.8733333333333333,0.8732829813416148,0.8430717863105175,0.8969804618117229,0.8732829813416149,0.9091927907277868,0.8691910499139414,0.8533288273065224,4.3749503238978145
2896,0.8766666666666667,0.8766163239342329,0.8464106844741235,0.9005328596802842,0.8766163239342329,0.9118051054105372,0.8726333907056798,0.8567083474146672,4.259819736585728
2897,0.8825,0.8824427290075806,0.8480801335559266,0.9103942652329751,0.8824427290075806,0.9171538660611174,0.8781331028522039,0.8598510494245092,4.058339542961597
2898,0.8791666666666667,0.8791066086294683,0.8430717863105175,0.9082733812949642,0.8791066086294683,0.9148392504694074,0.8744588744588744,0.8553523035230353,4.1734694639424905
2899,0.8775,0.8774454929041469,0.8447412353923205,0.9035714285714286,0.8774454929041469,0.9129063319818744,0.8731665228645383,0.8558863328822734,4.231036090260918
2900,0.8808333333333334,0.8807927244242345,0.8564273789649416,0.9,0.8807927244242345,0.9140470228158042,0.8776732249786142,0.8648010788941335,4.115908834604792
2901,0.88,0.8799635554543207,0.8580968280467446,0.8970331588132635,0.8799635554543208,0.9129816600966708,0.8771331058020477,0.8656113169417313,4.1446924809296
2902,0.8741666666666666,0.8740982613840593,0.8330550918196995,0.9072727272727272,0.8740982613840594,0.91183057621288,0.8685813751087903,0.8469110658520027,4.346163345917045
2903,0.8725,0.8724538123717009,0.8447412353923205,0.8939929328621908,0.8724538123717009,0.9081170841272556,0.8686695278969958,0.8541525995948682,4.403733970222622
2904,0.8791666666666667,0.8791038308439745,0.8414023372287145,0.9097472924187726,0.8791038308439746,0.915158148157077,0.8742411101474414,0.8542372881355933,4.1734687976112985
2905,0.8808333333333334,0.8807705021402836,0.8430717863105175,0.9115523465703972,0.8807705021402836,0.916478733107124,0.8759757155247181,0.8559322033898304,4.1159035039552565
2906,0.8866666666666667,0.8866135739265942,0.8547579298831386,0.9126559714795008,0.8866135739265942,0.9199569506813196,0.8827586206896552,0.8657423063916131,3.9144273083182783
2907,0.8808333333333334,0.8807816132822591,0.8497495826377296,0.905693950177936,0.8807816132822592,0.9152217664078328,0.8768303186907841,0.8603786342123056,4.1159061692800245
2908,0.8783333333333333,0.8782718840885668,0.8414023372287145,0.9081081081081082,0.8782718840885669,0.9143385560017446,0.8734835355285961,0.8539478143002371,4.202251777604917
2909,0.8841666666666667,0.8841205114458651,0.8564273789649416,0.9063604240282686,0.8841205114458651,0.9172272348299384,0.8806866952789699,0.8659689399054694,4.000776914630321
2910,0.8808333333333334,0.8807816132822591,0.8497495826377296,0.905693950177936,0.8807816132822592,0.9152217664078328,0.8768303186907841,0.8603786342123056,4.1159061692800245
2911,0.8808333333333334,0.8807732799257775,0.8447412353923205,0.9100719424460432,0.8807732799257775,0.916156588919182,0.8761904761904762,0.8570460704607045,4.115904170286448
2912,0.8833333333333333,0.8832746757629882,0.8480801335559266,0.9120287253141832,0.8832746757629882,0.9179710961017216,0.8788927335640138,0.8601422282424653,4.02955656296798
2913,0.8866666666666667,0.8866135739265942,0.8547579298831386,0.9126559714795008,0.8866135739265942,0.9199569506813196,0.8827586206896552,0.8657423063916131,3.9144273083182783
2914,0.8816666666666667,0.8816024488956913,0.8430717863105175,0.9132007233273056,0.8816024488956913,0.9173029214855782,0.8767361111111112,0.8562224482875551,4.087120523961639
2915,0.8708333333333333,0.8707704743624287,0.8330550918196995,0.90072202166065,0.8707704743624287,0.9085552234068414,0.865568083261058,0.8457627118644067,4.461295265891514
2916,0.8841666666666667,0.8841038447329019,0.8464106844741235,0.9151624548736462,0.884103844732902,0.9191199030072182,0.8794449262792715,0.8593220338983051,4.000772916643172
2917,0.8808333333333334,0.8807732799257775,0.8447412353923205,0.9100719424460432,0.8807732799257775,0.916156588919182,0.8761904761904762,0.8570460704607045,4.115904170286448
2918,0.8791666666666667,0.8791010530584806,0.8397328881469115,0.9112318840579712,0.8791010530584806,0.9154823861024411,0.8740225890529975,0.8531207598371777,4.1734681312801065
2919,0.8766666666666667,0.8765996572212701,0.8363939899833055,0.909255898366606,0.8765996572212701,0.9136582775082892,0.8713043478260869,0.8500169664065149,4.259815738598577
2920,0.8741666666666666,0.8741121503115286,0.8414023372287145,0.9,0.8741121503115286,0.9102845019476904,0.8697152717860225,0.8525033829499323,4.346166677573004
2921,0.8883333333333333,0.8882858007938911,0.8597662771285476,0.9115044247787609,0.8882858007938911,0.9206353509536542,0.8848797250859107,0.8696386355960823,3.8568633473246186
2922,0.8725,0.8724399234442317,0.8363939899833055,0.9010791366906474,0.8724399234442317,0.90956989667031,0.8675324675324676,0.8485772357723578,4.403730638566663
2923,0.8741666666666666,0.8741149280970224,0.8430717863105175,0.8985765124555161,0.8741149280970225,0.9099908160496836,0.8699397071490096,0.8536173089925627,4.346167343904196
2924,0.8783333333333333,0.8782635507320853,0.8363939899833055,0.9125683060109291,0.8782635507320853,0.9153144813304506,0.8728222996515679,0.8505942275042445,4.202249778611342
2925,0.8758333333333334,0.8757871549643194,0.8480801335559266,0.8975265017667845,0.8757871549643195,0.9107199843280224,0.8721030042918455,0.8575286968264687,4.288603382910536
2926,0.8791666666666667,0.8791038308439745,0.8414023372287145,0.9097472924187726,0.8791038308439746,0.915158148157077,0.8742411101474414,0.8542372881355933,4.173468797611299
2927,0.8716666666666667,0.8716107544743179,0.8380634390651085,0.8980322003577818,0.871610754474318,0.9084644863781116,0.8670120898100172,0.8494077834179358,4.4325142848914725
2928,0.8791666666666667,0.879112164200456,0.8464106844741235,0.9053571428571427,0.879112164200456,0.9142172469989666,0.8748921484037964,0.8575778078484438,4.1734707966048745
2929,0.875,0.8749496526379239,0.8447412353923205,0.8987566607460036,0.8749496526379239,0.910498948069162,0.8709122203098106,0.8550185873605947,4.317385030241772
2930,0.8766666666666667,0.8766191017197271,0.8480801335559266,0.8991150442477877,0.8766191017197271,0.9115142555685238,0.872852233676976,0.8578183046268154,4.259820402916919
2931,0.8758333333333334,0.8757677104658623,0.8363939899833055,0.9076086956521741,0.8757677104658623,0.9128346761510728,0.8705473501303214,0.8497286295793759,4.288598718592193
2932,0.8808333333333334,0.8807788354967653,0.8480801335559266,0.9071428571428573,0.8807788354967653,0.9155281620160584,0.8766177739430544,0.8592692828146145,4.1159055029488325
2933,0.8741666666666666,0.8741149280970224,0.8430717863105175,0.8985765124555161,0.8741149280970225,0.9099908160496836,0.8699397071490096,0.8536173089925627,4.346167343904196
2934,0.8816666666666667,0.8816107822521729,0.8480801335559266,0.9087656529516994,0.8816107822521729,0.9163395599204796,0.8773747841105354,0.8595600676818951,4.087122522955215
2935,0.885,0.8849330137028157,0.8447412353923205,0.9183303085299456,0.8849330137028157,0.9202857719611329,0.88,0.8585001696640651,3.9719892703183617
2936,0.8741666666666666,0.8741010391695532,0.8347245409015025,0.9057971014492754,0.8741010391695532,0.911510821175389,0.8688097306689835,0.8480325644504748,4.346164012248236
2937,0.8766666666666667,0.8766107683632454,0.8430717863105175,0.9033989266547406,0.8766107683632454,0.9124020231492956,0.8721934369602763,0.8544839255499155,4.259818403923344
2938,0.8716666666666667,0.8716163100453056,0.8414023372287145,0.8952042628774423,0.8716163100453057,0.9078866333864116,0.8674698795180722,0.8516390672524502,4.4325156175538565
2939,0.8758333333333334,0.8757732660368499,0.8397328881469115,0.9046762589928058,0.8757732660368501,0.9122045735698586,0.8709956709956709,0.8519647696476964,4.288600051254576
2940,0.875,0.8749302081394671,0.8330550918196995,0.9089253187613844,0.8749302081394671,0.9126568719572086,0.8693379790940767,0.8471986417657046,4.317380365923428
2941,0.875,0.8749552082089117,0.8480801335559266,0.8959435626102292,0.8749552082089118,0.9099285147497446,0.8713550600343054,0.8572392845089437,4.317386362904154
2942,0.8783333333333333,0.8782913285870239,0.8530884808013356,0.8980667838312829,0.8782913285870241,0.912244298982976,0.875,0.8617200674536257,4.202256441923259
2943,0.8775,0.8774371595476653,0.8397328881469115,0.907942238267148,0.8774371595476653,0.9138375632070298,0.8725065047701648,0.852542372881356,4.231034091267342
2944,0.8825,0.8824260622946174,0.8380634390651085,0.9194139194139194,0.8824260622946174,0.9191553459061806,0.8768558951965064,0.8531611148878314,4.058335544974447
2945,0.8833333333333333,0.8832830091194698,0.8530884808013356,0.9076376554174068,0.8832830091194698,0.9170297347760378,0.8795180722891566,0.8634673876309563,4.029558561961555
2946,0.875,0.8749385414959485,0.8380634390651085,0.9045045045045044,0.8749385414959485,0.9117006384514732,0.8700173310225304,0.8505591324974585,4.317382364917003
2947,0.8883333333333333,0.8882719118664218,0.8514190317195326,0.9189189189189191,0.888271911866422,0.922252308652559,0.8838821490467939,0.8641138597085735,3.856860015668659
2948,0.8716666666666667,0.8716107544743179,0.8380634390651085,0.8980322003577818,0.871610754474318,0.9084644863781116,0.8670120898100172,0.8494077834179358,4.432514284891472
2949,0.8741666666666666,0.8741177058825162,0.8447412353923205,0.8971631205673759,0.8741177058825162,0.9097021779798482,0.8701633705932932,0.8547297297297297,4.346168010235386
2950,0.8825,0.8824427290075806,0.8480801335559266,0.9103942652329751,0.8824427290075806,0.9171538660611174,0.8781331028522039,0.8598510494245092,4.058339542961598
2951,0.8791666666666667,0.8791093864149622,0.8447412353923205,0.906810035842294,0.8791093864149623,0.9145256356173072,0.8746758859118409,0.8564658090724441,4.1734701302736825
2952,0.875,0.8749440970669362,0.8414023372287145,0.9016100178890876,0.8749440970669362,0.9110895108922344,0.8704663212435234,0.8527918781725888,4.317383697579387
2953,0.8691666666666666,0.8691288031355642,0.8464106844741235,0.8863636363636364,0.8691288031355642,0.9047204937522132,0.865926558497011,0.8541105121293799,4.518866556528284
2954,0.8783333333333333,0.8782663285175791,0.8380634390651085,0.911070780399274,0.8782663285175792,0.914983776398858,0.8730434782608696,0.8517136070580251,4.202250444942534
2955,0.87,0.8699385276070211,0.8330550918196995,0.8990990990990991,0.8699385276070212,0.9077437621260659,0.8648180242634316,0.8454761097932904,4.490078245885132
2956,0.8775,0.8774566040461224,0.8514190317195326,0.897887323943662,0.8774566040461224,0.9117365111649308,0.8740359897172236,0.8603238866396761,4.2310387555856845
2957,0.8775,0.8774371595476653,0.8397328881469115,0.907942238267148,0.8774371595476653,0.9138375632070298,0.8725065047701648,0.852542372881356,4.231034091267343
2958,0.885,0.8849496804157789,0.8547579298831386,0.9094138543516874,0.8849496804157789,0.918335892117413,0.8812392426850258,0.8651571476850287,3.971993268305512
2959,0.8766666666666667,0.8766052127922577,0.8397328881469115,0.9063063063063064,0.8766052127922577,0.9130195972266087,0.8717504332755632,0.8522534733988477,4.25981707126096
2960,0.8775,0.8774399373331592,0.8414023372287145,0.9064748201438848,0.8774399373331593,0.9135219120196332,0.8727272727272728,0.853658536585366,4.231034757598533
2961,0.885,0.8849469026302851,0.8530884808013356,0.9108734402852049,0.8849469026302851,0.918647627209937,0.8810344827586207,0.8640514034494421,3.971992601974321
2962,0.875,0.8749413192814424,0.8397328881469115,0.9030520646319568,0.8749413192814425,0.9113924763894342,0.8702422145328721,0.8516762614290553,4.3173830312481964
2963,0.8741666666666666,0.8741010391695532,0.8347245409015025,0.9057971014492754,0.8741010391695532,0.911510821175389,0.8688097306689835,0.8480325644504748,4.346164012248236
2964,0.8841666666666667,0.8841260670168528,0.8597662771285476,0.9035087719298246,0.8841260670168528,0.916637524529186,0.8810949529512404,0.8681726230613621,4.000778247292705
2965,0.8758333333333334,0.8757677104658623,0.8363939899833055,0.9076086956521741,0.8757677104658623,0.9128346761510728,0.8705473501303214,0.8497286295793759,4.288598718592193
2966,0.8758333333333334,0.8757649326803685,0.8347245409015025,0.9090909090909092,0.8757649326803685,0.9131577249962058,0.8703220191470845,0.8486082824168363,4.288598052261002
2967,0.8858333333333334,0.8857816271711866,0.8547579298831386,0.9110320284697508,0.8857816271711866,0.9191449791764448,0.8819982773471147,0.8654496281271128,3.9432102883118954
2968,0.8816666666666667,0.8816191156086545,0.8530884808013356,0.904424778761062,0.8816191156086546,0.9154232964478656,0.8780068728522336,0.8628841607565012,4.08712452194879
2969,0.8841666666666667,0.8841094003038897,0.8497495826377296,0.9121863799283154,0.8841094003038898,0.9184679812830224,0.8798617113223856,0.8615436696005417,4.000774249305554
2970,0.8816666666666667,0.8816191156086545,0.8530884808013356,0.904424778761062,0.8816191156086546,0.9154232964478656,0.8780068728522336,0.8628841607565012,4.08712452194879
2971,0.8775,0.8774454929041469,0.8447412353923205,0.9035714285714286,0.8774454929041469,0.9129063319818744,0.8731665228645383,0.8558863328822734,4.231036090260918
2972,0.8775,0.8774593818316162,0.8530884808013356,0.8964912280701754,0.8774593818316163,0.911456521102422,0.8742514970059879,0.8614295347269051,4.231039421916877
2973,0.88,0.8799441109558637,0.8464106844741235,0.9069767441860463,0.8799441109558637,0.9150270476634182,0.8756476683937823,0.8578680203045684,4.144687816611256
2974,0.8725,0.8724427012297256,0.8380634390651085,0.8996415770609321,0.8724427012297257,0.9092691747296868,0.8677614520311149,0.8496953283683142,4.403731304897856
2975,0.875,0.8749413192814424,0.8397328881469115,0.9030520646319568,0.8749413192814425,0.9113924763894342,0.8702422145328721,0.8516762614290553,4.317383031248195
2976,0.8775,0.8774538262606285,0.8497495826377296,0.8992932862190812,0.8774538262606285,0.9120214344284054,0.8738197424892704,0.8592167454422688,4.231038089254493
2977,0.8766666666666667,0.8766218795052209,0.8497495826377296,0.8977072310405644,0.8766218795052209,0.911228406839147,0.8730703259005146,0.8589267634154573,4.259821069248111
2978,0.8733333333333333,0.8732829813416148,0.8430717863105175,0.8969804618117229,0.8732829813416149,0.9091927907277868,0.8691910499139414,0.8533288273065224,4.3749503238978145
2979,0.8791666666666667,0.8791010530584806,0.8397328881469115,0.9112318840579712,0.8791010530584806,0.9154823861024411,0.8740225890529975,0.8531207598371777,4.1734681312801065
2980,0.8758333333333334,0.875792710535307,0.8514190317195326,0.8947368421052632,0.875792710535307,0.9101612702457312,0.8725406330196749,0.8597437626432907,4.2886047155729194
2981,0.8666666666666667,0.8666079627998966,0.8313856427378965,0.8940754039497307,0.8666079627998967,0.904813856677147,0.8615916955017301,0.843210294615645,4.60520949952841
2982,0.8791666666666667,0.8791093864149622,0.8447412353923205,0.906810035842294,0.8791093864149623,0.9145256356173072,0.8746758859118409,0.8564658090724441,4.1734701302736825
2983,0.8741666666666666,0.8741149280970224,0.8430717863105175,0.8985765124555161,0.8741149280970225,0.9099908160496836,0.8699397071490096,0.8536173089925627,4.346167343904196
2984,0.8741666666666666,0.8741177058825162,0.8447412353923205,0.8971631205673759,0.8741177058825162,0.9097021779798482,0.8701633705932932,0.8547297297297297,4.346168010235386
2985,0.8783333333333333,0.8782774396595545,0.8447412353923205,0.9051878354203936,0.8782774396595546,0.913714535406357,0.8739205526770293,0.8561759729272421,4.202253110267301
2986,0.8725,0.8724593679426887,0.8480801335559266,0.8912280701754386,0.8724593679426887,0.9075707685323492,0.8691189050470488,0.8563722184760619,4.403735302885006
2987,0.8825,0.8824455067930744,0.8497495826377296,0.9089285714285714,0.8824455067930745,0.9168390770331504,0.8783433994823123,0.8609607577807848,4.058340209292789
2988,0.875,0.8749552082089117,0.8480801335559266,0.8959435626102292,0.8749552082089118,0.9099285147497446,0.8713550600343054,0.8572392845089437,4.317386362904154
2989,0.8816666666666667,0.8816107822521729,0.8480801335559266,0.9087656529516994,0.8816107822521729,0.9163395599204796,0.8773747841105354,0.8595600676818951,4.087122522955215
2990,0.8791666666666667,0.8791232753424315,0.8530884808013356,0.8996478873239436,0.8791232753424316,0.9130348507293062,0.8757497857754928,0.8620107962213225,4.1734734619296425
2991,0.8808333333333334,0.880784391067753,0.8514190317195326,0.9042553191489362,0.880784391067753,0.9149205087675676,0.8770421324161651,0.8614864864864864,4.1159068356112165
2992,0.8775,0.8774566040461224,0.8514190317195326,0.897887323943662,0.8774566040461224,0.9117365111649308,0.8740359897172236,0.8603238866396761,4.2310387555856845
2993,0.8841666666666667,0.8841177336603713,0.8547579298831386,0.9078014184397164,0.8841177336603713,0.9175296741614274,0.8804815133276009,0.8648648648648648,4.00077624829913
2994,0.8733333333333333,0.8732774257706271,0.8397328881469115,0.8998211091234347,0.8732774257706271,0.9097769986351733,0.8687392055267703,0.8510998307952624,4.3749489912354305
2995,0.8791666666666667,0.8791038308439745,0.8414023372287145,0.9097472924187726,0.8791038308439746,0.915158148157077,0.8742411101474414,0.8542372881355933,4.1734687976112985
2996,0.8825,0.8824455067930744,0.8497495826377296,0.9089285714285714,0.8824455067930745,0.9168390770331504,0.8783433994823123,0.8609607577807848,4.058340209292789
2997,0.8758333333333334,0.8757704882513562,0.8380634390651085,0.9061371841155236,0.8757704882513562,0.9125169782569826,0.8707718993928881,0.8508474576271187,4.288599384923385
2998,0.8766666666666667,0.8766024350067638,0.8380634390651085,0.9077757685352622,0.8766024350067638,0.913336270466852,0.8715277777777777,0.8511359782977281,4.259816404929767
2999,0.8725,0.872434367873244,0.8330550918196995,0.9039855072463768,0.872434367873244,0.9101869661997048,0.8670721112076456,0.8463364993215738,4.403729305904278
3000,0.8758333333333334,0.8757732660368499,0.8397328881469115,0.9046762589928058,0.8757732660368501,0.9122045735698586,0.8709956709956709,0.8519647696476964,4.288600051254576
3001,0.8883333333333333,0.8882802452229034,0.8564273789649416,0.9144385026737968,0.8882802452229034,0.9212662741527026,0.8844827586206896,0.8674332093337843,3.856862014662235
3002,0.8833333333333333,0.8832718979774943,0.8464106844741235,0.9135135135135136,0.8832718979774944,0.9182954323271518,0.8786828422876949,0.8590308370044053,4.029555896636788
3003,0.8841666666666667,0.8841177336603713,0.8547579298831386,0.9078014184397164,0.8841177336603713,0.9175296741614274,0.8804815133276009,0.8648648648648648,4.00077624829913
3004,0.8916666666666667,0.8915969211025586,0.8497495826377296,0.9271402550091076,0.8915969211025587,0.9259449188234186,0.8867595818815331,0.8641765704584042,3.7417274293629967
3005,0.8791666666666667,0.8791010530584806,0.8397328881469115,0.9112318840579712,0.8791010530584806,0.9154823861024411,0.8740225890529975,0.8531207598371777,4.173468131280108
3006,0.8858333333333334,0.8857705160292112,0.8480801335559266,0.9169675090252708,0.8857705160292112,0.9204404879572654,0.8811795316565483,0.8610169491525426,3.9432076229871273
3007,0.8858333333333334,0.885773293814705,0.8497495826377296,0.9154676258992804,0.885773293814705,0.9201086042685049,0.8813852813852814,0.8621273712737128,3.9432082893183193
3008,0.8891666666666667,0.8891066364073233,0.8530884808013356,0.9190647482014388,0.8891066364073233,0.9227432811680538,0.8848484848484849,0.8655149051490515,3.8280777020062335
3009,0.8716666666666667,0.8716079766888241,0.8363939899833055,0.8994614003590664,0.8716079766888241,0.9087610285045192,0.8667820069204152,0.8482898747036912,4.4325136185602805
3010,0.8783333333333333,0.878269106303073,0.8397328881469115,0.9095840867992768,0.878269106303073,0.914658487473094,0.8732638888888891,0.8528314682943369,4.202251111273725
3011,0.8866666666666667,0.8866135739265942,0.8547579298831386,0.9126559714795008,0.8866135739265942,0.9199569506813196,0.8827586206896552,0.8657423063916131,3.914427308318277
3012,0.8716666666666667,0.871591309975861,0.8263772954924875,0.908256880733945,0.871591309975861,0.9106504214465496,0.8653846153846154,0.8415504930295817,4.432509620573129
3013,0.8808333333333334,0.8807677243547898,0.8414023372287145,0.9130434782608696,0.8807677243547898,0.9168062410781254,0.8757602085143354,0.8548168249660787,4.1159028376240645
3014,0.8825,0.882453840149556,0.8547579298831386,0.9045936395759716,0.882453840149556,0.9159257847295552,0.8789699570815451,0.8642808912896692,4.058342208286364
3015,0.8775,0.8774427151186529,0.8430717863105175,0.9050179211469536,0.8774427151186529,0.913211520395402,0.8729472774416595,0.8547731888964116,4.231035423929726
3016,0.8758333333333334,0.8757677104658623,0.8363939899833055,0.9076086956521741,0.8757677104658623,0.9128346761510728,0.8705473501303214,0.8497286295793759,4.288598718592193
3017,0.8883333333333333,0.8882802452229034,0.8564273789649416,0.9144385026737968,0.8882802452229034,0.9212662741527026,0.8844827586206896,0.8674332093337843,3.856862014662235
3018,0.8775,0.8774427151186529,0.8430717863105175,0.9050179211469536,0.8774427151186529,0.913211520395402,0.8729472774416595,0.8547731888964116,4.231035423929726
3019,0.8725,0.8724399234442317,0.8363939899833055,0.9010791366906474,0.8724399234442317,0.90956989667031,0.8675324675324676,0.8485772357723578,4.403730638566664
3020,0.8833333333333333,0.8832691201920004,0.8447412353923205,0.91500904159132,0.8832691201920004,0.9186251384918204,0.8784722222222222,0.8579179382841641,4.029555230305595
3021,0.8825,0.8824482845785683,0.8514190317195326,0.9074733096085408,0.8824482845785683,0.91652950399737,0.8785529715762274,0.8620689655172413,4.058340875623982
3022,0.8841666666666667,0.8841094003038897,0.8497495826377296,0.9121863799283154,0.8841094003038898,0.9184679812830224,0.8798617113223856,0.8615436696005417,4.000774249305554
3023,0.8858333333333334,0.8857621826727295,0.8430717863105175,0.9215328467153284,0.8857621826727295,0.9214689831795896,0.8805579773321709,0.8576766304347826,3.943205623993552
3024,0.885,0.8849524582012728,0.8564273789649416,0.9079646017699116,0.8849524582012728,0.9180293237007598,0.8814432989690719,0.8662613981762919,3.971993934636704
3025,0.8841666666666667,0.8841121780893836,0.8514190317195326,0.9107142857142856,0.8841121780893836,0.9181499920502424,0.8800690250215703,0.8626522327469555,4.000774915636747
3026,0.88,0.8799441109558637,0.8464106844741235,0.9069767441860463,0.8799441109558637,0.9150270476634182,0.8756476683937823,0.8578680203045684,4.144687816611258
3027,0.8766666666666667,0.8766107683632454,0.8430717863105175,0.9033989266547406,0.8766107683632454,0.9124020231492956,0.8721934369602763,0.8544839255499155,4.259818403923344
3028,0.8708333333333333,0.8707760299334164,0.8363939899833055,0.8978494623655914,0.8707760299334164,0.9079550595077818,0.8660328435609335,0.8480027081922816,4.461296598553898
3029,0.87,0.8699496387489964,0.8397328881469115,0.8934280639431617,0.8699496387489964,0.9065804760450366,0.8657487091222031,0.8499493071983777,4.4900809112098985
3030,0.875,0.8749524304234177,0.8464106844741235,0.8973451327433628,0.8749524304234177,0.9102112419420764,0.8711340206185566,0.85612968591692,4.317385696572962
3031,0.8816666666666667,0.8816135600376668,0.8497495826377296,0.9073083778966132,0.8816135600376669,0.9160289802671714,0.8775862068965518,0.8606695975650999,4.087123189286406
3032,0.8833333333333333,0.8832802313339759,0.8514190317195326,0.9090909090909092,0.8832802313339759,0.9173383037385542,0.8793103448275863,0.862360500507271,4.029557895630364
3033,0.8825,0.8824371734365928,0.8447412353923205,0.9133574007220217,0.8824371734365928,0.9177993180571712,0.8777103209019947,0.8576271186440678,4.0583382102992145
3034,0.8766666666666667,0.8766107683632454,0.8430717863105175,0.9033989266547406,0.8766107683632454,0.9124020231492956,0.8721934369602763,0.8544839255499155,4.259818403923344
3035,0.8691666666666666,0.8691038030661196,0.8313856427378965,0.8989169675090253,0.8691038030661196,0.9072346384567942,0.8638334778837814,0.8440677966101695,4.518860559547557
3036,0.8708333333333333,0.8707704743624287,0.8330550918196995,0.90072202166065,0.8707704743624287,0.9085552234068414,0.865568083261058,0.8457627118644067,4.461295265891514
3037,0.8758333333333334,0.8757843771788254,0.8464106844741235,0.898936170212766,0.8757843771788254,0.911006760676778,0.8718830610490113,0.8564189189189189,4.288602716579343
3038,0.8825,0.8824427290075806,0.8480801335559266,0.9103942652329751,0.8824427290075806,0.9171538660611174,0.8781331028522039,0.8598510494245092,4.058339542961597
3039,0.8825,0.8824343956510989,0.8430717863105175,0.914855072463768,0.882434395651099,0.9181300960538096,0.8774978279756733,0.8565128900949796,4.058337543968022
3040,0.8816666666666667,0.8816052266811851,0.8447412353923205,0.9117117117117116,0.8816052266811851,0.916976473552016,0.8769497400346621,0.8573364961030159,4.087121190292831
3041,0.8791666666666667,0.8791038308439745,0.8414023372287145,0.9097472924187726,0.8791038308439746,0.915158148157077,0.8742411101474414,0.8542372881355933,4.1734687976112985
3042,0.8791666666666667,0.8791093864149622,0.8447412353923205,0.906810035842294,0.8791093864149623,0.9145256356173072,0.8746758859118409,0.8564658090724441,4.1734701302736825
3043,0.8733333333333333,0.8732774257706271,0.8397328881469115,0.8998211091234347,0.8732774257706271,0.9097769986351733,0.8687392055267703,0.8510998307952624,4.3749489912354305
3044,0.8833333333333333,0.8832691201920004,0.8447412353923205,0.91500904159132,0.8832691201920004,0.9186251384918204,0.8784722222222222,0.8579179382841641,4.029555230305596
3045,0.8733333333333333,0.8732718701996394,0.8363939899833055,0.9027027027027028,0.8732718701996394,0.9103816796763377,0.8682842287694974,0.8488647915960691,4.3749476585730465
3046,0.8758333333333334,0.8757815993933316,0.8447412353923205,0.900355871886121,0.8757815993933316,0.9112985536392209,0.871662360034453,0.8553076402974984,4.288602050248153
3047,0.8691666666666666,0.8691010252806257,0.8297161936560935,0.9003623188405797,0.8691010252806258,0.9075392562483364,0.8635968722849695,0.842944369063772,4.518859893216367
3048,0.8841666666666667,0.8841149558748774,0.8530884808013356,0.909252669039146,0.8841149558748774,0.9178372415869074,0.880275624461671,0.8637592968221771,4.000775581967939
3049,0.8775,0.8774343817621715,0.8380634390651085,0.9094202898550724,0.8774343817621716,0.9141585311267572,0.8722849695916595,0.8514246947082766,4.231033424936149
3050,0.88,0.8799441109558637,0.8464106844741235,0.9069767441860463,0.8799441109558637,0.9150270476634182,0.8756476683937823,0.8578680203045684,4.144687816611258
3051,0.8775,0.8774538262606285,0.8497495826377296,0.8992932862190812,0.8774538262606285,0.9120214344284054,0.8738197424892704,0.8592167454422688,4.231038089254493
3052,0.8733333333333333,0.8732746479851332,0.8380634390651085,0.9012567324955116,0.8732746479851332,0.9100767524469768,0.8685121107266436,0.8499830680663731,4.374948324904239
3053,0.8783333333333333,0.8782829952305423,0.8480801335559266,0.9023090586145648,0.8782829952305423,0.9131112627519123,0.8743545611015491,0.8583981074687395,4.202254442929683
3054,0.8741666666666666,0.8741288170244917,0.8514190317195326,0.8916083916083916,0.8741288170244917,0.9085970449972957,0.8710503842869342,0.8591644204851752,4.3461706755601535
3055,0.8833333333333333,0.8832746757629882,0.8480801335559266,0.9120287253141832,0.8832746757629882,0.9179710961017216,0.8788927335640138,0.8601422282424653,4.029556562967978
3056,0.8883333333333333,0.8882830230083972,0.8580968280467446,0.9129662522202486,0.8882830230083973,0.9209482068001632,0.8846815834767642,0.8685366677931734,3.8568626809934266
3057,0.8866666666666667,0.8866107961411004,0.8530884808013356,0.9141323792486584,0.8866107961411004,0.9202770966916636,0.8825561312607945,0.8646362098138748,3.9144266419870863
3058,0.8775,0.8774454929041469,0.8447412353923205,0.9035714285714286,0.8774454929041469,0.9129063319818744,0.8731665228645383,0.8558863328822734,4.231036090260918
3059,0.8783333333333333,0.8782829952305423,0.8480801335559266,0.9023090586145648,0.8782829952305423,0.9131112627519123,0.8743545611015491,0.8583981074687395,4.202254442929683
3060,0.8791666666666667,0.87911494198595,0.8480801335559266,0.9039145907473308,0.87911494198595,0.9139140288182954,0.8751076658053403,0.8586883029073697,4.1734714629360665
3061,0.8816666666666667,0.8815996711101974,0.8414023372287145,0.9147005444646098,0.8815996711101974,0.9176347741799956,0.8765217391304346,0.8551068883610452,4.087119857630446
3062,0.89,0.8899608054466818,0.8664440734557596,0.9089316987740804,0.8899608054466819,0.9210212194482534,0.8871794871794872,0.8746208291203236,3.7993000526621516
3063,0.8883333333333333,0.8882802452229034,0.8564273789649416,0.9144385026737968,0.8882802452229034,0.9212662741527026,0.8844827586206896,0.8674332093337843,3.8568620146622337
3064,0.8841666666666667,0.8841066225183959,0.8480801335559266,0.9136690647482014,0.8841066225183959,0.9187912658187308,0.8796536796536797,0.8604336043360434,4.000773582974362
3065,0.8783333333333333,0.8782635507320853,0.8363939899833055,0.9125683060109291,0.8782635507320853,0.9153144813304506,0.8728222996515679,0.8505942275042445,4.202249778611342
3066,0.8825,0.8824482845785683,0.8514190317195326,0.9074733096085408,0.8824482845785683,0.91652950399737,0.8785529715762274,0.8620689655172413,4.058340875623982
3067,0.8833333333333333,0.8832774535484821,0.8497495826377296,0.9105545617173524,0.8832774535484822,0.9176520721775412,0.8791018998272885,0.8612521150592217,4.029557229299172
3068,0.88,0.8799413331703698,0.8447412353923205,0.9084380610412928,0.8799413331703699,0.9153396482168066,0.8754325259515571,0.8567558415171013,4.144687150280066
3069,0.8775,0.8774427151186529,0.8430717863105175,0.9050179211469536,0.8774427151186529,0.913211520395402,0.8729472774416595,0.8547731888964116,4.231035423929726
3070,0.885,0.8849524582012728,0.8564273789649416,0.9079646017699116,0.8849524582012728,0.9180293237007598,0.8814432989690719,0.8662613981762919,3.971993934636704
3071,0.8758333333333334,0.8757760438223439,0.8414023372287145,0.9032258064516128,0.8757760438223439,0.911897405173497,0.871218668971478,0.8530805687203791,4.288600717585768
3072,0.8825,0.8824482845785683,0.8514190317195326,0.9074733096085408,0.8824482845785683,0.91652950399737,0.8785529715762274,0.8620689655172413,4.058340875623982
3073,0.875,0.8749385414959485,0.8380634390651085,0.9045045045045044,0.8749385414959485,0.9117006384514732,0.8700173310225304,0.8505591324974585,4.317382364917003
3074,0.885,0.8849552359867666,0.8580968280467446,0.9065255731922398,0.8849552359867667,0.9177278672861588,0.8816466552315609,0.8673641579480258,3.9719946009678964
3075,0.8833333333333333,0.8832885646904575,0.8564273789649416,0.9047619047619048,0.8832885646904575,0.9164279751967566,0.8799313893653516,0.8656766790415119,4.029559894623938
3076,0.88,0.8799413331703698,0.8447412353923205,0.9084380610412928,0.8799413331703699,0.9153396482168066,0.8754325259515571,0.8567558415171013,4.144687150280066
3077,0.8858333333333334,0.8857844049566804,0.8564273789649416,0.9095744680851064,0.8857844049566804,0.9188342568583572,0.8822012037833191,0.8665540540540541,3.9432109546430874
3078,0.8825,0.8824399512220866,0.8464106844741235,0.9118705035971224,0.8824399512220867,0.9174739273689562,0.8779220779220779,0.8587398373983739,4.058338876630405
3079,0.8833333333333333,0.8832774535484821,0.8497495826377296,0.9105545617173524,0.8832774535484822,0.9176520721775412,0.8791018998272885,0.8612521150592217,4.029557229299172
3080,0.8775,0.8774482706896407,0.8464106844741235,0.9021352313167259,0.8774482706896407,0.912606291228758,0.8733850129198968,0.8569979716024341,4.231036756592109
3081,0.8766666666666667,0.8766163239342329,0.8464106844741235,0.9005328596802842,0.8766163239342329,0.9118051054105372,0.8726333907056798,0.8567083474146672,4.259819736585728
3082,0.8791666666666667,0.8791010530584806,0.8397328881469115,0.9112318840579712,0.8791010530584806,0.9154823861024411,0.8740225890529975,0.8531207598371777,4.1734681312801065
3083,0.8758333333333334,0.8757899327498132,0.8497495826377296,0.8961267605633803,0.8757899327498132,0.9104381716005551,0.8723221936589546,0.8586369770580298,4.288604049241728
3084,0.88,0.8799496665268515,0.8497495826377296,0.9040852575488456,0.8799496665268516,0.9144174200932876,0.8760757314974182,0.8600878675228117,4.144689149273641
3085,0.8758333333333334,0.8757843771788254,0.8464106844741235,0.898936170212766,0.8757843771788254,0.911006760676778,0.8718830610490113,0.8564189189189189,4.288602716579343
3086,0.8825,0.8824455067930744,0.8497495826377296,0.9089285714285714,0.8824455067930745,0.9168390770331504,0.8783433994823123,0.8609607577807848,4.058340209292789
3087,0.8825,0.8824371734365928,0.8447412353923205,0.9133574007220217,0.8824371734365928,0.9177993180571712,0.8777103209019947,0.8576271186440678,4.0583382102992145
3088,0.8775,0.8774399373331592,0.8414023372287145,0.9064748201438848,0.8774399373331593,0.9135219120196332,0.8727272727272728,0.853658536585366,4.231034757598533
3089,0.8825,0.8824427290075806,0.8480801335559266,0.9103942652329751,0.8824427290075806,0.9171538660611174,0.8781331028522039,0.8598510494245092,4.058339542961597
3090,0.8775,0.8774454929041469,0.8447412353923205,0.9035714285714286,0.8774454929041469,0.9129063319818744,0.8731665228645383,0.8558863328822734,4.231036090260918
3091,0.88,0.8799329998138883,0.8397328881469115,0.912885662431942,0.8799329998138883,0.9163092752894269,0.8747826086956522,0.8534102477095351,4.144685151286491
3092,0.8708333333333333,0.8707732521479226,0.8347245409015025,0.8992805755395683,0.8707732521479226,0.9082525582205354,0.8658008658008658,0.8468834688346882,4.461295932222706
3093,0.8825,0.8824343956510989,0.8430717863105175,0.914855072463768,0.882434395651099,0.9181300960538096,0.8774978279756733,0.8565128900949796,4.058337543968023
3094,0.8841666666666667,0.8841094003038897,0.8497495826377296,0.9121863799283154,0.8841094003038898,0.9184679812830224,0.8798617113223856,0.8615436696005417,4.000774249305556
3095,0.8725,0.8724427012297256,0.8380634390651085,0.8996415770609321,0.8724427012297257,0.9092691747296868,0.8677614520311149,0.8496953283683142,4.403731304897854
3096,0.8833333333333333,0.8832718979774943,0.8464106844741235,0.9135135135135136,0.8832718979774944,0.9182954323271518,0.8786828422876949,0.8590308370044053,4.029555896636788
3097,0.8833333333333333,0.8832718979774943,0.8464106844741235,0.9135135135135136,0.8832718979774944,0.9182954323271518,0.8786828422876949,0.8590308370044053,4.029555896636788
3098,0.8816666666666667,0.8816218933941483,0.8547579298831386,0.9029982363315696,0.8816218933941483,0.915128083107354,0.8782161234991424,0.8639892001349982,4.087125188279982
3099,0.8841666666666667,0.8840982891619142,0.8430717863105175,0.9181818181818182,0.8840982891619144,0.9197934689128344,0.8790252393385553,0.8570943652410048,4.000771583980788
3100,0.8808333333333334,0.8807871688532468,0.8530884808013356,0.9028268551236748,0.8807871688532469,0.914624334629172,0.8772532188841202,0.8625928426738692,4.1159075019424085
3101,0.8866666666666667,0.8866191294975819,0.8580968280467446,0.9097345132743364,0.886619129497582,0.9193323373272072,0.8831615120274914,0.8679500168861872,3.9144286409806615
3102,0.8841666666666667,0.8840899558054327,0.8380634390651085,0.9227941176470588,0.8840899558054329,0.9208454450227505,0.8783902012248469,0.8537414965986394,4.000769584987212
3103,0.8833333333333333,0.8832885646904575,0.8564273789649416,0.9047619047619048,0.8832885646904575,0.9164279751967566,0.8799313893653516,0.8656766790415119,4.02955989462394
3104,0.8766666666666667,0.8766135461487392,0.8447412353923205,0.9019607843137256,0.8766135461487392,0.9121010098530228,0.8724137931034481,0.8555968887385864,4.259819070254535
3105,0.8741666666666666,0.8741121503115286,0.8414023372287145,0.9,0.8741121503115286,0.9102845019476904,0.8697152717860225,0.8525033829499323,4.346166677573004
3106,0.8825,0.8824371734365928,0.8447412353923205,0.9133574007220217,0.8824371734365928,0.9177993180571712,0.8777103209019947,0.8576271186440678,4.0583382102992145
3107,0.8741666666666666,0.8741288170244917,0.8514190317195326,0.8916083916083916,0.8741288170244917,0.9085970449972957,0.8710503842869342,0.8591644204851752,4.3461706755601535
3108,0.8858333333333334,0.8857844049566804,0.8564273789649416,0.9095744680851064,0.8857844049566804,0.9188342568583572,0.8822012037833191,0.8665540540540541,3.9432109546430874
3109,0.8758333333333334,0.8757788216078377,0.8430717863105175,0.9017857142857144,0.8757788216078378,0.9115954169647826,0.8714408973252804,0.8541948579161027,4.288601383916961
3110,0.885,0.8849441248447912,0.8514190317195326,0.9123434704830052,0.8849441248447912,0.9189645844346024,0.8808290155440415,0.8629441624365483,3.971991935643129
3111,0.8825,0.8824482845785683,0.8514190317195326,0.9074733096085408,0.8824482845785683,0.91652950399737,0.8785529715762274,0.8620689655172413,4.058340875623982
3112,0.8858333333333334,0.885773293814705,0.8497495826377296,0.9154676258992804,0.885773293814705,0.9201086042685049,0.8813852813852814,0.8621273712737128,3.9432082893183193
3113,0.8883333333333333,0.8882774674374095,0.8547579298831386,0.9159212880143112,0.8882774674374097,0.921589608948725,0.8842832469775476,0.8663282571912013,3.856861348331043
3114,0.8725,0.8724427012297256,0.8380634390651085,0.8996415770609321,0.8724427012297257,0.9092691747296868,0.8677614520311149,0.8496953283683142,4.403731304897856
3115,0.8741666666666666,0.8741065947405409,0.8380634390651085,0.9028776978417268,0.8741065947405409,0.9108872351200844,0.8692640692640693,0.8502710027100271,4.34616534491062
3116,0.8766666666666667,0.8766024350067638,0.8380634390651085,0.9077757685352622,0.8766024350067638,0.913336270466852,0.8715277777777777,0.8511359782977281,4.259816404929768
3117,0.8833333333333333,0.8832746757629882,0.8480801335559266,0.9120287253141832,0.8832746757629882,0.9179710961017216,0.8788927335640138,0.8601422282424653,4.02955656296798
3118,0.8816666666666667,0.8816191156086545,0.8530884808013356,0.904424778761062,0.8816191156086546,0.9154232964478656,0.8780068728522336,0.8628841607565012,4.08712452194879
3119,0.8866666666666667,0.8866219072830758,0.8597662771285476,0.908289241622575,0.8866219072830758,0.9190277593755612,0.8833619210977702,0.8690516368545395,3.914429307311853
3120,0.8766666666666667,0.8766079905777515,0.8414023372287145,0.9048473967684022,0.8766079905777515,0.9127082003318916,0.8719723183391005,0.8533694547917372,4.259817737592152
3121,0.885,0.8849469026302851,0.8530884808013356,0.9108734402852049,0.8849469026302851,0.918647627209937,0.8810344827586207,0.8640514034494421,3.971992601974321
3122,0.8858333333333334,0.8857816271711866,0.8547579298831386,0.9110320284697508,0.8857816271711866,0.9191449791764448,0.8819982773471147,0.8654496281271128,3.9432102883118954
3123,0.88,0.879938555384876,0.8430717863105175,0.90990990990991,0.879938555384876,0.9156575147768804,0.8752166377816292,0.8556421552016266,4.144686483948873
3124,0.885,0.8849496804157789,0.8547579298831386,0.9094138543516874,0.8849496804157789,0.918335892117413,0.8812392426850258,0.8651571476850287,3.971993268305512
3125,0.8841666666666667,0.8841066225183959,0.8480801335559266,0.9136690647482014,0.8841066225183959,0.9187912658187308,0.8796536796536797,0.8604336043360434,4.000773582974364
3126,0.8758333333333334,0.8757871549643194,0.8480801335559266,0.8975265017667845,0.8757871549643195,0.9107199843280224,0.8721030042918455,0.8575286968264687,4.288603382910536
3127,0.8766666666666667,0.8766052127922577,0.8397328881469115,0.9063063063063064,0.8766052127922577,0.9130195972266087,0.8717504332755632,0.8522534733988477,4.25981707126096
3128,0.88,0.8799496665268515,0.8497495826377296,0.9040852575488456,0.8799496665268516,0.9144174200932876,0.8760757314974182,0.8600878675228117,4.144689149273641
3129,0.8775,0.8774538262606285,0.8497495826377296,0.8992932862190812,0.8774538262606285,0.9120214344284054,0.8738197424892704,0.8592167454422688,4.231038089254493
3130,0.8816666666666667,0.8816052266811851,0.8447412353923205,0.9117117117117116,0.8816052266811851,0.916976473552016,0.8769497400346621,0.8573364961030159,4.087121190292831
3131,0.885,0.8849552359867666,0.8580968280467446,0.9065255731922398,0.8849552359867667,0.9177278672861588,0.8816466552315609,0.8673641579480258,3.9719946009678964
3132,0.8808333333333334,0.8807732799257775,0.8447412353923205,0.9100719424460432,0.8807732799257775,0.916156588919182,0.8761904761904762,0.8570460704607045,4.1159041702864485
3133,0.8783333333333333,0.8782663285175791,0.8380634390651085,0.911070780399274,0.8782663285175792,0.914983776398858,0.8730434782608696,0.8517136070580251,4.202250444942534
3134,0.8841666666666667,0.8841038447329019,0.8464106844741235,0.9151624548736462,0.884103844732902,0.9191199030072182,0.8794449262792715,0.8593220338983051,4.000772916643172
3135,0.8825,0.8824371734365928,0.8447412353923205,0.9133574007220217,0.8824371734365928,0.9177993180571712,0.8777103209019947,0.8576271186440678,4.0583382102992145
3136,0.885,0.8849469026302851,0.8530884808013356,0.9108734402852049,0.8849469026302851,0.918647627209937,0.8810344827586207,0.8640514034494421,3.971992601974321
3137,0.8866666666666667,0.8866107961411004,0.8530884808013356,0.9141323792486584,0.8866107961411004,0.9202770966916636,0.8825561312607945,0.8646362098138748,3.9144266419870846
3138,0.8816666666666667,0.8816052266811851,0.8447412353923205,0.9117117117117116,0.8816052266811851,0.916976473552016,0.8769497400346621,0.8573364961030159,4.087121190292831
3139,0.8866666666666667,0.8866024627846188,0.8480801335559266,0.9186256781193491,0.8866024627846188,0.9212695725043044,0.8819444444444445,0.8613089182773823,3.914424642993511
3140,0.8958333333333334,0.8957733215925601,0.8597662771285476,0.9262589928057554,0.8957733215925601,0.9280126349671516,0.8917748917748918,0.8722899728997291,3.597816527382062
3141,0.8841666666666667,0.8841094003038897,0.8497495826377296,0.9121863799283154,0.8841094003038898,0.9184679812830224,0.8798617113223856,0.8615436696005417,4.000774249305556
3142,0.8908333333333334,0.8907677521326448,0.8514190317195326,0.9239130434782608,0.8907677521326449,0.9247493709322299,0.8861859252823632,0.8649932157394846,3.770511075687806
3143,0.8808333333333334,0.8807677243547898,0.8414023372287145,0.9130434782608696,0.8807677243547898,0.9168062410781254,0.8757602085143354,0.8548168249660787,4.1159028376240645
3144,0.8825,0.8824343956510989,0.8430717863105175,0.914855072463768,0.882434395651099,0.9181300960538096,0.8774978279756733,0.8565128900949796,4.058337543968022
3145,0.8858333333333334,0.885773293814705,0.8497495826377296,0.9154676258992804,0.885773293814705,0.9201086042685049,0.8813852813852814,0.8621273712737128,3.9432082893183193
3146,0.8825,0.882453840149556,0.8547579298831386,0.9045936395759716,0.882453840149556,0.9159257847295552,0.8789699570815451,0.8642808912896692,4.058342208286364
3147,0.8866666666666667,0.8865996849991249,0.8464106844741235,0.9201451905626136,0.8865996849991249,0.9216112708517018,0.8817391304347826,0.8601968103155752,3.914423976662318
3148,0.8808333333333334,0.880784391067753,0.8514190317195326,0.9042553191489362,0.880784391067753,0.9149205087675676,0.8770421324161651,0.8614864864864864,4.1159068356112165
3149,0.8808333333333334,0.8807705021402836,0.8430717863105175,0.9115523465703972,0.8807705021402836,0.916478733107124,0.8759757155247181,0.8559322033898304,4.1159035039552565
3150,0.875,0.8749329859249608,0.8347245409015025,0.9074410163339384,0.8749329859249608,0.9123327786177204,0.8695652173913043,0.8483203257550052,4.317381032254619
3151,0.8708333333333333,0.8707732521479226,0.8347245409015025,0.8992805755395683,0.8707732521479226,0.9082525582205354,0.8658008658008658,0.8468834688346882,4.461295932222706
3152,0.8825,0.8824427290075806,0.8480801335559266,0.9103942652329751,0.8824427290075806,0.9171538660611174,0.8781331028522039,0.8598510494245092,4.058339542961597
3153,0.895,0.8949385970516585,0.8580968280467446,0.926126126126126,0.8949385970516586,0.9275281437531021,0.8908145580589254,0.8708912233141308,3.626598841044488
3154,0.8775,0.8774288261911838,0.8347245409015025,0.9124087591240876,0.8774288261911839,0.9148166500127952,0.8718395815170009,0.8491847826086958,4.231032092273767
3155,0.8741666666666666,0.8740871502420839,0.8263772954924875,0.9132841328413284,0.8740871502420839,0.9131640475002412,0.8676599474145485,0.8424098025867938,4.346160680592278
3156,0.8758333333333334,0.8757593771093808,0.8313856427378965,0.912087912087912,0.8757593771093809,0.9138201107462376,0.8698689956331878,0.8463630183548607,4.288596719598618
3157,0.8833333333333333,0.8832830091194698,0.8530884808013356,0.9076376554174068,0.8832830091194698,0.9170297347760378,0.8795180722891566,0.8634673876309563,4.029558561961556
3158,0.8775,0.8774371595476653,0.8397328881469115,0.907942238267148,0.8774371595476653,0.9138375632070298,0.8725065047701648,0.852542372881356,4.231034091267343
3159,0.8816666666666667,0.8816163378231606,0.8514190317195326,0.905861456483126,0.8816163378231606,0.9157235774346628,0.8777969018932874,0.8617776275768841,4.087123855617598
3160,0.8816666666666667,0.8816107822521729,0.8480801335559266,0.9087656529516994,0.8816107822521729,0.9163395599204796,0.8773747841105354,0.8595600676818951,4.087122522955215
3161,0.8758333333333334,0.8757732660368499,0.8397328881469115,0.9046762589928058,0.8757732660368501,0.9122045735698586,0.8709956709956709,0.8519647696476964,4.288600051254576
3162,0.8716666666666667,0.8716024211178364,0.8330550918196995,0.9023508137432188,0.8716024211178364,0.9093696194481258,0.8663194444444444,0.8460495083079008,4.4325122858978965
3163,0.8808333333333334,0.8807732799257775,0.8447412353923205,0.9100719424460432,0.8807732799257775,0.916156588919182,0.8761904761904762,0.8570460704607045,4.1159041702864485
3164,0.8808333333333334,0.880784391067753,0.8514190317195326,0.9042553191489362,0.880784391067753,0.9149205087675676,0.8770421324161651,0.8614864864864864,4.1159068356112165
3165,0.8791666666666667,0.8791066086294683,0.8430717863105175,0.9082733812949642,0.8791066086294683,0.9148392504694074,0.8744588744588744,0.8553523035230353,4.1734694639424905
3166,0.8841666666666667,0.8841205114458651,0.8564273789649416,0.9063604240282686,0.8841205114458651,0.9172272348299384,0.8806866952789699,0.8659689399054694,4.000776914630322
3167,0.8758333333333334,0.8757843771788254,0.8464106844741235,0.898936170212766,0.8757843771788254,0.911006760676778,0.8718830610490113,0.8564189189189189,4.288602716579343
3168,0.8858333333333334,0.885773293814705,0.8497495826377296,0.9154676258992804,0.885773293814705,0.9201086042685049,0.8813852813852814,0.8621273712737128,3.9432082893183193
3169,0.8883333333333333,0.8882608007244464,0.8447412353923205,0.9250457038391224,0.8882608007244466,0.9236434696157216,0.8830715532286212,0.8596670064559973,3.856857350343891
3170,0.8783333333333333,0.8782968841580115,0.8564273789649416,0.8952879581151832,0.8782968841580115,0.9116910018733958,0.8754266211604096,0.8639272482317277,4.202257774585643
3171,0.8825,0.8824288400801112,0.8397328881469115,0.917883211678832,0.8824288400801114,0.9188080499128718,0.8770706190061028,0.8542798913043478,4.058336211305638
3172,0.8691666666666666,0.8691121364226011,0.8363939899833055,0.8946428571428572,0.8691121364226012,0.9063517568964148,0.8645383951682486,0.8474289580514207,4.518862558541133
3173,0.8816666666666667,0.8816024488956913,0.8430717863105175,0.9132007233273056,0.8816024488956913,0.9173029214855782,0.8767361111111112,0.8562224482875551,4.087120523961639
3174,0.8883333333333333,0.8882802452229034,0.8564273789649416,0.9144385026737968,0.8882802452229034,0.9212662741527026,0.8844827586206896,0.8674332093337843,3.8568620146622337
3175,0.8825,0.8824482845785683,0.8514190317195326,0.9074733096085408,0.8824482845785683,0.91652950399737,0.8785529715762274,0.8620689655172413,4.058340875623982
3176,0.8791666666666667,0.8791093864149622,0.8447412353923205,0.906810035842294,0.8791093864149623,0.9145256356173072,0.8746758859118409,0.8564658090724441,4.1734701302736825
3177,0.8833333333333333,0.8832802313339759,0.8514190317195326,0.9090909090909092,0.8832802313339759,0.9173383037385542,0.8793103448275863,0.862360500507271,4.029557895630362
3178,0.8891666666666667,0.8891066364073233,0.8530884808013356,0.9190647482014388,0.8891066364073233,0.9227432811680538,0.8848484848484849,0.8655149051490515,3.8280777020062335
3179,0.8825,0.882453840149556,0.8547579298831386,0.9045936395759716,0.882453840149556,0.9159257847295552,0.8789699570815451,0.8642808912896692,4.058342208286366
3180,0.8783333333333333,0.8782607729465914,0.8347245409015025,0.9140767824497258,0.8782607729465914,0.9156506616756142,0.8726003490401396,0.8494733265375467,4.20224911228015
3181,0.8783333333333333,0.8782746618740607,0.8430717863105175,0.9066427289048474,0.8782746618740607,0.9140239242743492,0.8737024221453287,0.8550626481544192,4.202252443936109
3182,0.8841666666666667,0.8841038447329019,0.8464106844741235,0.9151624548736462,0.884103844732902,0.9191199030072182,0.8794449262792715,0.8593220338983051,4.000772916643172
3183,0.8816666666666667,0.8816163378231606,0.8514190317195326,0.905861456483126,0.8816163378231606,0.9157235774346628,0.8777969018932874,0.8617776275768841,4.087123855617598
3184,0.8866666666666667,0.8866274628540635,0.8631051752921536,0.9054290718038528,0.8866274628540636,0.91843379021467,0.8837606837606837,0.8712504213009776,3.9144306399742366
3185,0.8816666666666667,0.8816135600376668,0.8497495826377296,0.9073083778966132,0.8816135600376669,0.9160289802671714,0.8775862068965518,0.8606695975650999,4.087123189286406
3186,0.8816666666666667,0.8816191156086545,0.8530884808013356,0.904424778761062,0.8816191156086546,0.9154232964478656,0.8780068728522336,0.8628841607565012,4.08712452194879
3187,0.8741666666666666,0.8740982613840593,0.8330550918196995,0.9072727272727272,0.8740982613840594,0.91183057621288,0.8685813751087903,0.8469110658520027,4.346163345917045
3188,0.8841666666666667,0.8841177336603713,0.8547579298831386,0.9078014184397164,0.8841177336603713,0.9175296741614274,0.8804815133276009,0.8648648648648648,4.00077624829913
3189,0.88,0.8799552220978392,0.8530884808013356,0.9012345679012346,0.8799552220978393,0.9138281910179518,0.8765008576329331,0.8623017212284847,4.144690481936025
3190,0.8758333333333334,0.8757815993933316,0.8447412353923205,0.900355871886121,0.8757815993933316,0.9112985536392209,0.871662360034453,0.8553076402974984,4.288602050248153
3191,0.8766666666666667,0.8766079905777515,0.8414023372287145,0.9048473967684022,0.8766079905777515,0.9127082003318916,0.8719723183391005,0.8533694547917372,4.259817737592152
3192,0.885,0.8849385692738035,0.8480801335559266,0.9153153153153152,0.8849385692738035,0.9196143911022876,0.8804159445407278,0.8607251779057946,3.971990602980744
3193,0.88,0.8799441109558637,0.8464106844741235,0.9069767441860463,0.8799441109558637,0.9150270476634182,0.8756476683937823,0.8578680203045684,4.144687816611258
3194,0.8783333333333333,0.87828855080153,0.8514190317195326,0.8994708994708994,0.87828855080153,0.9125282989285494,0.8747855917667239,0.8606142423219709,4.202255775592069
3195,0.8933333333333333,0.893277481326337,0.8597662771285476,0.9212880143112702,0.893277481326337,0.9255271457199088,0.8894645941278067,0.8714043993231811,3.6841654673629134
3196,0.8816666666666667,0.8816135600376668,0.8497495826377296,0.9073083778966132,0.8816135600376669,0.9160289802671714,0.8775862068965518,0.8606695975650999,4.087123189286406
3197,0.8791666666666667,0.879112164200456,0.8464106844741235,0.9053571428571427,0.879112164200456,0.9142172469989666,0.8748921484037964,0.8575778078484438,4.1734707966048745
3198,0.8891666666666667,0.8891149697638049,0.8580968280467446,0.9145907473309608,0.8891149697638051,0.9217604543555196,0.8854435831180018,0.8688302907369845,3.828079700999808
3199,0.8791666666666667,0.8791066086294683,0.8430717863105175,0.9082733812949642,0.8791066086294683,0.9148392504694074,0.8744588744588744,0.8553523035230353,4.1734694639424905
3200,0.8783333333333333,0.8782968841580115,0.8564273789649416,0.8952879581151832,0.8782968841580115,0.9116910018733958,0.8754266211604096,0.8639272482317277,4.202257774585643
3201,0.89,0.8899469165192125,0.8580968280467446,0.9162210338680928,0.8899469165192126,0.9225755976240853,0.8862068965517241,0.8691241122759553,3.799296721006191
3202,0.8883333333333333,0.8882774674374095,0.8547579298831386,0.9159212880143112,0.8882774674374097,0.921589608948725,0.8842832469775476,0.8663282571912013,3.856861348331043
3203,0.8741666666666666,0.8741149280970224,0.8430717863105175,0.8985765124555161,0.8741149280970225,0.9099908160496836,0.8699397071490096,0.8536173089925627,4.346167343904196
3204,0.8841666666666667,0.8841205114458651,0.8564273789649416,0.9063604240282686,0.8841205114458651,0.9172272348299384,0.8806866952789699,0.8659689399054694,4.000776914630321
3205,0.8858333333333334,0.8857844049566804,0.8564273789649416,0.9095744680851064,0.8857844049566804,0.9188342568583572,0.8822012037833191,0.8665540540540541,3.9432109546430874
3206,0.89,0.8899524720902002,0.8614357262103506,0.913274336283186,0.8899524720902003,0.9219383645801016,0.88659793814433,0.8713272543059776,3.799298053668575
3207,0.885,0.8849441248447912,0.8514190317195326,0.9123434704830052,0.8849441248447912,0.9189645844346024,0.8808290155440415,0.8629441624365483,3.971991935643129
3208,0.8758333333333334,0.8757899327498132,0.8497495826377296,0.8961267605633803,0.8757899327498132,0.9104381716005551,0.8723221936589546,0.8586369770580298,4.288604049241728
3209,0.8858333333333334,0.8857844049566804,0.8564273789649416,0.9095744680851064,0.8857844049566804,0.9188342568583572,0.8822012037833191,0.8665540540540541,3.9432109546430874
3210,0.8791666666666667,0.87911494198595,0.8480801335559266,0.9039145907473308,0.87911494198595,0.9139140288182954,0.8751076658053403,0.8586883029073697,4.173471462936067
3211,0.885,0.8849552359867666,0.8580968280467446,0.9065255731922398,0.8849552359867667,0.9177278672861588,0.8816466552315609,0.8673641579480258,3.9719946009678964
3212,0.8783333333333333,0.8782718840885668,0.8414023372287145,0.9081081081081082,0.8782718840885669,0.9143385560017446,0.8734835355285961,0.8539478143002371,4.202251777604917
3213,0.88,0.8799524443123453,0.8514190317195326,0.9026548672566372,0.8799524443123453,0.9141202828214182,0.8762886597938144,0.861195542046606,4.144689815604833
3214,0.8916666666666667,0.8916052544590402,0.8547579298831386,0.9225225225225224,0.8916052544590403,0.9248902262028306,0.8873483535528596,0.8675025415113522,3.7417294283565727
3215,0.8816666666666667,0.8816052266811851,0.8447412353923205,0.9117117117117116,0.8816052266811851,0.916976473552016,0.8769497400346621,0.8573364961030159,4.087121190292831
3216,0.885,0.8849330137028157,0.8447412353923205,0.9183303085299456,0.8849330137028157,0.9202857719611329,0.88,0.8585001696640651,3.9719892703183617
3217,0.8791666666666667,0.8791066086294683,0.8430717863105175,0.9082733812949642,0.8791066086294683,0.9148392504694074,0.8744588744588744,0.8553523035230353,4.1734694639424905
3218,0.88,0.8799441109558637,0.8464106844741235,0.9069767441860463,0.8799441109558637,0.9150270476634182,0.8756476683937823,0.8578680203045684,4.144687816611258
3219,0.8833333333333333,0.8832802313339759,0.8514190317195326,0.9090909090909092,0.8832802313339759,0.9173383037385542,0.8793103448275863,0.862360500507271,4.029557895630363
3220,0.8866666666666667,0.8866163517120881,0.8564273789649416,0.911190053285968,0.8866163517120881,0.919642049458788,0.8829604130808949,0.8668469077391011,3.9144279746494686
3221,0.8883333333333333,0.8882941341503726,0.8647746243739566,0.9071803852889668,0.8882941341503726,0.9197275048314616,0.8854700854700855,0.8729356252106506,3.8568653463181937
3222,0.8725,0.8724565901571948,0.8464106844741235,0.8926056338028169,0.8724565901571949,0.9078414924718036,0.8688946015424165,0.8552631578947366,4.403734636553813
3223,0.8825,0.8824427290075806,0.8480801335559266,0.9103942652329751,0.8824427290075806,0.9171538660611174,0.8781331028522039,0.8598510494245092,4.058339542961597
3224,0.8783333333333333,0.8782802174450484,0.8464106844741235,0.9037433155080212,0.8782802174450484,0.9134103333244058,0.8741379310344828,0.8572877916807574,4.202253776598492
3225,0.89,0.8899524720902002,0.8614357262103506,0.913274336283186,0.8899524720902003,0.9219383645801016,0.88659793814433,0.8713272543059776,3.799298053668576
3226,0.8866666666666667,0.8865996849991249,0.8464106844741235,0.9201451905626136,0.8865996849991249,0.9216112708517018,0.8817391304347826,0.8601968103155752,3.914423976662319
3227,0.8825,0.8824482845785683,0.8514190317195326,0.9074733096085408,0.8824482845785683,0.91652950399737,0.8785529715762274,0.8620689655172413,4.058340875623982
3228,0.8808333333333334,0.880784391067753,0.8514190317195326,0.9042553191489362,0.880784391067753,0.9149205087675676,0.8770421324161651,0.8614864864864864,4.1159068356112165
3229,0.8791666666666667,0.8791093864149622,0.8447412353923205,0.906810035842294,0.8791093864149623,0.9145256356173072,0.8746758859118409,0.8564658090724441,4.1734701302736825
3230,0.8783333333333333,0.87828855080153,0.8514190317195326,0.8994708994708994,0.87828855080153,0.9125282989285494,0.8747855917667239,0.8606142423219709,4.202255775592069
3231,0.8841666666666667,0.8841038447329019,0.8464106844741235,0.9151624548736462,0.884103844732902,0.9191199030072182,0.8794449262792715,0.8593220338983051,4.000772916643172
3232,0.8825,0.8824482845785683,0.8514190317195326,0.9074733096085408,0.8824482845785683,0.91652950399737,0.8785529715762274,0.8620689655172413,4.058340875623982
3233,0.8875,0.8874538540384834,0.8597662771285476,0.9098939929328622,0.8874538540384834,0.9198301350307048,0.8841201716738198,0.8693450371370697,3.8856463273182364
3234,0.89,0.8899524720902002,0.8614357262103506,0.913274336283186,0.8899524720902003,0.9219383645801016,0.88659793814433,0.8713272543059776,3.799298053668575
3235,0.8858333333333334,0.8857816271711866,0.8547579298831386,0.9110320284697508,0.8857816271711866,0.9191449791764448,0.8819982773471147,0.8654496281271128,3.9432102883118954
3236,0.8816666666666667,0.8816246711796422,0.8564273789649416,0.9015817223198594,0.8816246711796422,0.9148378839757338,0.8784246575342467,0.8650927487352446,4.087125854611173
3237,0.8708333333333333,0.8707843632898978,0.8414023372287145,0.8936170212765957,0.8707843632898981,0.9070930125859884,0.8667239896818573,0.8513513513513513,4.461298597547473
3238,0.8783333333333333,0.87828855080153,0.8514190317195326,0.8994708994708994,0.87828855080153,0.9125282989285494,0.8747855917667239,0.8606142423219709,4.202255775592069
3239,0.88,0.8799496665268515,0.8497495826377296,0.9040852575488456,0.8799496665268516,0.9144174200932876,0.8760757314974182,0.8600878675228117,4.144689149273641
3240,0.8833333333333333,0.8832746757629882,0.8480801335559266,0.9120287253141832,0.8832746757629882,0.9179710961017216,0.8788927335640138,0.8601422282424653,4.02955656296798
3241,0.8858333333333334,0.8857927383131621,0.8614357262103506,0.9052631578947368,0.8857927383131621,0.9179327753858773,0.8828058169375534,0.8698583951449764,3.9432129536366625
3242,0.885,0.8849580137722605,0.8597662771285476,0.905096660808436,0.8849580137722605,0.9174314689684916,0.8818493150684931,0.8684654300168635,3.9719952672990875
3243,0.8833333333333333,0.8832830091194698,0.8530884808013356,0.9076376554174068,0.8832830091194698,0.9170297347760378,0.8795180722891566,0.8634673876309563,4.029558561961555
3244,0.8783333333333333,0.8782941063725177,0.8547579298831386,0.8966725043782837,0.8782941063725177,0.9119652171307112,0.8752136752136751,0.862824401752612,4.202257108254452
3245,0.8933333333333333,0.893277481326337,0.8597662771285476,0.9212880143112702,0.893277481326337,0.9255271457199088,0.8894645941278067,0.8714043993231811,3.6841654673629134
3246,0.8891666666666667,0.8891038586218295,0.8514190317195326,0.9205776173285198,0.8891038586218296,0.9230816578573596,0.8846487424111015,0.8644067796610169,3.8280770356750424
3247,0.8875,0.8874649651804588,0.8664440734557596,0.9041811846689896,0.8874649651804588,0.918645962395708,0.8849104859335039,0.8737373737373738,3.885648992643004
3248,0.8825,0.882453840149556,0.8547579298831386,0.9045936395759716,0.882453840149556,0.9159257847295552,0.8789699570815451,0.8642808912896692,4.058342208286364
3249,0.8875,0.8874399651110142,0.8514190317195326,0.9172661870503596,0.8874399651110142,0.9214259427182796,0.8831168831168831,0.8638211382113821,3.885642995662277
3250,0.8833333333333333,0.8832774535484821,0.8497495826377296,0.9105545617173524,0.8832774535484822,0.9176520721775412,0.8791018998272885,0.8612521150592217,4.029557229299171
3251,0.8808333333333334,0.8807788354967653,0.8480801335559266,0.9071428571428573,0.8807788354967653,0.9155281620160584,0.8766177739430544,0.8592692828146145,4.1159055029488325
3252,0.885,0.8849330137028157,0.8447412353923205,0.9183303085299456,0.8849330137028157,0.9202857719611329,0.88,0.8585001696640651,3.9719892703183617
3253,0.8875,0.8874538540384834,0.8597662771285476,0.9098939929328622,0.8874538540384834,0.9198301350307048,0.8841201716738198,0.8693450371370697,3.8856463273182364
3254,0.8858333333333334,0.8857871827421743,0.8580968280467446,0.9081272084805654,0.8857871827421744,0.9185286849303216,0.8824034334763949,0.8676569885212694,3.943211620974279
3255,0.8941666666666667,0.8941066502962508,0.8580968280467446,0.9244604316546764,0.8941066502962509,0.926695296517377,0.8900432900432901,0.8705962059620597,3.655381821038105
3256,0.8866666666666667,0.8866274628540635,0.8631051752921536,0.9054290718038528,0.8866274628540636,0.91843379021467,0.8837606837606837,0.8712504213009776,3.914430639974237
3257,0.88,0.8799468887413576,0.8480801335559266,0.9055258467023172,0.8799468887413576,0.9147196567957886,0.8758620689655172,0.8589786946229286,4.14468848294245
3258,0.8783333333333333,0.8783024397289992,0.8597662771285476,0.8925476603119584,0.8783024397289994,0.9111569687202532,0.8758503401360543,0.8661284897410024,4.202259107248027
3259,0.8841666666666667,0.8841344003733344,0.8647746243739566,0.8993055555555556,0.8841344003733344,0.9157900899647562,0.8817021276595746,0.8714670255720053,4.000780246286281
3260,0.8791666666666667,0.8791204975569377,0.8514190317195326,0.9010600706713779,0.8791204975569377,0.9133228845287886,0.8755364806866953,0.8609047940580692,4.1734727955984505
3261,0.885,0.8849580137722605,0.8597662771285476,0.905096660808436,0.8849580137722605,0.9174314689684916,0.8818493150684931,0.8684654300168635,3.9719952672990875
3262,0.8841666666666667,0.8841232892313591,0.8580968280467446,0.9049295774647887,0.8841232892313591,0.9169298694224332,0.8808911739503,0.8670715249662618,4.000777580961513
3263,0.8775,0.8774593818316162,0.8530884808013356,0.8964912280701754,0.8774593818316163,0.911456521102422,0.8742514970059879,0.8614295347269051,4.231039421916877
3264,0.8833333333333333,0.8832885646904575,0.8564273789649416,0.9047619047619048,0.8832885646904575,0.9164279751967566,0.8799313893653516,0.8656766790415119,4.029559894623938
3265,0.8791666666666667,0.8791232753424315,0.8530884808013356,0.8996478873239436,0.8791232753424316,0.9130348507293062,0.8757497857754928,0.8620107962213225,4.1734734619296425
3266,0.8766666666666667,0.8766052127922577,0.8397328881469115,0.9063063063063064,0.8766052127922577,0.9130195972266087,0.8717504332755632,0.8522534733988477,4.25981707126096
3267,0.8783333333333333,0.8782829952305423,0.8480801335559266,0.9023090586145648,0.8782829952305423,0.9131112627519123,0.8743545611015491,0.8583981074687395,4.202254442929683
3268,0.8825,0.8824566179350498,0.8564273789649416,0.9031690140845071,0.8824566179350498,0.9156315298580576,0.8791773778920308,0.8653846153846154,4.058342874617557
3269,0.885,0.8849413470592974,0.8497495826377296,0.9138240574506284,0.8849413470592975,0.9192868200441788,0.8806228373702422,0.8618354216051474,3.971991269311936
3270,0.8825,0.8824593957205437,0.8580968280467446,0.9017543859649124,0.8824593957205438,0.9153422736724952,0.8793840889649274,0.8664868509777479,4.058343540948748
3271,0.8883333333333333,0.8882885785793849,0.8614357262103506,0.91005291005291,0.8882885785793849,0.9203276514649636,0.8850771869639794,0.8707391157610529,3.8568640136558106
3272,0.8825,0.8824399512220866,0.8464106844741235,0.9118705035971224,0.8824399512220867,0.9174739273689562,0.8779220779220779,0.8587398373983739,4.058338876630405
3273,0.8808333333333334,0.8807927244242345,0.8564273789649416,0.9,0.8807927244242345,0.9140470228158042,0.8776732249786142,0.8648010788941335,4.115908834604792
3274,0.8775,0.8774454929041469,0.8447412353923205,0.9035714285714286,0.8774454929041469,0.9129063319818744,0.8731665228645383,0.8558863328822734,4.231036090260918
3275,0.8908333333333334,0.890781641060114,0.8597662771285476,0.9163701067615658,0.890781641060114,0.9230681919450568,0.8871662360034454,0.8705206220419202,3.770514407343766
3276,0.885,0.8849552359867666,0.8580968280467446,0.9065255731922398,0.8849552359867667,0.9177278672861588,0.8816466552315609,0.8673641579480258,3.9719946009678964
3277,0.89,0.8899496943047064,0.8597662771285476,0.9147424511545292,0.8899496943047064,0.9222543641415384,0.8864027538726335,0.8702264278472458,3.799297387337384
3278,0.8858333333333334,0.8857871827421743,0.8580968280467446,0.9081272084805654,0.8857871827421744,0.9185286849303216,0.8824034334763949,0.8676569885212694,3.9432116209742794
3279,0.88,0.8799496665268515,0.8497495826377296,0.9040852575488456,0.8799496665268516,0.9144174200932876,0.8760757314974182,0.8600878675228117,4.144689149273641
3280,0.8766666666666667,0.8766246572907147,0.8514190317195326,0.8963093145869947,0.8766246572907147,0.9109475064865971,0.8732876712328766,0.8600337268128163,4.259821735579304
3281,0.8933333333333333,0.8932941480393001,0.8697829716193656,0.9124343257443084,0.8932941480393002,0.9236086486818368,0.8905982905982905,0.8779912369396697,3.684169465350065
3282,0.8791666666666667,0.8791093864149622,0.8447412353923205,0.906810035842294,0.8791093864149623,0.9145256356173072,0.8746758859118409,0.8564658090724441,4.173470130273683
3283,0.88,0.8799468887413576,0.8480801335559266,0.9055258467023172,0.8799468887413576,0.9147196567957886,0.8758620689655172,0.8589786946229286,4.144688482942449
3284,0.8908333333333334,0.8907760854891263,0.8564273789649416,0.9193548387096774,0.8907760854891263,0.9237244421706428,0.8867761452031114,0.8683141503046717,3.770513074681383
3285,0.8883333333333333,0.8882913563648788,0.8631051752921536,0.9086115992970124,0.8882913563648789,0.9200250539612496,0.8852739726027399,0.8718381112984824,3.856864679987002
3286,0.8791666666666667,0.8791260531279254,0.8547579298831386,0.8982456140350877,0.8791260531279254,0.9127517719591132,0.8759623609923012,0.8631153068105193,4.1734741282608345
3287,0.88,0.8799468887413576,0.8480801335559266,0.9055258467023172,0.8799468887413576,0.9147196567957886,0.8758620689655172,0.8589786946229286,4.144688482942449
3288,0.8816666666666667,0.8816191156086545,0.8530884808013356,0.904424778761062,0.8816191156086546,0.9154232964478656,0.8780068728522336,0.8628841607565012,4.08712452194879
3289,0.8858333333333334,0.8857871827421743,0.8580968280467446,0.9081272084805654,0.8857871827421744,0.9185286849303216,0.8824034334763949,0.8676569885212694,3.9432116209742794
3290,0.885,0.8849469026302851,0.8530884808013356,0.9108734402852049,0.8849469026302851,0.918647627209937,0.8810344827586207,0.8640514034494421,3.971992601974321
3291,0.8825,0.8824510623640621,0.8530884808013356,0.9060283687943262,0.8824510623640622,0.9162250914644976,0.8787618228718829,0.8631756756756758,4.058341541955174
3292,0.8866666666666667,0.8866191294975819,0.8580968280467446,0.9097345132743364,0.886619129497582,0.9193323373272072,0.8831615120274914,0.8679500168861872,3.9144286409806615
3293,0.8758333333333334,0.875792710535307,0.8514190317195326,0.8947368421052632,0.875792710535307,0.9101612702457312,0.8725406330196749,0.8597437626432907,4.2886047155729194
3294,0.8841666666666667,0.8841121780893836,0.8514190317195326,0.9107142857142856,0.8841121780893836,0.9181499920502424,0.8800690250215703,0.8626522327469555,4.000774915636747
3295,0.8825,0.882453840149556,0.8547579298831386,0.9045936395759716,0.882453840149556,0.9159257847295552,0.8789699570815451,0.8642808912896692,4.058342208286364
3296,0.8841666666666667,0.8841038447329019,0.8464106844741235,0.9151624548736462,0.884103844732902,0.9191199030072182,0.8794449262792715,0.8593220338983051,4.00077291664317
3297,0.89,0.8899580276611879,0.8647746243739566,0.9103690685413004,0.8899580276611879,0.9213218464576284,0.8869863013698629,0.8735244519392918,3.799299386330959
3298,0.8841666666666667,0.8841121780893836,0.8514190317195326,0.9107142857142856,0.8841121780893836,0.9181499920502424,0.8800690250215703,0.8626522327469555,4.000774915636747
3299,0.8866666666666667,0.8866163517120881,0.8564273789649416,0.911190053285968,0.8866163517120881,0.919642049458788,0.8829604130808949,0.8668469077391011,3.9144279746494686
3300,0.8916666666666667,0.8916052544590402,0.8547579298831386,0.9225225225225224,0.8916052544590403,0.9248902262028306,0.8873483535528596,0.8675025415113522,3.7417294283565736
3301,0.8866666666666667,0.8865969072136309,0.8447412353923205,0.9216757741347904,0.8865969072136312,0.9219585047635556,0.8815331010452961,0.8590831918505941,3.9144233103311263
3302,0.8941666666666667,0.8941122058672385,0.8614357262103506,0.9214285714285714,0.8941122058672386,0.9260154821527944,0.8904227782571182,0.8728010825439784,3.655383153700488
3303,0.8841666666666667,0.8841066225183959,0.8480801335559266,0.9136690647482014,0.8841066225183959,0.9187912658187308,0.8796536796536797,0.8604336043360434,4.000773582974364
3304,0.885,0.8849552359867666,0.8580968280467446,0.9065255731922398,0.8849552359867667,0.9177278672861588,0.8816466552315609,0.8673641579480258,3.9719946009678964
3305,0.885,0.8849330137028157,0.8447412353923205,0.9183303085299456,0.8849330137028157,0.9202857719611329,0.88,0.8585001696640651,3.9719892703183617
3306,0.875,0.8749552082089117,0.8480801335559266,0.8959435626102292,0.8749552082089118,0.9099285147497446,0.8713550600343054,0.8572392845089437,4.317386362904154
3307,0.8858333333333334,0.8857760716001989,0.8514190317195326,0.913978494623656,0.8857760716001989,0.9197820965049276,0.8815903197925671,0.8632362897765742,3.9432089556495113
3308,0.8758333333333334,0.8757815993933316,0.8447412353923205,0.900355871886121,0.8757815993933316,0.9112985536392209,0.871662360034453,0.8553076402974984,4.288602050248152
3309,0.8933333333333333,0.8932802591118308,0.8614357262103506,0.9197860962566844,0.8932802591118308,0.925194244566851,0.8896551724137931,0.8725059181602977,3.6841661336941054
3310,0.8783333333333333,0.8782774396595545,0.8447412353923205,0.9051878354203936,0.8782774396595546,0.913714535406357,0.8739205526770293,0.8561759729272421,4.202253110267301
3311,0.8866666666666667,0.8866080183556065,0.8514190317195326,0.9156193895870736,0.8866080183556065,0.9206025439866364,0.8823529411764706,0.8635286149678294,3.9144259756558935
3312,0.89,0.8899441387337187,0.8564273789649416,0.9177101967799642,0.8899441387337187,0.9229021212057864,0.8860103626943006,0.8680203045685279,3.799296054675
3313,0.8858333333333334,0.8857844049566804,0.8564273789649416,0.9095744680851064,0.8857844049566804,0.9188342568583572,0.8822012037833191,0.8665540540540541,3.9432109546430874
3314,0.8841666666666667,0.8841066225183959,0.8480801335559266,0.9136690647482014,0.8841066225183959,0.9187912658187308,0.8796536796536797,0.8604336043360434,4.000773582974362
3315,0.8791666666666667,0.8791093864149622,0.8447412353923205,0.906810035842294,0.8791093864149623,0.9145256356173072,0.8746758859118409,0.8564658090724441,4.1734701302736825
3316,0.8791666666666667,0.8791093864149622,0.8447412353923205,0.906810035842294,0.8791093864149623,0.9145256356173072,0.8746758859118409,0.8564658090724441,4.173470130273683
3317,0.8833333333333333,0.8832913424759513,0.8580968280467446,0.9033391915641475,0.8832913424759514,0.9161346764721128,0.8801369863013699,0.8667790893760541,4.0295605609551295
3318,0.89,0.8899552498756941,0.8631051752921536,0.9118165784832452,0.8899552498756941,0.9216275435543662,0.8867924528301886,0.8724265946675666,3.7992987199997668
3319,0.8883333333333333,0.8882913563648788,0.8631051752921536,0.9086115992970124,0.8882913563648789,0.9200250539612496,0.8852739726027399,0.8718381112984824,3.856864679987002
3320,0.88,0.8799524443123453,0.8514190317195326,0.9026548672566372,0.8799524443123453,0.9141202828214182,0.8762886597938144,0.861195542046606,4.144689815604834
3321,0.8816666666666667,0.8816052266811851,0.8447412353923205,0.9117117117117116,0.8816052266811851,0.916976473552016,0.8769497400346621,0.8573364961030159,4.087121190292831
3322,0.8941666666666667,0.8941066502962508,0.8580968280467446,0.9244604316546764,0.8941066502962509,0.926695296517377,0.8900432900432901,0.8705962059620597,3.655381821038105
3323,0.8866666666666667,0.8866191294975819,0.8580968280467446,0.9097345132743364,0.886619129497582,0.9193323373272072,0.8831615120274914,0.8679500168861872,3.9144286409806615
3324,0.89,0.8899302498062495,0.8480801335559266,0.9253187613843352,0.8899302498062497,0.9246161141367976,0.8850174216027874,0.8624787775891344,3.799292723019041
3325,0.8841666666666667,0.8841205114458651,0.8564273789649416,0.9063604240282686,0.8841205114458651,0.9172272348299384,0.8806866952789699,0.8659689399054694,4.000776914630322
3326,0.8866666666666667,0.8866246850685696,0.8614357262103506,0.906854130052724,0.8866246850685696,0.9187282614648709,0.8835616438356164,0.8701517706576729,3.914429973643044
3327,0.885,0.8849441248447912,0.8514190317195326,0.9123434704830052,0.8849441248447912,0.9189645844346024,0.8808290155440415,0.8629441624365483,3.971991935643129
3328,0.8866666666666667,0.8866135739265942,0.8547579298831386,0.9126559714795008,0.8866135739265942,0.9199569506813196,0.8827586206896552,0.8657423063916131,3.9144273083182783
3329,0.89,0.8899524720902002,0.8614357262103506,0.913274336283186,0.8899524720902003,0.9219383645801016,0.88659793814433,0.8713272543059776,3.799298053668575
3330,0.8775,0.8774427151186529,0.8430717863105175,0.9050179211469536,0.8774427151186529,0.913211520395402,0.8729472774416595,0.8547731888964116,4.231035423929725
3331,0.8825,0.8824399512220866,0.8464106844741235,0.9118705035971224,0.8824399512220867,0.9174739273689562,0.8779220779220779,0.8587398373983739,4.0583388766304065
3332,0.8866666666666667,0.8866191294975819,0.8580968280467446,0.9097345132743364,0.886619129497582,0.9193323373272072,0.8831615120274914,0.8679500168861872,3.9144286409806615
3333,0.8808333333333334,0.8807927244242345,0.8564273789649416,0.9,0.8807927244242345,0.9140470228158042,0.8776732249786142,0.8648010788941335,4.115908834604792
3334,0.8916666666666667,0.8916163656010155,0.8614357262103506,0.9165186500888101,0.8916163656010156,0.9235605214829136,0.8881239242685026,0.8719161879013181,3.74173209368134
3335,0.8791666666666667,0.8791260531279254,0.8547579298831386,0.8982456140350877,0.8791260531279254,0.9127517719591132,0.8759623609923012,0.8631153068105193,4.1734741282608345
3336,0.8858333333333334,0.8857816271711866,0.8547579298831386,0.9110320284697508,0.8857816271711866,0.9191449791764448,0.8819982773471147,0.8654496281271128,3.9432102883118954
3337,0.8908333333333334,0.8907705299181387,0.8530884808013356,0.9223826714801444,0.8907705299181387,0.9244022428074068,0.8863833477883782,0.8661016949152543,3.770511742018998
3338,0.8875,0.8874510762529896,0.8580968280467446,0.9113475177304964,0.8874510762529897,0.9201388395552872,0.8839208942390371,0.8682432432432433,3.885645660987044
3339,0.8925,0.8924372012144478,0.8547579298831386,0.924187725631769,0.892437201214448,0.9257228277574538,0.8881179531656548,0.8677966101694915,3.712946448362956
3340,0.8791666666666667,0.8791371642699007,0.8614357262103506,0.8927335640138409,0.8791371642699007,0.911667978445429,0.8768054375531009,0.8675184936112981,4.173476793585601
3341,0.8875,0.8874538540384834,0.8597662771285476,0.9098939929328622,0.8874538540384834,0.9198301350307048,0.8841201716738198,0.8693450371370697,3.8856463273182364
3342,0.885,0.8849469026302851,0.8530884808013356,0.9108734402852049,0.8849469026302851,0.918647627209937,0.8810344827586207,0.8640514034494421,3.971992601974321
3343,0.8825,0.8824455067930744,0.8497495826377296,0.9089285714285714,0.8824455067930745,0.9168390770331504,0.8783433994823123,0.8609607577807848,4.058340209292789
3344,0.8808333333333334,0.880784391067753,0.8514190317195326,0.9042553191489362,0.880784391067753,0.9149205087675676,0.8770421324161651,0.8614864864864864,4.1159068356112165
3345,0.89,0.8899496943047064,0.8597662771285476,0.9147424511545292,0.8899496943047064,0.9222543641415384,0.8864027538726335,0.8702264278472458,3.799297387337383
3346,0.8791666666666667,0.8791177197714438,0.8497495826377296,0.9024822695035462,0.8791177197714439,0.9136159260706378,0.8753224419604472,0.8597972972972974,4.1734721292672585
3347,0.8841666666666667,0.8841121780893836,0.8514190317195326,0.9107142857142856,0.8841121780893836,0.9181499920502424,0.8800690250215703,0.8626522327469555,4.000774915636747
3348,0.8841666666666667,0.8841149558748774,0.8530884808013356,0.909252669039146,0.8841149558748774,0.9178372415869074,0.880275624461671,0.8637592968221771,4.000775581967939
3349,0.885,0.8849469026302851,0.8530884808013356,0.9108734402852049,0.8849469026302851,0.918647627209937,0.8810344827586207,0.8640514034494421,3.97199260197432
3350,0.8791666666666667,0.87911494198595,0.8480801335559266,0.9039145907473308,0.87911494198595,0.9139140288182954,0.8751076658053403,0.8586883029073697,4.1734714629360665
3351,0.8883333333333333,0.8882858007938911,0.8597662771285476,0.9115044247787609,0.8882858007938911,0.9206353509536542,0.8848797250859107,0.8696386355960823,3.8568633473246186
3352,0.8891666666666667,0.8891233031202864,0.8631051752921536,0.9102112676056338,0.8891233031202864,0.9208248881155604,0.8860325621251072,0.8721322537112012,3.8280816999933838
3353,0.8866666666666667,0.8866135739265942,0.8547579298831386,0.9126559714795008,0.8866135739265942,0.9199569506813196,0.8827586206896552,0.8657423063916131,3.9144273083182783
3354,0.8808333333333334,0.8807788354967653,0.8480801335559266,0.9071428571428573,0.8807788354967653,0.9155281620160584,0.8766177739430544,0.8592692828146145,4.115905502948832
3355,0.8908333333333334,0.890781641060114,0.8597662771285476,0.9163701067615658,0.890781641060114,0.9230681919450568,0.8871662360034454,0.8705206220419202,3.770514407343767
3356,0.8758333333333334,0.8757871549643194,0.8480801335559266,0.8975265017667845,0.8757871549643195,0.9107199843280224,0.8721030042918455,0.8575286968264687,4.288603382910536
3357,0.8808333333333334,0.8807760577112713,0.8464106844741235,0.9086021505376344,0.8807760577112713,0.9158397508392124,0.8764044943820225,0.8581584292484765,4.1159048366176405
3358,0.89,0.8899552498756941,0.8631051752921536,0.9118165784832452,0.8899552498756941,0.9216275435543662,0.8867924528301886,0.8724265946675666,3.799298719999767
3359,0.8883333333333333,0.8882830230083972,0.8580968280467446,0.9129662522202486,0.8882830230083973,0.9209482068001632,0.8846815834767642,0.8685366677931734,3.8568626809934266
3360,0.8833333333333333,0.8832941202614452,0.8597662771285476,0.9019264448336252,0.8832941202614452,0.9158463609810864,0.8803418803418804,0.8678800134816314,4.0295612272863215
3361,0.8791666666666667,0.8791177197714438,0.8497495826377296,0.9024822695035462,0.8791177197714439,0.9136159260706378,0.8753224419604472,0.8597972972972974,4.1734721292672585
3362,0.8841666666666667,0.8841121780893836,0.8514190317195326,0.9107142857142856,0.8841121780893836,0.9181499920502424,0.8800690250215703,0.8626522327469555,4.000774915636747
3363,0.8808333333333334,0.8807816132822591,0.8497495826377296,0.905693950177936,0.8807816132822592,0.9152217664078328,0.8768303186907841,0.8603786342123056,4.1159061692800245
3364,0.8825,0.8824510623640621,0.8530884808013356,0.9060283687943262,0.8824510623640622,0.9162250914644976,0.8787618228718829,0.8631756756756758,4.058341541955174
3365,0.8866666666666667,0.8866163517120881,0.8564273789649416,0.911190053285968,0.8866163517120881,0.919642049458788,0.8829604130808949,0.8668469077391011,3.9144279746494695
3366,0.88,0.8799441109558637,0.8464106844741235,0.9069767441860463,0.8799441109558637,0.9150270476634182,0.8756476683937823,0.8578680203045684,4.144687816611256
3367,0.8808333333333334,0.8807788354967653,0.8480801335559266,0.9071428571428573,0.8807788354967653,0.9155281620160584,0.8766177739430544,0.8592692828146145,4.1159055029488325
3368,0.8916666666666667,0.8916163656010155,0.8614357262103506,0.9165186500888101,0.8916163656010156,0.9235605214829136,0.8881239242685026,0.8719161879013181,3.7417320936813407
3369,0.8858333333333334,0.8857871827421743,0.8580968280467446,0.9081272084805654,0.8857871827421744,0.9185286849303216,0.8824034334763949,0.8676569885212694,3.9432116209742794
3370,0.8808333333333334,0.8807955022097284,0.8580968280467446,0.8986013986013986,0.8807955022097285,0.9137657799907384,0.8778821520068317,0.8659029649595689,4.115909500935984
3371,0.8833333333333333,0.8832885646904575,0.8564273789649416,0.9047619047619048,0.8832885646904575,0.9164279751967566,0.8799313893653516,0.8656766790415119,4.029559894623938
3372,0.8875,0.8874482984674957,0.8564273789649416,0.912811387900356,0.8874482984674957,0.920452716765982,0.8837209302325582,0.8671399594320488,3.885644994655853
3373,0.8775,0.8774427151186529,0.8430717863105175,0.9050179211469536,0.8774427151186529,0.913211520395402,0.8729472774416595,0.8547731888964116,4.231035423929726
3374,0.88,0.8799468887413576,0.8480801335559266,0.9055258467023172,0.8799468887413576,0.9147196567957886,0.8758620689655172,0.8589786946229286,4.144688482942448
3375,0.8858333333333334,0.8857816271711866,0.8547579298831386,0.9110320284697508,0.8857816271711866,0.9191449791764448,0.8819982773471147,0.8654496281271128,3.9432102883118954
3376,0.8891666666666667,0.8891149697638049,0.8580968280467446,0.9145907473309608,0.8891149697638051,0.9217604543555196,0.8854435831180018,0.8688302907369845,3.828079700999808
3377,0.8841666666666667,0.8841260670168528,0.8597662771285476,0.9035087719298246,0.8841260670168528,0.916637524529186,0.8810949529512404,0.8681726230613621,4.000778247292705
3378,0.89,0.8899441387337187,0.8564273789649416,0.9177101967799642,0.8899441387337187,0.9229021212057864,0.8860103626943006,0.8680203045685279,3.799296054675
3379,0.8875,0.8874482984674957,0.8564273789649416,0.912811387900356,0.8874482984674957,0.920452716765982,0.8837209302325582,0.8671399594320488,3.8856449946558524
3380,0.885,0.8849441248447912,0.8514190317195326,0.9123434704830052,0.8849441248447912,0.9189645844346024,0.8808290155440415,0.8629441624365483,3.971991935643129
3381,0.8858333333333334,0.8857871827421743,0.8580968280467446,0.9081272084805654,0.8857871827421744,0.9185286849303216,0.8824034334763949,0.8676569885212694,3.943211620974279
3382,0.88,0.8799691110253084,0.8614357262103506,0.8942807625649913,0.8799691110253084,0.9124415777210044,0.8775510204081631,0.8678102926337032,4.144693813591984
3383,0.8808333333333334,0.8807871688532468,0.8530884808013356,0.9028268551236748,0.8807871688532469,0.914624334629172,0.8772532188841202,0.8625928426738692,4.1159075019424085
3384,0.8883333333333333,0.8882858007938911,0.8597662771285476,0.9115044247787609,0.8882858007938911,0.9206353509536542,0.8848797250859107,0.8696386355960823,3.8568633473246186
3385,0.885,0.8849469026302851,0.8530884808013356,0.9108734402852049,0.8849469026302851,0.918647627209937,0.8810344827586207,0.8640514034494421,3.971992601974321
3386,0.8891666666666667,0.8891121919783109,0.8564273789649416,0.9160714285714284,0.8891121919783109,0.9220827371015184,0.8852459016393444,0.8677266576454667,3.8280790346686167
3387,0.8841666666666667,0.8841177336603713,0.8547579298831386,0.9078014184397164,0.8841177336603713,0.9175296741614274,0.8804815133276009,0.8648648648648648,4.00077624829913
3388,0.8908333333333334,0.8907871966311017,0.8631051752921536,0.913427561837456,0.8907871966311017,0.9224330352314714,0.8875536480686697,0.8727211343686699,3.770515740006151
3389,0.8833333333333333,0.8832802313339759,0.8514190317195326,0.9090909090909092,0.8832802313339759,0.9173383037385542,0.8793103448275863,0.862360500507271,4.029557895630363
3390,0.8791666666666667,0.8791066086294683,0.8430717863105175,0.9082733812949642,0.8791066086294683,0.9148392504694074,0.8744588744588744,0.8553523035230353,4.1734694639424905
3391,0.8866666666666667,0.8866246850685696,0.8614357262103506,0.906854130052724,0.8866246850685696,0.9187282614648709,0.8835616438356164,0.8701517706576729,3.914429973643045
3392,0.8816666666666667,0.8816218933941483,0.8547579298831386,0.9029982363315696,0.8816218933941483,0.915128083107354,0.8782161234991424,0.8639892001349982,4.087125188279982
3393,0.8866666666666667,0.8866163517120881,0.8564273789649416,0.911190053285968,0.8866163517120881,0.919642049458788,0.8829604130808949,0.8668469077391011,3.9144279746494686
3394,0.8816666666666667,0.881627448965136,0.8580968280467446,0.9001751313485113,0.8816274489651361,0.9145526463642948,0.8786324786324787,0.8661948095719582,4.087126520942365
3395,0.8875,0.8874482984674957,0.8564273789649416,0.912811387900356,0.8874482984674957,0.920452716765982,0.8837209302325582,0.8671399594320488,3.885644994655851
3396,0.8833333333333333,0.8832802313339759,0.8514190317195326,0.9090909090909092,0.8832802313339759,0.9173383037385542,0.8793103448275863,0.862360500507271,4.029557895630363
3397,0.8908333333333334,0.8907871966311017,0.8631051752921536,0.913427561837456,0.8907871966311017,0.9224330352314714,0.8875536480686697,0.8727211343686699,3.7705157400061498
3398,0.8841666666666667,0.8841205114458651,0.8564273789649416,0.9063604240282686,0.8841205114458651,0.9172272348299384,0.8806866952789699,0.8659689399054694,4.000776914630322
3399,0.8908333333333334,0.8907844188456079,0.8614357262103506,0.9148936170212766,0.8907844188456079,0.9227480049491468,0.8873602751504729,0.8716216216216217,3.7705150736749578
3400,0.8808333333333334,0.8807760577112713,0.8464106844741235,0.9086021505376344,0.8807760577112713,0.9158397508392124,0.8764044943820225,0.8581584292484765,4.1159048366176405
3401,0.8808333333333334,0.8807732799257775,0.8447412353923205,0.9100719424460432,0.8807732799257775,0.916156588919182,0.8761904761904762,0.8570460704607045,4.1159041702864485
3402,0.8783333333333333,0.8782829952305423,0.8480801335559266,0.9023090586145648,0.8782829952305423,0.9131112627519123,0.8743545611015491,0.8583981074687395,4.202254442929683
3403,0.8808333333333334,0.8807788354967653,0.8480801335559266,0.9071428571428573,0.8807788354967653,0.9155281620160584,0.8766177739430544,0.8592692828146145,4.115905502948832
3404,0.8758333333333334,0.8757788216078377,0.8430717863105175,0.9017857142857144,0.8757788216078378,0.9115954169647826,0.8714408973252804,0.8541948579161027,4.288601383916959
3405,0.8841666666666667,0.8841094003038897,0.8497495826377296,0.9121863799283154,0.8841094003038898,0.9184679812830224,0.8798617113223856,0.8615436696005417,4.000774249305554
3406,0.8925,0.8924538679274109,0.8647746243739566,0.9151943462897526,0.8924538679274109,0.9237344853318544,0.8892703862660943,0.87440918298447,3.7129504463501073
3407,0.8783333333333333,0.87828855080153,0.8514190317195326,0.8994708994708994,0.87828855080153,0.9125282989285494,0.8747855917667239,0.8606142423219709,4.202255775592069
3408,0.8833333333333333,0.8832718979774943,0.8464106844741235,0.9135135135135136,0.8832718979774944,0.9182954323271518,0.8786828422876949,0.8590308370044053,4.029555896636788
3409,0.8858333333333334,0.8857871827421743,0.8580968280467446,0.9081272084805654,0.8857871827421744,0.9185286849303216,0.8824034334763949,0.8676569885212694,3.9432116209742794
3410,0.8775,0.8774538262606285,0.8497495826377296,0.8992932862190812,0.8774538262606285,0.9120214344284054,0.8738197424892704,0.8592167454422688,4.231038089254493
3411,0.8833333333333333,0.8832802313339759,0.8514190317195326,0.9090909090909092,0.8832802313339759,0.9173383037385542,0.8793103448275863,0.862360500507271,4.029557895630363
3412,0.89,0.8899441387337187,0.8564273789649416,0.9177101967799642,0.8899441387337187,0.9229021212057864,0.8860103626943006,0.8680203045685279,3.799296054675
3413,0.8866666666666667,0.8866163517120881,0.8564273789649416,0.911190053285968,0.8866163517120881,0.919642049458788,0.8829604130808949,0.8668469077391011,3.9144279746494695
3414,0.8858333333333334,0.885773293814705,0.8497495826377296,0.9154676258992804,0.885773293814705,0.9201086042685049,0.8813852813852814,0.8621273712737128,3.9432082893183193
3415,0.8866666666666667,0.8866135739265942,0.8547579298831386,0.9126559714795008,0.8866135739265942,0.9199569506813196,0.8827586206896552,0.8657423063916131,3.914427308318277
3416,0.8758333333333334,0.8757760438223439,0.8414023372287145,0.9032258064516128,0.8757760438223439,0.911897405173497,0.871218668971478,0.8530805687203791,4.288600717585768
3417,0.8858333333333334,0.8857816271711866,0.8547579298831386,0.9110320284697508,0.8857816271711866,0.9191449791764448,0.8819982773471147,0.8654496281271128,3.943210288311896
3418,0.8866666666666667,0.8866107961411004,0.8530884808013356,0.9141323792486584,0.8866107961411004,0.9202770966916636,0.8825561312607945,0.8646362098138748,3.9144266419870863
3419,0.89,0.8899413609482248,0.8547579298831386,0.919210053859964,0.889941360948225,0.9232339918715512,0.8858131487889273,0.8669150016931934,3.799295388343809
3420,0.8833333333333333,0.8832885646904575,0.8564273789649416,0.9047619047619048,0.8832885646904575,0.9164279751967566,0.8799313893653516,0.8656766790415119,4.029559894623938
3421,0.885,0.8849385692738035,0.8480801335559266,0.9153153153153152,0.8849385692738035,0.9196143911022876,0.8804159445407278,0.8607251779057946,3.971990602980745
3422,0.8866666666666667,0.8866191294975819,0.8580968280467446,0.9097345132743364,0.886619129497582,0.9193323373272072,0.8831615120274914,0.8679500168861872,3.914428640980661
3423,0.8808333333333334,0.8807982799952222,0.8597662771285476,0.8972125435540069,0.8807982799952222,0.9134894103412772,0.8780903665814151,0.8670033670033671,4.115910167267175
3424,0.8816666666666667,0.8816135600376668,0.8497495826377296,0.9073083778966132,0.8816135600376669,0.9160289802671714,0.8775862068965518,0.8606695975650999,4.087123189286406
3425,0.8891666666666667,0.8891121919783109,0.8564273789649416,0.9160714285714284,0.8891121919783109,0.9220827371015184,0.8852459016393444,0.8677266576454667,3.8280790346686167
3426,0.8816666666666667,0.8816191156086545,0.8530884808013356,0.904424778761062,0.8816191156086546,0.9154232964478656,0.8780068728522336,0.8628841607565012,4.08712452194879
3427,0.8741666666666666,0.8741121503115286,0.8414023372287145,0.9,0.8741121503115286,0.9102845019476904,0.8697152717860225,0.8525033829499323,4.346166677573004
3428,0.88,0.8799496665268515,0.8497495826377296,0.9040852575488456,0.8799496665268516,0.9144174200932876,0.8760757314974182,0.8600878675228117,4.144689149273641
3429,0.8908333333333334,0.890781641060114,0.8597662771285476,0.9163701067615658,0.890781641060114,0.9230681919450568,0.8871662360034454,0.8705206220419202,3.770514407343767
3430,0.8866666666666667,0.8866330184250512,0.8664440734557596,0.902608695652174,0.8866330184250512,0.9178597178873001,0.8841567291311754,0.8734432850891956,3.914431972636621
3431,0.885,0.8849496804157789,0.8547579298831386,0.9094138543516874,0.8849496804157789,0.918335892117413,0.8812392426850258,0.8651571476850287,3.971993268305512
3432,0.8858333333333334,0.8857927383131621,0.8614357262103506,0.9052631578947368,0.8857927383131621,0.9179327753858773,0.8828058169375534,0.8698583951449764,3.9432129536366625
3433,0.8841666666666667,0.8841288448023467,0.8614357262103506,0.902097902097902,0.8841288448023467,0.9163501474874596,0.8812980358667805,0.8692722371967654,4.000778913623898
3434,0.8866666666666667,0.8866191294975819,0.8580968280467446,0.9097345132743364,0.886619129497582,0.9193323373272072,0.8831615120274914,0.8679500168861872,3.9144286409806615
3435,0.8825,0.8824593957205437,0.8580968280467446,0.9017543859649124,0.8824593957205438,0.9153422736724952,0.8793840889649274,0.8664868509777479,4.058343540948748
3436,0.8858333333333334,0.8857844049566804,0.8564273789649416,0.9095744680851064,0.8857844049566804,0.9188342568583572,0.8822012037833191,0.8665540540540541,3.9432109546430874
3437,0.875,0.8749524304234177,0.8464106844741235,0.8973451327433628,0.8749524304234177,0.9102112419420764,0.8711340206185566,0.85612968591692,4.317385696572962
3438,0.8858333333333334,0.8857760716001989,0.8514190317195326,0.913978494623656,0.8857760716001989,0.9197820965049276,0.8815903197925671,0.8632362897765742,3.9432089556495113
3439,0.89,0.8899524720902002,0.8614357262103506,0.913274336283186,0.8899524720902003,0.9219383645801016,0.88659793814433,0.8713272543059776,3.799298053668575
3440,0.8833333333333333,0.8832718979774943,0.8464106844741235,0.9135135135135136,0.8832718979774944,0.9182954323271518,0.8786828422876949,0.8590308370044053,4.029555896636787
3441,0.8891666666666667,0.8891121919783109,0.8564273789649416,0.9160714285714284,0.8891121919783109,0.9220827371015184,0.8852459016393444,0.8677266576454667,3.8280790346686167
3442,0.8791666666666667,0.879112164200456,0.8464106844741235,0.9053571428571427,0.879112164200456,0.9142172469989666,0.8748921484037964,0.8575778078484438,4.1734707966048745
3443,0.8808333333333334,0.8807760577112713,0.8464106844741235,0.9086021505376344,0.8807760577112713,0.9158397508392124,0.8764044943820225,0.8581584292484765,4.1159048366176405
3444,0.8783333333333333,0.8782802174450484,0.8464106844741235,0.9037433155080212,0.8782802174450484,0.9134103333244058,0.8741379310344828,0.8572877916807574,4.202253776598492
3445,0.8866666666666667,0.8866107961411004,0.8530884808013356,0.9141323792486584,0.8866107961411004,0.9202770966916636,0.8825561312607945,0.8646362098138748,3.9144266419870846
3446,0.8875,0.8874455206820019,0.8547579298831386,0.9142857142857144,0.887445520682002,0.9207718220844264,0.8835202761000863,0.8660351826792965,3.88564432832466
3447,0.8791666666666667,0.879131608698913,0.8580968280467446,0.8954703832752613,0.8791316086989132,0.9122002723276696,0.8763853367433929,0.8653198653198654,4.1734754609232185
3448,0.89,0.8899385831627309,0.8530884808013356,0.9207207207207208,0.8899385831627309,0.9235712674276948,0.8856152512998267,0.8658082006099628,3.799294722012616
3449,0.8816666666666667,0.8816135600376668,0.8497495826377296,0.9073083778966132,0.8816135600376669,0.9160289802671714,0.8775862068965518,0.8606695975650999,4.087123189286406
3450,0.8891666666666667,0.8891149697638049,0.8580968280467446,0.9145907473309608,0.8891149697638051,0.9217604543555196,0.8854435831180018,0.8688302907369845,3.828079700999808
3451,0.8891666666666667,0.8891205253347926,0.8614357262103506,0.9116607773851589,0.8891205253347927,0.9211315851310882,0.8858369098712446,0.8710330857528696,3.8280810336621927
3452,0.88,0.8799524443123453,0.8514190317195326,0.9026548672566372,0.8799524443123453,0.9141202828214182,0.8762886597938144,0.861195542046606,4.144689815604833
3453,0.8858333333333334,0.8857844049566804,0.8564273789649416,0.9095744680851064,0.8857844049566804,0.9188342568583572,0.8822012037833191,0.8665540540540541,3.9432109546430874
3454,0.8808333333333334,0.8808010577807159,0.8614357262103506,0.8958333333333334,0.8808010577807159,0.9132178631051752,0.8782978723404256,0.8681022880215344,4.115910833598367
3455,0.8841666666666667,0.8841094003038897,0.8497495826377296,0.9121863799283154,0.8841094003038898,0.9184679812830224,0.8798617113223856,0.8615436696005417,4.000774249305556
3456,0.8816666666666667,0.881627448965136,0.8580968280467446,0.9001751313485113,0.8816274489651361,0.9145526463642948,0.8786324786324787,0.8661948095719582,4.087126520942365
3457,0.8858333333333334,0.8857982938841497,0.8647746243739566,0.902439024390244,0.8857982938841497,0.9173568243821002,0.8832054560954816,0.8720538720538722,3.9432142862990474
3458,0.8833333333333333,0.8832913424759513,0.8580968280467446,0.9033391915641475,0.8832913424759514,0.9161346764721128,0.8801369863013699,0.8667790893760541,4.0295605609551295
3459,0.8866666666666667,0.8866135739265942,0.8547579298831386,0.9126559714795008,0.8866135739265942,0.9199569506813196,0.8827586206896552,0.8657423063916131,3.9144273083182783
3460,0.8841666666666667,0.8841288448023467,0.8614357262103506,0.902097902097902,0.8841288448023467,0.9163501474874596,0.8812980358667805,0.8692722371967654,4.000778913623898
3461,0.8775,0.8774399373331592,0.8414023372287145,0.9064748201438848,0.8774399373331593,0.9135219120196332,0.8727272727272728,0.853658536585366,4.231034757598533
3462,0.8883333333333333,0.888269134080928,0.8497495826377296,0.9204339963833634,0.888269134080928,0.9225917895105464,0.8836805555555556,0.8630044082739913,3.8568593493374683
3463,0.8908333333333334,0.8907705299181387,0.8530884808013356,0.9223826714801444,0.8907705299181387,0.9244022428074068,0.8863833477883782,0.8661016949152543,3.770511742018998
3464,0.8766666666666667,0.8766218795052209,0.8497495826377296,0.8977072310405644,0.8766218795052209,0.911228406839147,0.8730703259005146,0.8589267634154573,4.259821069248111
3465,0.8808333333333334,0.8807816132822591,0.8497495826377296,0.905693950177936,0.8807816132822592,0.9152217664078328,0.8768303186907841,0.8603786342123056,4.1159061692800245
3466,0.8816666666666667,0.8816052266811851,0.8447412353923205,0.9117117117117116,0.8816052266811851,0.916976473552016,0.8769497400346621,0.8573364961030159,4.087121190292831
3467,0.8841666666666667,0.8841094003038897,0.8497495826377296,0.9121863799283154,0.8841094003038898,0.9184679812830224,0.8798617113223856,0.8615436696005417,4.000774249305554
3468,0.8825,0.8824427290075806,0.8480801335559266,0.9103942652329751,0.8824427290075806,0.9171538660611174,0.8781331028522039,0.8598510494245092,4.058339542961597
3469,0.8908333333333334,0.890781641060114,0.8597662771285476,0.9163701067615658,0.890781641060114,0.9230681919450568,0.8871662360034454,0.8705206220419202,3.770514407343766
3470,0.8866666666666667,0.8866274628540635,0.8631051752921536,0.9054290718038528,0.8866274628540636,0.91843379021467,0.8837606837606837,0.8712504213009776,3.914430639974237
3471,0.8783333333333333,0.8782941063725177,0.8547579298831386,0.8966725043782837,0.8782941063725177,0.9119652171307112,0.8752136752136751,0.862824401752612,4.202257108254451
3472,0.885,0.8849496804157789,0.8547579298831386,0.9094138543516874,0.8849496804157789,0.918335892117413,0.8812392426850258,0.8651571476850287,3.971993268305512
3473,0.8925,0.8924483123564232,0.8614357262103506,0.9181494661921707,0.8924483123564233,0.9243759295345941,0.8888888888888888,0.8722109533468562,3.7129491136877233
3474,0.8816666666666667,0.881627448965136,0.8580968280467446,0.9001751313485113,0.8816274489651361,0.9145526463642948,0.8786324786324787,0.8661948095719582,4.087126520942365
3475,0.8766666666666667,0.8766191017197271,0.8480801335559266,0.8991150442477877,0.8766191017197271,0.9115142555685238,0.872852233676976,0.8578183046268154,4.25982040291692
3476,0.8875,0.8874371873255203,0.8497495826377296,0.9187725631768952,0.8874371873255203,0.9217610729073124,0.8829141370338249,0.8627118644067797,3.885642329331085
3477,0.8775,0.8774566040461224,0.8514190317195326,0.897887323943662,0.8774566040461224,0.9117365111649308,0.8740359897172236,0.8603238866396761,4.2310387555856845
3478,0.8825,0.8824427290075806,0.8480801335559266,0.9103942652329751,0.8824427290075806,0.9171538660611174,0.8781331028522039,0.8598510494245092,4.058339542961598
3479,0.885,0.8849441248447912,0.8514190317195326,0.9123434704830052,0.8849441248447912,0.9189645844346024,0.8808290155440415,0.8629441624365483,3.971991935643129
3480,0.88,0.8799413331703698,0.8447412353923205,0.9084380610412928,0.8799413331703699,0.9153396482168066,0.8754325259515571,0.8567558415171013,4.144687150280066
3481,0.8791666666666667,0.8791204975569377,0.8514190317195326,0.9010600706713779,0.8791204975569377,0.9133228845287886,0.8755364806866953,0.8609047940580692,4.1734727955984505
3482,0.8866666666666667,0.8866191294975819,0.8580968280467446,0.9097345132743364,0.886619129497582,0.9193323373272072,0.8831615120274914,0.8679500168861872,3.9144286409806615
3483,0.8816666666666667,0.881627448965136,0.8580968280467446,0.9001751313485113,0.8816274489651361,0.9145526463642948,0.8786324786324787,0.8661948095719582,4.087126520942365
3484,0.8933333333333333,0.8932997036102878,0.8731218697829716,0.9095652173913044,0.8932997036102878,0.9230102102538046,0.8909710391822827,0.8801750252440255,3.684170798012448
3485,0.8833333333333333,0.8832941202614452,0.8597662771285476,0.9019264448336252,0.8832941202614452,0.9158463609810864,0.8803418803418804,0.8678800134816314,4.0295612272863215
3486,0.8825,0.882453840149556,0.8547579298831386,0.9045936395759716,0.882453840149556,0.9159257847295552,0.8789699570815451,0.8642808912896692,4.058342208286364
3487,0.8841666666666667,0.8841260670168528,0.8597662771285476,0.9035087719298246,0.8841260670168528,0.916637524529186,0.8810949529512404,0.8681726230613621,4.000778247292705
3488,0.8841666666666667,0.8841121780893836,0.8514190317195326,0.9107142857142856,0.8841121780893836,0.9181499920502424,0.8800690250215703,0.8626522327469555,4.000774915636747
3489,0.8841666666666667,0.8841121780893836,0.8514190317195326,0.9107142857142856,0.8841121780893836,0.9181499920502424,0.8800690250215703,0.8626522327469555,4.000774915636747
3490,0.8875,0.8874594096094711,0.8631051752921536,0.9070175438596492,0.8874594096094712,0.919228026242568,0.8845166809238666,0.8715441672285906,3.88564765998062
3491,0.8875,0.8874510762529896,0.8580968280467446,0.9113475177304964,0.8874510762529897,0.9201388395552872,0.8839208942390371,0.8682432432432433,3.885645660987044
3492,0.885,0.8849719026997297,0.8681135225375626,0.8981001727115717,0.8849719026997297,0.916023514291234,0.8828522920203735,0.8739495798319329,3.971998598955047
3493,0.8766666666666667,0.8766107683632454,0.8430717863105175,0.9033989266547406,0.8766107683632454,0.9124020231492956,0.8721934369602763,0.8544839255499155,4.259818403923344
3494,0.8833333333333333,0.8832774535484821,0.8497495826377296,0.9105545617173524,0.8832774535484822,0.9176520721775412,0.8791018998272885,0.8612521150592217,4.029557229299172
3495,0.88,0.8799663332398145,0.8597662771285476,0.8956521739130435,0.8799663332398145,0.9127092255207956,0.8773424190800682,0.8667115449343656,4.144693147260792
3496,0.8933333333333333,0.8932858146828185,0.8647746243739566,0.9168141592920354,0.8932858146828186,0.924544391832996,0.8900343642611684,0.8747044917257683,3.684167466356489
3497,0.8866666666666667,0.8866191294975819,0.8580968280467446,0.9097345132743364,0.886619129497582,0.9193323373272072,0.8831615120274914,0.8679500168861872,3.914428640980661
3498,0.8841666666666667,0.8841260670168528,0.8597662771285476,0.9035087719298246,0.8841260670168528,0.916637524529186,0.8810949529512404,0.8681726230613621,4.000778247292705
3499,0.8891666666666667,0.8891233031202864,0.8631051752921536,0.9102112676056338,0.8891233031202864,0.9208248881155604,0.8860325621251072,0.8721322537112012,3.8280816999933838
3500,0.8916666666666667,0.8916135878155217,0.8597662771285476,0.9180035650623886,0.8916135878155217,0.9238849210954679,0.8879310344827586,0.8708150152181265,3.741731427350149
3501,0.8883333333333333,0.8882830230083972,0.8580968280467446,0.9129662522202486,0.8882830230083973,0.9209482068001632,0.8846815834767642,0.8685366677931734,3.8568626809934266
3502,0.885,0.8849635693432482,0.8631051752921536,0.9022687609075044,0.8849635693432483,0.9168536347664956,0.8822525597269624,0.8706635230717413,3.971996599961472
3503,0.8816666666666667,0.881627448965136,0.8580968280467446,0.9001751313485113,0.8816274489651361,0.9145526463642948,0.8786324786324787,0.8661948095719582,4.087126520942365
3504,0.8833333333333333,0.8832968980469391,0.8614357262103506,0.900523560209424,0.8832968980469391,0.9155629765432206,0.8805460750853241,0.8689794543617381,4.0295618936175135
3505,0.8875,0.887462187394965,0.8647746243739566,0.9055944055944056,0.887462187394965,0.9189345149841812,0.8847139197267293,0.8726415094339622,3.885648326311812
3506,0.8825,0.8824482845785683,0.8514190317195326,0.9074733096085408,0.8824482845785683,0.91652950399737,0.8785529715762274,0.8620689655172413,4.058340875623982
3507,0.8875,0.887462187394965,0.8647746243739566,0.9055944055944056,0.887462187394965,0.9189345149841812,0.8847139197267293,0.8726415094339622,3.885648326311812
3508,0.8891666666666667,0.8891094141928172,0.8547579298831386,0.9175627240143368,0.8891094141928173,0.9224103269487376,0.8850475367329301,0.8666215301286391,3.8280783683374255
3509,0.885,0.8849580137722605,0.8597662771285476,0.905096660808436,0.8849580137722605,0.9174314689684916,0.8818493150684931,0.8684654300168635,3.9719952672990875
3510,0.8925,0.8924427567854355,0.8580968280467446,0.921146953405018,0.8924427567854356,0.9250385573925478,0.888504753673293,0.8700067704807042,3.71294778102534
3511,0.8841666666666667,0.8841094003038897,0.8497495826377296,0.9121863799283154,0.8841094003038898,0.9184679812830224,0.8798617113223856,0.8615436696005417,4.000774249305554
3512,0.8908333333333334,0.8907733077036325,0.8547579298831386,0.9208633093525179,0.8907733077036326,0.9240606196178284,0.8865800865800866,0.8672086720867208,3.770512408350191
3513,0.8933333333333333,0.8932858146828185,0.8647746243739566,0.9168141592920354,0.8932858146828186,0.924544391832996,0.8900343642611684,0.8747044917257683,3.684167466356489
3514,0.8825,0.8824566179350498,0.8564273789649416,0.9031690140845071,0.8824566179350498,0.9156315298580576,0.8791773778920308,0.8653846153846154,4.058342874617557
3515,0.8916666666666667,0.8916302545284848,0.8697829716193656,0.9092495636998256,0.8916302545284848,0.9220162676595955,0.8890784982935153,0.8773997979117548,3.7417354253373
3516,0.8866666666666667,0.8866191294975819,0.8580968280467446,0.9097345132743364,0.886619129497582,0.9193323373272072,0.8831615120274914,0.8679500168861872,3.9144286409806615
3517,0.8883333333333333,0.8882830230083972,0.8580968280467446,0.9129662522202486,0.8882830230083973,0.9209482068001632,0.8846815834767642,0.8685366677931734,3.8568626809934266
3518,0.8841666666666667,0.8841344003733344,0.8647746243739566,0.8993055555555556,0.8841344003733344,0.9157900899647562,0.8817021276595746,0.8714670255720053,4.000780246286281
3519,0.89,0.8899552498756941,0.8631051752921536,0.9118165784832452,0.8899552498756941,0.9216275435543662,0.8867924528301886,0.8724265946675666,3.7992987199997668
3520,0.8866666666666667,0.8866274628540635,0.8631051752921536,0.9054290718038528,0.8866274628540636,0.91843379021467,0.8837606837606837,0.8712504213009776,3.9144306399742366
3521,0.8908333333333334,0.8907871966311017,0.8631051752921536,0.913427561837456,0.8907871966311017,0.9224330352314714,0.8875536480686697,0.8727211343686699,3.7705157400061498
3522,0.8875,0.8874510762529896,0.8580968280467446,0.9113475177304964,0.8874510762529897,0.9201388395552872,0.8839208942390371,0.8682432432432433,3.885645660987044
3523,0.8975,0.8974622151728199,0.8747913188647746,0.9160839160839158,0.8974622151728199,0.9266876174743454,0.8949615713065756,0.8827493261455525,3.5402565643755537
3524,0.8925,0.8924427567854355,0.8580968280467446,0.921146953405018,0.8924427567854356,0.9250385573925478,0.888504753673293,0.8700067704807042,3.71294778102534
3525,0.8891666666666667,0.8891233031202864,0.8631051752921536,0.9102112676056338,0.8891233031202864,0.9208248881155604,0.8860325621251072,0.8721322537112012,3.8280816999933838
3526,0.8925,0.8924538679274109,0.8647746243739566,0.9151943462897526,0.8924538679274109,0.9237344853318544,0.8892703862660943,0.87440918298447,3.7129504463501073
3527,0.8883333333333333,0.8882802452229034,0.8564273789649416,0.9144385026737968,0.8882802452229034,0.9212662741527026,0.8844827586206896,0.8674332093337843,3.856862014662235
3528,0.8825,0.8824482845785683,0.8514190317195326,0.9074733096085408,0.8824482845785683,0.91652950399737,0.8785529715762274,0.8620689655172413,4.058340875623982
3529,0.8816666666666667,0.8816218933941483,0.8547579298831386,0.9029982363315696,0.8816218933941483,0.915128083107354,0.8782161234991424,0.8639892001349982,4.087125188279982
3530,0.89,0.8899608054466818,0.8664440734557596,0.9089316987740804,0.8899608054466819,0.9210212194482534,0.8871794871794872,0.8746208291203236,3.7993000526621516
3531,0.8783333333333333,0.8782857730160362,0.8497495826377296,0.9008849557522124,0.8782857730160362,0.9128172691949709,0.8745704467353952,0.8595069233367106,4.202255109260876
3532,0.8841666666666667,0.8841232892313591,0.8580968280467446,0.9049295774647887,0.8841232892313591,0.9169298694224332,0.8808911739503,0.8670715249662618,4.000777580961514
3533,0.8841666666666667,0.8841232892313591,0.8580968280467446,0.9049295774647887,0.8841232892313591,0.9169298694224332,0.8808911739503,0.8670715249662618,4.000777580961513
3534,0.8891666666666667,0.8891260809057803,0.8647746243739566,0.9087719298245616,0.8891260809057803,0.9205232770992592,0.8862275449101797,0.873229939312205,3.828082366324576
3535,0.89,0.8899663610176695,0.8697829716193656,0.9060869565217392,0.8899663610176695,0.9204349640705524,0.8875638841567292,0.8768091551666106,3.799301385324535
3536,0.8866666666666667,0.8866246850685696,0.8614357262103506,0.906854130052724,0.8866246850685696,0.9187282614648709,0.8835616438356164,0.8701517706576729,3.914429973643045
3537,0.8916666666666667,0.8916219211720032,0.8647746243739566,0.9135802469135802,0.8916219211720032,0.9229274356437684,0.8885077186963979,0.8741140735740803,3.741733426343724
3538,0.8841666666666667,0.8841260670168528,0.8597662771285476,0.9035087719298246,0.8841260670168528,0.916637524529186,0.8810949529512404,0.8681726230613621,4.000778247292706
3539,0.8833333333333333,0.8832941202614452,0.8597662771285476,0.9019264448336252,0.8832941202614452,0.9158463609810864,0.8803418803418804,0.8678800134816314,4.029561227286323
3540,0.89,0.8899552498756941,0.8631051752921536,0.9118165784832452,0.8899552498756941,0.9216275435543662,0.8867924528301886,0.8724265946675666,3.799298719999767
3541,0.8833333333333333,0.8832885646904575,0.8564273789649416,0.9047619047619048,0.8832885646904575,0.9164279751967566,0.8799313893653516,0.8656766790415119,4.029559894623938
3542,0.88,0.8799552220978392,0.8530884808013356,0.9012345679012346,0.8799552220978393,0.9138281910179518,0.8765008576329331,0.8623017212284847,4.144690481936025
3543,0.8858333333333334,0.8857927383131621,0.8614357262103506,0.9052631578947368,0.8857927383131621,0.9179327753858773,0.8828058169375534,0.8698583951449764,3.9432129536366625
3544,0.8916666666666667,0.8916274767429909,0.8681135225375626,0.9106830122591943,0.8916274767429909,0.9223149340650452,0.8888888888888888,0.8763060330299968,3.7417347590061074
3545,0.8875,0.8874705207514465,0.8697829716193656,0.9013840830449829,0.8874705207514465,0.918083527332174,0.8853016142735769,0.8759246805648958,3.8856503253053867
3546,0.89,0.8899608054466818,0.8664440734557596,0.9089316987740804,0.8899608054466819,0.9210212194482534,0.8871794871794872,0.8746208291203236,3.7993000526621503
3547,0.8833333333333333,0.8832941202614452,0.8597662771285476,0.9019264448336252,0.8832941202614452,0.9158463609810864,0.8803418803418804,0.8678800134816314,4.029561227286323
3548,0.8816666666666667,0.881627448965136,0.8580968280467446,0.9001751313485113,0.8816274489651361,0.9145526463642948,0.8786324786324787,0.8661948095719582,4.087126520942365
3549,0.88,0.8799635554543207,0.8580968280467446,0.8970331588132635,0.8799635554543208,0.9129816600966708,0.8771331058020477,0.8656113169417313,4.144692480929601
3550,0.8883333333333333,0.8882941341503726,0.8647746243739566,0.9071803852889668,0.8882941341503726,0.9197275048314616,0.8854700854700855,0.8729356252106506,3.8568653463181937
3551,0.8916666666666667,0.8916274767429909,0.8681135225375626,0.9106830122591943,0.8916274767429909,0.9223149340650452,0.8888888888888888,0.8763060330299968,3.741734759006108
3552,0.8816666666666667,0.8816163378231606,0.8514190317195326,0.905861456483126,0.8816163378231606,0.9157235774346628,0.8777969018932874,0.8617776275768841,4.087123855617598
3553,0.8925,0.8924622012838924,0.8697829716193656,0.9108391608391608,0.8924622012838925,0.9228110662292632,0.8898377455166524,0.8776954177897575,3.7129524453436815
3554,0.8883333333333333,0.8882830230083972,0.8580968280467446,0.9129662522202486,0.8882830230083973,0.9209482068001632,0.8846815834767642,0.8685366677931734,3.8568626809934266
3555,0.8833333333333333,0.8832857869049636,0.8547579298831386,0.9061946902654868,0.8832857869049636,0.9167263100743126,0.8797250859106529,0.8645727794663965,4.029559228292747
3556,0.8891666666666667,0.8891260809057803,0.8647746243739566,0.9087719298245616,0.8891260809057803,0.9205232770992592,0.8862275449101797,0.873229939312205,3.828082366324576
3557,0.89,0.8899608054466818,0.8664440734557596,0.9089316987740804,0.8899608054466819,0.9210212194482534,0.8871794871794872,0.8746208291203236,3.7993000526621503
3558,0.89,0.8899552498756941,0.8631051752921536,0.9118165784832452,0.8899552498756941,0.9216275435543662,0.8867924528301886,0.8724265946675666,3.799298719999767
3559,0.8866666666666667,0.8866135739265942,0.8547579298831386,0.9126559714795008,0.8866135739265942,0.9199569506813196,0.8827586206896552,0.8657423063916131,3.914427308318277
3560,0.8833333333333333,0.8832830091194698,0.8530884808013356,0.9076376554174068,0.8832830091194698,0.9170297347760378,0.8795180722891566,0.8634673876309563,4.0295585619615535
3561,0.8908333333333334,0.890801085558571,0.8714524207011686,0.90625,0.8908010855585711,0.9209345436839176,0.8885106382978722,0.8781965006729474,3.770519071662109
3562,0.8841666666666667,0.8841177336603713,0.8547579298831386,0.9078014184397164,0.8841177336603713,0.9175296741614274,0.8804815133276009,0.8648648648648648,4.00077624829913
3563,0.89,0.8899552498756941,0.8631051752921536,0.9118165784832452,0.8899552498756941,0.9216275435543662,0.8867924528301886,0.8724265946675666,3.799298719999767
3564,0.88,0.8799607776688269,0.8564273789649416,0.8984238178633975,0.8799607776688269,0.9132589317475028,0.8769230769230769,0.8645096056622851,4.144691814598409
3565,0.8833333333333333,0.8832857869049636,0.8547579298831386,0.9061946902654868,0.8832857869049636,0.9167263100743126,0.8797250859106529,0.8645727794663965,4.029559228292747
3566,0.8808333333333334,0.880784391067753,0.8514190317195326,0.9042553191489362,0.880784391067753,0.9149205087675676,0.8770421324161651,0.8614864864864864,4.1159068356112165
3567,0.8875,0.8874510762529896,0.8580968280467446,0.9113475177304964,0.8874510762529897,0.9201388395552872,0.8839208942390371,0.8682432432432433,3.885645660987044
3568,0.8841666666666667,0.8841316225878405,0.8631051752921536,0.9006968641114983,0.8841316225878406,0.9160676863684928,0.8815004262574594,0.8703703703703706,4.000779579955089
3569,0.8883333333333333,0.888305245292348,0.8714524207011686,0.9015544041450776,0.888305245292348,0.9185867457564564,0.8862478777589133,0.8773109243697479,3.856868011642961
3570,0.8825,0.8824566179350498,0.8564273789649416,0.9031690140845071,0.8824566179350498,0.9156315298580576,0.8791773778920308,0.8653846153846154,4.058342874617557
3571,0.8925,0.8924566457129047,0.8664440734557596,0.9137323943661972,0.8924566457129047,0.9234215672443116,0.8894601542416453,0.875506072874494,3.7129511126812975
3572,0.8875,0.8874510762529896,0.8580968280467446,0.9113475177304964,0.8874510762529897,0.9201388395552872,0.8839208942390371,0.8682432432432433,3.885645660987045
3573,0.8941666666666667,0.8941149836527323,0.8631051752921536,0.9199288256227758,0.8941149836527323,0.9256836671241312,0.8906115417743325,0.8739012846517918,3.65538382003168
3574,0.8875,0.8874510762529896,0.8580968280467446,0.9113475177304964,0.8874510762529897,0.9201388395552872,0.8839208942390371,0.8682432432432433,3.885645660987044
3575,0.8841666666666667,0.8841205114458651,0.8564273789649416,0.9063604240282686,0.8841205114458651,0.9172272348299384,0.8806866952789699,0.8659689399054694,4.000776914630322
3576,0.8816666666666667,0.8816246711796422,0.8564273789649416,0.9015817223198594,0.8816246711796422,0.9148378839757338,0.8784246575342467,0.8650927487352446,4.087125854611173
3577,0.8816666666666667,0.8816163378231606,0.8514190317195326,0.905861456483126,0.8816163378231606,0.9157235774346628,0.8777969018932874,0.8617776275768841,4.087123855617598
3578,0.8808333333333334,0.8807760577112713,0.8464106844741235,0.9086021505376344,0.8807760577112713,0.9158397508392124,0.8764044943820225,0.8581584292484765,4.1159048366176405
3579,0.8883333333333333,0.8882746896519157,0.8530884808013356,0.9174147217235188,0.8882746896519157,0.921918267929094,0.8840830449826991,0.8652218083305114,3.8568606819998505
3580,0.895,0.8949524859791277,0.8664440734557596,0.9185840707964602,0.8949524859791277,0.9258474054594432,0.8917525773195877,0.8763931104356636,3.626602172700446
3581,0.8875,0.8874649651804588,0.8664440734557596,0.9041811846689896,0.8874649651804588,0.918645962395708,0.8849104859335039,0.8737373737373738,3.885648992643004
3582,0.8991666666666667,0.8991177753271536,0.8697829716193656,0.9237588652482268,0.8991177753271536,0.9292709184337964,0.8959587274290628,0.8800675675675678,3.4826886053947432
3583,0.8858333333333334,0.8857816271711866,0.8547579298831386,0.9110320284697508,0.8857816271711866,0.9191449791764448,0.8819982773471147,0.8654496281271128,3.9432102883118954
3584,0.8975,0.8974511040308445,0.8681135225375626,0.9219858156028368,0.8974511040308446,0.9279663357368664,0.8942390369733448,0.8783783783783785,3.5402538990507857
3585,0.8841666666666667,0.8841010669474081,0.8447412353923205,0.9166666666666666,0.8841010669474081,0.9194539510294936,0.8792354474370112,0.8582089552238806,4.000772250311978
3586,0.89,0.8899441387337187,0.8564273789649416,0.9177101967799642,0.8899441387337187,0.9229021212057864,0.8860103626943006,0.8680203045685279,3.7992960546749996
3587,0.8891666666666667,0.8891038586218295,0.8514190317195326,0.9205776173285198,0.8891038586218296,0.9230816578573596,0.8846487424111015,0.8644067796610169,3.8280770356750424
3588,0.8791666666666667,0.8791288309134192,0.8564273789649416,0.8968531468531469,0.8791288309134192,0.9124735962423776,0.8761742100768575,0.8642183288409704,4.1734747945920265
3589,0.8916666666666667,0.8916163656010155,0.8614357262103506,0.9165186500888101,0.8916163656010156,0.9235605214829136,0.8881239242685026,0.8719161879013181,3.7417320936813407
3590,0.8866666666666667,0.8866135739265942,0.8547579298831386,0.9126559714795008,0.8866135739265942,0.9199569506813196,0.8827586206896552,0.8657423063916131,3.914427308318277
3591,0.8975,0.8974566596018322,0.8714524207011686,0.9190140845070424,0.8974566596018322,0.9273165859374388,0.8946015424164525,0.880566801619433,3.5402552317131697
3592,0.8866666666666667,0.8866191294975819,0.8580968280467446,0.9097345132743364,0.886619129497582,0.9193323373272072,0.8831615120274914,0.8679500168861872,3.9144286409806615
3593,0.8916666666666667,0.8916219211720032,0.8647746243739566,0.9135802469135802,0.8916219211720032,0.9229274356437684,0.8885077186963979,0.8741140735740803,3.741733426343724
3594,0.8858333333333334,0.8857899605276681,0.8597662771285476,0.9066901408450704,0.8857899605276681,0.9182282089868091,0.8826049700085691,0.8687584345479082,3.94321228730547
3595,0.8841666666666667,0.8841288448023467,0.8614357262103506,0.902097902097902,0.8841288448023467,0.9163501474874596,0.8812980358667805,0.8692722371967654,4.000778913623898
3596,0.885,0.8849469026302851,0.8530884808013356,0.9108734402852049,0.8849469026302851,0.918647627209937,0.8810344827586207,0.8640514034494421,3.971992601974321
3597,0.8833333333333333,0.8832941202614452,0.8597662771285476,0.9019264448336252,0.8832941202614452,0.9158463609810864,0.8803418803418804,0.8678800134816314,4.0295612272863215
3598,0.88,0.879957999883333,0.8547579298831386,0.8998242530755711,0.879957999883333,0.9135410914793548,0.8767123287671234,0.863406408094435,4.144691148267216
3599,0.8941666666666667,0.8941122058672385,0.8614357262103506,0.9214285714285714,0.8941122058672386,0.9260154821527944,0.8904227782571182,0.8728010825439784,3.6553831537004884
3600,0.8866666666666667,0.8866163517120881,0.8564273789649416,0.911190053285968,0.8866163517120881,0.919642049458788,0.8829604130808949,0.8668469077391011,3.9144279746494695
3601,0.8866666666666667,0.8866107961411004,0.8530884808013356,0.9141323792486584,0.8866107961411004,0.9202770966916636,0.8825561312607945,0.8646362098138748,3.9144266419870846
3602,0.8883333333333333,0.8882885785793849,0.8614357262103506,0.91005291005291,0.8882885785793849,0.9203276514649636,0.8850771869639794,0.8707391157610529,3.8568640136558106
3603,0.8816666666666667,0.8816246711796422,0.8564273789649416,0.9015817223198594,0.8816246711796422,0.9148378839757338,0.8784246575342467,0.8650927487352446,4.087125854611173
3604,0.8766666666666667,0.8766302128617024,0.8547579298831386,0.8935427574171031,0.8766302128617024,0.9104003436501208,0.8737201365187715,0.8622431795217245,4.259823068241687
3605,0.8875,0.8874427428965079,0.8530884808013356,0.9157706093189965,0.8874427428965079,0.9210962117268326,0.8833189282627485,0.8649289099526066,3.885643661993469
3606,0.8891666666666667,0.8891288586912741,0.8664440734557596,0.9073426573426572,0.8891288586912742,0.9202266987325418,0.8864218616567037,0.8743261455525607,3.828083032655768
3607,0.8883333333333333,0.8882969119358665,0.8664440734557596,0.9057591623036648,0.8882969119358666,0.9194349512130456,0.8856655290102388,0.8740316604917482,3.8568660126493857
3608,0.8891666666666667,0.889131636476768,0.8681135225375626,0.9059233449477352,0.889131636476768,0.9199351004093156,0.886615515771526,0.8754208754208754,3.82808369898696
3609,0.8925,0.8924427567854355,0.8580968280467446,0.921146953405018,0.8924427567854356,0.9250385573925478,0.888504753673293,0.8700067704807042,3.71294778102534
3610,0.8941666666666667,0.8941149836527323,0.8631051752921536,0.9199288256227758,0.8941149836527323,0.9256836671241312,0.8906115417743325,0.8739012846517918,3.65538382003168
3611,0.8908333333333334,0.8907788632746202,0.8580968280467446,0.9178571428571428,0.8907788632746203,0.9233936521186104,0.8869715271786022,0.8694181326116375,3.770513741012573
3612,0.8858333333333334,0.8857844049566804,0.8564273789649416,0.9095744680851064,0.8857844049566804,0.9188342568583572,0.8822012037833191,0.8665540540540541,3.9432109546430874
3613,0.8858333333333334,0.8857788493856927,0.8530884808013356,0.9125,0.8857788493856927,0.9194609070673344,0.8817946505608283,0.8643437077131259,3.943209621980703
3614,0.8916666666666667,0.8916163656010155,0.8614357262103506,0.9165186500888101,0.8916163656010156,0.9235605214829136,0.8881239242685026,0.8719161879013181,3.7417320936813407
3615,0.8891666666666667,0.8891121919783109,0.8564273789649416,0.9160714285714284,0.8891121919783109,0.9220827371015184,0.8852459016393444,0.8677266576454667,3.8280790346686167
3616,0.8883333333333333,0.8882969119358665,0.8664440734557596,0.9057591623036648,0.8882969119358666,0.9194349512130456,0.8856655290102388,0.8740316604917482,3.8568660126493857
3617,0.8925,0.8924538679274109,0.8647746243739566,0.9151943462897526,0.8924538679274109,0.9237344853318544,0.8892703862660943,0.87440918298447,3.7129504463501073
3618,0.8866666666666667,0.8866191294975819,0.8580968280467446,0.9097345132743364,0.886619129497582,0.9193323373272072,0.8831615120274914,0.8679500168861872,3.914428640980661
3619,0.8816666666666667,0.8816107822521729,0.8480801335559266,0.9087656529516994,0.8816107822521729,0.9163395599204796,0.8773747841105354,0.8595600676818951,4.087122522955215
3620,0.8858333333333334,0.8857955160986558,0.8631051752921536,0.903846153846154,0.8857955160986559,0.9176423312358204,0.8830059777967549,0.8709568733153639,3.9432136199678536
3621,0.8925,0.8924455345709293,0.8597662771285476,0.9196428571428572,0.8924455345709293,0.9247045671357024,0.8886971527178601,0.8711096075778079,3.7129484473565313
3622,0.8858333333333334,0.8857927383131621,0.8614357262103506,0.9052631578947368,0.8857927383131621,0.9179327753858773,0.8828058169375534,0.8698583951449764,3.9432129536366625
3623,0.8825,0.882453840149556,0.8547579298831386,0.9045936395759716,0.882453840149556,0.9159257847295552,0.8789699570815451,0.8642808912896692,4.058342208286366
3624,0.8816666666666667,0.881627448965136,0.8580968280467446,0.9001751313485113,0.8816274489651361,0.9145526463642948,0.8786324786324787,0.8661948095719582,4.087126520942365
3625,0.8833333333333333,0.8832830091194698,0.8530884808013356,0.9076376554174068,0.8832830091194698,0.9170297347760378,0.8795180722891566,0.8634673876309563,4.029558561961555
3626,0.875,0.8749635415653932,0.8530884808013356,0.8917975567190227,0.8749635415653934,0.909109685426846,0.8720136518771331,0.8605591108117212,4.317388361897731
3627,0.8883333333333333,0.8882913563648788,0.8631051752921536,0.9086115992970124,0.8882913563648789,0.9200250539612496,0.8852739726027399,0.8718381112984824,3.856864679987002
3628,0.8875,0.8874594096094711,0.8631051752921536,0.9070175438596492,0.8874594096094712,0.919228026242568,0.8845166809238666,0.8715441672285906,3.8856476599806182
3629,0.8925,0.8924677568548801,0.8731218697829716,0.9079861111111112,0.8924677568548801,0.9222206571137079,0.8902127659574468,0.8798788694481829,3.712953778006067
3630,0.8816666666666667,0.8816330045361237,0.8614357262103506,0.8973913043478261,0.8816330045361237,0.9139968486124216,0.879045996592845,0.868394479973073,4.087127853604748
3631,0.8866666666666667,0.8866191294975819,0.8580968280467446,0.9097345132743364,0.886619129497582,0.9193323373272072,0.8831615120274914,0.8679500168861872,3.914428640980661
3632,0.8875,0.8874482984674957,0.8564273789649416,0.912811387900356,0.8874482984674957,0.920452716765982,0.8837209302325582,0.8671399594320488,3.885644994655853
3633,0.8833333333333333,0.8832885646904575,0.8564273789649416,0.9047619047619048,0.8832885646904575,0.9164279751967566,0.8799313893653516,0.8656766790415119,4.029559894623938
3634,0.8875,0.8874482984674957,0.8564273789649416,0.912811387900356,0.8874482984674957,0.920452716765982,0.8837209302325582,0.8671399594320488,3.885644994655853
3635,0.8875,0.8874455206820019,0.8547579298831386,0.9142857142857144,0.887445520682002,0.9207718220844264,0.8835202761000863,0.8660351826792965,3.8856443283246613
3636,0.8808333333333334,0.8807788354967653,0.8480801335559266,0.9071428571428573,0.8807788354967653,0.9155281620160584,0.8766177739430544,0.8592692828146145,4.1159055029488325
3637,0.885,0.8849580137722605,0.8597662771285476,0.905096660808436,0.8849580137722605,0.9174314689684916,0.8818493150684931,0.8684654300168635,3.9719952672990875
3638,0.8916666666666667,0.8916163656010155,0.8614357262103506,0.9165186500888101,0.8916163656010156,0.9235605214829136,0.8881239242685026,0.8719161879013181,3.74173209368134
3639,0.8825,0.8824621735060375,0.8597662771285476,0.9003496503496503,0.8824621735060375,0.9150579637390991,0.8795900939368062,0.8675876010781671,4.058344207279942
3640,0.8875,0.8874538540384834,0.8597662771285476,0.9098939929328622,0.8874538540384834,0.9198301350307048,0.8841201716738198,0.8693450371370697,3.8856463273182364
3641,0.8825,0.8824649512915314,0.8614357262103506,0.8989547038327527,0.8824649512915314,0.914778548354885,0.8797953964194373,0.8686868686868686,4.058344873611132
3642,0.8925,0.8924622012838924,0.8697829716193656,0.9108391608391608,0.8924622012838925,0.9228110662292632,0.8898377455166524,0.8776954177897575,3.7129524453436815
3643,0.8883333333333333,0.8882802452229034,0.8564273789649416,0.9144385026737968,0.8882802452229034,0.9212662741527026,0.8844827586206896,0.8674332093337843,3.856862014662235
3644,0.8833333333333333,0.8832774535484821,0.8497495826377296,0.9105545617173524,0.8832774535484822,0.9176520721775412,0.8791018998272885,0.8612521150592217,4.029557229299171
3645,0.8841666666666667,0.8841260670168528,0.8597662771285476,0.9035087719298246,0.8841260670168528,0.916637524529186,0.8810949529512404,0.8681726230613621,4.000778247292706
3646,0.8875,0.887462187394965,0.8647746243739566,0.9055944055944056,0.887462187394965,0.9189345149841812,0.8847139197267293,0.8726415094339622,3.885648326311812
3647,0.8875,0.8874538540384834,0.8597662771285476,0.9098939929328622,0.8874538540384834,0.9198301350307048,0.8841201716738198,0.8693450371370697,3.8856463273182364
3648,0.8891666666666667,0.8891177475492987,0.8597662771285476,0.9131205673758864,0.8891177475492987,0.9214434222522171,0.8856405846947549,0.8699324324324323,3.8280803673310007
3649,0.8875,0.8874566318239773,0.8614357262103506,0.908450704225352,0.8874566318239773,0.9195265485511848,0.884318766066838,0.8704453441295548,3.8856469936494284
3650,0.8833333333333333,0.8832941202614452,0.8597662771285476,0.9019264448336252,0.8832941202614452,0.9158463609810864,0.8803418803418804,0.8678800134816314,4.0295612272863215
3651,0.8908333333333334,0.8907899744165956,0.8647746243739566,0.9119718309859156,0.8907899744165956,0.9221232276799358,0.8877463581833761,0.8738191632928475,3.770516406337341
3652,0.89,0.8899524720902002,0.8614357262103506,0.913274336283186,0.8899524720902003,0.9219383645801016,0.88659793814433,0.8713272543059776,3.799298053668575
3653,0.8966666666666666,0.8966274906319184,0.8731218697829716,0.915936952714536,0.8966274906319185,0.9261960779154204,0.8940170940170941,0.8813616447590157,3.5690388780379787
3654,0.8858333333333334,0.8857871827421743,0.8580968280467446,0.9081272084805654,0.8857871827421744,0.9185286849303216,0.8824034334763949,0.8676569885212694,3.9432116209742794
3655,0.8875,0.8874677429659527,0.8681135225375626,0.9027777777777778,0.8874677429659528,0.9183623168243368,0.8851063829787235,0.8748317631224766,3.8856496589741942
3656,0.8858333333333334,0.8858010716696435,0.8664440734557596,0.9010416666666666,0.8858010716696435,0.9170762033945464,0.8834042553191489,0.8731493943472408,3.9432149526302367
3657,0.8875,0.887462187394965,0.8647746243739566,0.9055944055944056,0.887462187394965,0.9189345149841812,0.8847139197267293,0.8726415094339622,3.8856483263118102
3658,0.8825,0.8824593957205437,0.8580968280467446,0.9017543859649124,0.8824593957205438,0.9153422736724952,0.8793840889649274,0.8664868509777479,4.058343540948748
3659,0.885,0.8849552359867666,0.8580968280467446,0.9065255731922398,0.8849552359867667,0.9177278672861588,0.8816466552315609,0.8673641579480258,3.9719946009678964
3660,0.895,0.8949552637646215,0.8681135225375626,0.9171075837742504,0.8949552637646215,0.9255272198225732,0.8919382504288164,0.8774890313871075,3.626602839031638
3661,0.885,0.8849552359867666,0.8580968280467446,0.9065255731922398,0.8849552359867667,0.9177278672861588,0.8816466552315609,0.8673641579480258,3.9719946009678964
3662,0.8875,0.887462187394965,0.8647746243739566,0.9055944055944056,0.887462187394965,0.9189345149841812,0.8847139197267293,0.8726415094339622,3.885648326311812
3663,0.8883333333333333,0.8882885785793849,0.8614357262103506,0.91005291005291,0.8882885785793849,0.9203276514649636,0.8850771869639794,0.8707391157610529,3.8568640136558106
3664,0.8833333333333333,0.8832941202614452,0.8597662771285476,0.9019264448336252,0.8832941202614452,0.9158463609810864,0.8803418803418804,0.8678800134816314,4.0295612272863215
3665,0.8908333333333334,0.8907844188456079,0.8614357262103506,0.9148936170212766,0.8907844188456079,0.9227480049491468,0.8873602751504729,0.8716216216216217,3.7705150736749578
3666,0.8941666666666667,0.8941260947947077,0.8697829716193656,0.9140350877192982,0.8941260947947078,0.924409029669332,0.8913601368691187,0.878287255563048,3.655386485356448
3667,0.8908333333333334,0.8907844188456079,0.8614357262103506,0.9148936170212766,0.8907844188456079,0.9227480049491468,0.8873602751504729,0.8716216216216217,3.7705150736749578
3668,0.8891666666666667,0.8891260809057803,0.8647746243739566,0.9087719298245616,0.8891260809057803,0.9205232770992592,0.8862275449101797,0.873229939312205,3.828082366324576
3669,0.8883333333333333,0.8882913563648788,0.8631051752921536,0.9086115992970124,0.8882913563648789,0.9200250539612496,0.8852739726027399,0.8718381112984824,3.856864679987002
3670,0.8883333333333333,0.8882941341503726,0.8647746243739566,0.9071803852889668,0.8882941341503726,0.9197275048314616,0.8854700854700855,0.8729356252106506,3.8568653463181937
3671,0.8908333333333334,0.8907983077730771,0.8697829716193656,0.9076655052264808,0.8907983077730771,0.9212242384229232,0.8883205456095481,0.8771043771043772,3.7705184053309173
3672,0.8883333333333333,0.8882802452229034,0.8564273789649416,0.9144385026737968,0.8882802452229034,0.9212662741527026,0.8844827586206896,0.8674332093337843,3.856862014662235
3673,0.8958333333333334,0.8957899883055229,0.8697829716193656,0.9172535211267606,0.8957899883055229,0.9260182463730632,0.8928877463581835,0.8788798920377867,3.5978205253692126
3674,0.8775,0.8774482706896407,0.8464106844741235,0.9021352313167259,0.8774482706896407,0.912606291228758,0.8733850129198968,0.8569979716024341,4.231036756592109
3675,0.88,0.8799607776688269,0.8564273789649416,0.8984238178633975,0.8799607776688269,0.9132589317475028,0.8769230769230769,0.8645096056622851,4.144691814598409
3676,0.8791666666666667,0.8791204975569377,0.8514190317195326,0.9010600706713779,0.8791204975569377,0.9133228845287886,0.8755364806866953,0.8609047940580692,4.1734727955984505
3677,0.8791666666666667,0.8791232753424315,0.8530884808013356,0.8996478873239436,0.8791232753424316,0.9130348507293062,0.8757497857754928,0.8620107962213225,4.173473461929642
3678,0.895,0.8949552637646215,0.8681135225375626,0.9171075837742504,0.8949552637646215,0.9255272198225732,0.8919382504288164,0.8774890313871075,3.626602839031638
3679,0.8925,0.8924566457129047,0.8664440734557596,0.9137323943661972,0.8924566457129047,0.9234215672443116,0.8894601542416453,0.875506072874494,3.7129511126812975
3680,0.8883333333333333,0.8882885785793849,0.8614357262103506,0.91005291005291,0.8882885785793849,0.9203276514649636,0.8850771869639794,0.8707391157610529,3.8568640136558106
3681,0.8908333333333334,0.8907955299875833,0.8681135225375626,0.9090909090909092,0.8907955299875833,0.9215188824809024,0.8881298035866779,0.8760107816711591,3.770517738999725
3682,0.8858333333333334,0.8857844049566804,0.8564273789649416,0.9095744680851064,0.8857844049566804,0.9188342568583572,0.8822012037833191,0.8665540540540541,3.9432109546430874
3683,0.8925,0.8924649790693863,0.8714524207011686,0.9094076655052264,0.8924649790693864,0.9225133764365308,0.8900255754475703,0.8787878787878788,3.712953111674874
3684,0.8916666666666667,0.8916358100994725,0.8731218697829716,0.9064124783362218,0.8916358100994725,0.9214338407262634,0.8894557823129251,0.8795829128826101,3.7417367579996834
3685,0.8925,0.892451090141917,0.8631051752921536,0.9166666666666666,0.892451090141917,0.9240525876460768,0.8890799656061908,0.8733108108108109,3.712949780018915
3686,0.8891666666666667,0.889131636476768,0.8681135225375626,0.9059233449477352,0.889131636476768,0.9199351004093156,0.886615515771526,0.8754208754208754,3.82808369898696
3687,0.8841666666666667,0.8841177336603713,0.8547579298831386,0.9078014184397164,0.8841177336603713,0.9175296741614274,0.8804815133276009,0.8648648648648648,4.00077624829913
3688,0.8825,0.8824566179350498,0.8564273789649416,0.9031690140845071,0.8824566179350498,0.9156315298580576,0.8791773778920308,0.8653846153846154,4.058342874617557
3689,0.8875,0.8874649651804588,0.8664440734557596,0.9041811846689896,0.8874649651804588,0.918645962395708,0.8849104859335039,0.8737373737373738,3.8856489926430022
3690,0.8916666666666667,0.8916330323139786,0.8714524207011686,0.9078260869565218,0.8916330323139787,0.9217225871621784,0.8892674616695061,0.878492090205318,3.741736091668492
3691,0.8941666666666667,0.89412053922372,0.8664440734557596,0.9169611307420494,0.89412053922372,0.9250359354322378,0.8909871244635192,0.8760972316002701,3.655385152694064
3692,0.8933333333333333,0.8932913702538062,0.8681135225375626,0.9138840070298768,0.8932913702538062,0.9239154314503863,0.8904109589041096,0.8768971332209107,3.684168799018873
3693,0.8841666666666667,0.8841260670168528,0.8597662771285476,0.9035087719298246,0.8841260670168528,0.916637524529186,0.8810949529512404,0.8681726230613621,4.000778247292706
3694,0.8933333333333333,0.8932830368973247,0.8631051752921536,0.9182948490230906,0.8932830368973247,0.9248666788242887,0.8898450946643717,0.8736059479553904,3.6841668000252974
3695,0.8916666666666667,0.8916274767429909,0.8681135225375626,0.9106830122591943,0.8916274767429909,0.9223149340650452,0.8888888888888888,0.8763060330299968,3.741734759006108
3696,0.8816666666666667,0.8816357823216175,0.8631051752921536,0.8960138648180243,0.8816357823216177,0.9137261867217557,0.879251700680272,0.8694920955264043,4.087128519935941
3697,0.8941666666666667,0.8941288725802016,0.8714524207011686,0.9125874125874126,0.8941288725802016,0.924103249977624,0.8915456874466268,0.8793800539083559,3.65538715168764
3698,0.895,0.89494693040814,0.8631051752921536,0.9215686274509804,0.89494693040814,0.9265035680382336,0.8913793103448275,0.8741968211024687,3.626600840038064
3699,0.8775,0.8774566040461224,0.8514190317195326,0.897887323943662,0.8774566040461224,0.9117365111649308,0.8740359897172236,0.8603238866396761,4.2310387555856845
3700,0.8933333333333333,0.8932858146828185,0.8647746243739566,0.9168141592920354,0.8932858146828186,0.924544391832996,0.8900343642611684,0.8747044917257683,3.684167466356489
3701,0.8866666666666667,0.8866219072830758,0.8597662771285476,0.908289241622575,0.8866219072830758,0.9190277593755612,0.8833619210977702,0.8690516368545395,3.914429307311853
3702,0.8933333333333333,0.8932885924683124,0.8664440734557596,0.9153439153439152,0.8932885924683124,0.9242273277331708,0.8902229845626072,0.8758015524805941,3.6841681326876814
3703,0.8941666666666667,0.8941177614382262,0.8647746243739566,0.9184397163120568,0.8941177614382263,0.9253571703430068,0.8907996560619089,0.875,3.655384486362872
3704,0.89,0.8899608054466818,0.8664440734557596,0.9089316987740804,0.8899608054466819,0.9210212194482534,0.8871794871794872,0.8746208291203236,3.7993000526621516
3705,0.8841666666666667,0.8841177336603713,0.8547579298831386,0.9078014184397164,0.8841177336603713,0.9175296741614274,0.8804815133276009,0.8648648648648648,4.00077624829913
3706,0.8891666666666667,0.8891288586912741,0.8664440734557596,0.9073426573426572,0.8891288586912742,0.9202266987325418,0.8864218616567037,0.8743261455525607,3.828083032655768
3707,0.8916666666666667,0.8916274767429909,0.8681135225375626,0.9106830122591943,0.8916274767429909,0.9223149340650452,0.8888888888888888,0.8763060330299968,3.741734759006108
3708,0.8858333333333334,0.8857871827421743,0.8580968280467446,0.9081272084805654,0.8857871827421744,0.9185286849303216,0.8824034334763949,0.8676569885212694,3.9432116209742794
3709,0.8875,0.8874677429659527,0.8681135225375626,0.9027777777777778,0.8874677429659528,0.9183623168243368,0.8851063829787235,0.8748317631224766,3.8856496589741947
3710,0.885,0.8849552359867666,0.8580968280467446,0.9065255731922398,0.8849552359867667,0.9177278672861588,0.8816466552315609,0.8673641579480258,3.9719946009678964
3711,0.8908333333333334,0.8907844188456079,0.8614357262103506,0.9148936170212766,0.8907844188456079,0.9227480049491468,0.8873602751504729,0.8716216216216217,3.770515073674959
3712,0.8883333333333333,0.8882885785793849,0.8614357262103506,0.91005291005291,0.8882885785793849,0.9203276514649636,0.8850771869639794,0.8707391157610529,3.8568640136558106
3713,0.8841666666666667,0.8841288448023467,0.8614357262103506,0.902097902097902,0.8841288448023467,0.9163501474874596,0.8812980358667805,0.8692722371967654,4.000778913623898
3714,0.8841666666666667,0.8841232892313591,0.8580968280467446,0.9049295774647887,0.8841232892313591,0.9169298694224332,0.8808911739503,0.8670715249662618,4.000777580961514
3715,0.8908333333333334,0.8907844188456079,0.8614357262103506,0.9148936170212766,0.8907844188456079,0.9227480049491468,0.8873602751504729,0.8716216216216217,3.770515073674959
3716,0.8891666666666667,0.8891205253347926,0.8614357262103506,0.9116607773851589,0.8891205253347927,0.9211315851310882,0.8858369098712446,0.8710330857528696,3.8280810336621927
3717,0.8925,0.892451090141917,0.8631051752921536,0.9166666666666666,0.892451090141917,0.9240525876460768,0.8890799656061908,0.8733108108108109,3.712949780018915
3718,0.8933333333333333,0.8932913702538062,0.8681135225375626,0.9138840070298768,0.8932913702538062,0.9239154314503863,0.8904109589041096,0.8768971332209107,3.684168799018873
3719,0.8925,0.8924483123564232,0.8614357262103506,0.9181494661921707,0.8924483123564233,0.9243759295345941,0.8888888888888888,0.8722109533468562,3.7129491136877233
3720,0.885,0.8849552359867666,0.8580968280467446,0.9065255731922398,0.8849552359867667,0.9177278672861588,0.8816466552315609,0.8673641579480258,3.9719946009678964
3721,0.89,0.8899746943741509,0.8747913188647746,0.9018932874354562,0.8899746943741509,0.9195923031501154,0.8881355932203389,0.8800806180718844,3.799303384318111
3722,0.8925,0.8924538679274109,0.8647746243739566,0.9151943462897526,0.8924538679274109,0.9237344853318544,0.8892703862660943,0.87440918298447,3.7129504463501073
3723,0.89,0.8899552498756941,0.8631051752921536,0.9118165784832452,0.8899552498756941,0.9216275435543662,0.8867924528301886,0.8724265946675666,3.7992987199997668
3724,0.8825,0.8824427290075806,0.8480801335559266,0.9103942652329751,0.8824427290075806,0.9171538660611174,0.8781331028522039,0.8598510494245092,4.058339542961597
3725,0.8883333333333333,0.8882774674374095,0.8547579298831386,0.9159212880143112,0.8882774674374097,0.921589608948725,0.8842832469775476,0.8663282571912013,3.856861348331043
3726,0.8966666666666666,0.8966247128464245,0.8714524207011686,0.9173989455184536,0.8966247128464245,0.9265090164431444,0.8938356164383562,0.8802698145025295,3.5690382117067867
3727,0.8883333333333333,0.8882913563648788,0.8631051752921536,0.9086115992970124,0.8882913563648789,0.9200250539612496,0.8852739726027399,0.8718381112984824,3.856864679987002
3728,0.8841666666666667,0.8841344003733344,0.8647746243739566,0.8993055555555556,0.8841344003733344,0.9157900899647562,0.8817021276595746,0.8714670255720053,4.000780246286281
3729,0.8925,0.8924622012838924,0.8697829716193656,0.9108391608391608,0.8924622012838925,0.9228110662292632,0.8898377455166524,0.8776954177897575,3.7129524453436815
3730,0.8875,0.8874594096094711,0.8631051752921536,0.9070175438596492,0.8874594096094712,0.919228026242568,0.8845166809238666,0.8715441672285906,3.8856476599806182
3731,0.8841666666666667,0.8841149558748774,0.8530884808013356,0.909252669039146,0.8841149558748774,0.9178372415869074,0.880275624461671,0.8637592968221771,4.000775581967939
3732,0.8841666666666667,0.8841205114458651,0.8564273789649416,0.9063604240282686,0.8841205114458651,0.9172272348299384,0.8806866952789699,0.8659689399054694,4.000776914630322
3733,0.8908333333333334,0.8907955299875833,0.8681135225375626,0.9090909090909092,0.8907955299875833,0.9215188824809024,0.8881298035866779,0.8760107816711591,3.770517738999725
3734,0.8875,0.887462187394965,0.8647746243739566,0.9055944055944056,0.887462187394965,0.9189345149841812,0.8847139197267293,0.8726415094339622,3.885648326311812
3735,0.8916666666666667,0.8916135878155217,0.8597662771285476,0.9180035650623886,0.8916135878155217,0.9238849210954679,0.8879310344827586,0.8708150152181265,3.741731427350148
3736,0.885,0.8849552359867666,0.8580968280467446,0.9065255731922398,0.8849552359867667,0.9177278672861588,0.8816466552315609,0.8673641579480258,3.9719946009678964
3737,0.8891666666666667,0.8891205253347926,0.8614357262103506,0.9116607773851589,0.8891205253347927,0.9211315851310882,0.8858369098712446,0.8710330857528696,3.8280810336621927
3738,0.885,0.884966347128742,0.8647746243739566,0.9008695652173913,0.884966347128742,0.916572094795674,0.8824531516183987,0.871760350050488,3.971997266292664
3739,0.8858333333333334,0.8857871827421743,0.8580968280467446,0.9081272084805654,0.8857871827421744,0.9185286849303216,0.8824034334763949,0.8676569885212694,3.9432116209742794
3740,0.895,0.8949580415501154,0.8697829716193656,0.9156414762741651,0.8949580415501155,0.9252122239467656,0.892123287671233,0.8785834738617201,3.6266035053628314
3741,0.89,0.8899663610176695,0.8697829716193656,0.9060869565217392,0.8899663610176695,0.9204349640705524,0.8875638841567292,0.8768091551666106,3.799301385324535
3742,0.8891666666666667,0.8891233031202864,0.8631051752921536,0.9102112676056338,0.8891233031202864,0.9208248881155604,0.8860325621251072,0.8721322537112012,3.8280816999933838
3743,0.8891666666666667,0.889131636476768,0.8681135225375626,0.9059233449477352,0.889131636476768,0.9199351004093156,0.886615515771526,0.8754208754208754,3.82808369898696
3744,0.8875,0.8874594096094711,0.8631051752921536,0.9070175438596492,0.8874594096094712,0.919228026242568,0.8845166809238666,0.8715441672285906,3.8856476599806182
3745,0.8866666666666667,0.8866246850685696,0.8614357262103506,0.906854130052724,0.8866246850685696,0.9187282614648709,0.8835616438356164,0.8701517706576729,3.914429973643045
3746,0.8866666666666667,0.8866385739960388,0.8697829716193656,0.8998272884283247,0.8866385739960388,0.9173051300238452,0.8845500848896435,0.8756302521008404,3.9144333052990037
3747,0.8841666666666667,0.8841177336603713,0.8547579298831386,0.9078014184397164,0.8841177336603713,0.9175296741614274,0.8804815133276009,0.8648648648648648,4.00077624829913
3748,0.8916666666666667,0.8916274767429909,0.8681135225375626,0.9106830122591943,0.8916274767429909,0.9223149340650452,0.8888888888888888,0.8763060330299968,3.741734759006108
3749,0.8816666666666667,0.8816218933941483,0.8547579298831386,0.9029982363315696,0.8816218933941483,0.915128083107354,0.8782161234991424,0.8639892001349982,4.087125188279982
3750,0.8891666666666667,0.8891288586912741,0.8664440734557596,0.9073426573426572,0.8891288586912742,0.9202266987325418,0.8864218616567037,0.8743261455525607,3.828083032655768
3751,0.8858333333333334,0.8857844049566804,0.8564273789649416,0.9095744680851064,0.8857844049566804,0.9188342568583572,0.8822012037833191,0.8665540540540541,3.9432109546430874
3752,0.8891666666666667,0.8891205253347926,0.8614357262103506,0.9116607773851589,0.8891205253347927,0.9211315851310882,0.8858369098712446,0.8710330857528696,3.8280810336621927
3753,0.89,0.8899691388031633,0.8714524207011686,0.9046793760831888,0.8899691388031634,0.9201492317255121,0.8877551020408163,0.8779011099899092,3.7993020516557263
3754,0.8858333333333334,0.8857844049566804,0.8564273789649416,0.9095744680851064,0.8857844049566804,0.9188342568583572,0.8822012037833191,0.8665540540540541,3.9432109546430874
3755,0.8891666666666667,0.8891233031202864,0.8631051752921536,0.9102112676056338,0.8891233031202864,0.9208248881155604,0.8860325621251072,0.8721322537112012,3.8280816999933838
3756,0.8875,0.887462187394965,0.8647746243739566,0.9055944055944056,0.887462187394965,0.9189345149841812,0.8847139197267293,0.8726415094339622,3.885648326311812
3757,0.8908333333333334,0.8907899744165956,0.8647746243739566,0.9119718309859156,0.8907899744165956,0.9221232276799358,0.8877463581833761,0.8738191632928475,3.7705164063373418
3758,0.8808333333333334,0.8807927244242345,0.8564273789649416,0.9,0.8807927244242345,0.9140470228158042,0.8776732249786142,0.8648010788941335,4.115908834604792
3759,0.895,0.8949413748371523,0.8597662771285476,0.9245960502692998,0.8949413748371524,0.9271811636989236,0.8910034602076126,0.8719945817812396,3.6265995073756785
3760,0.8791666666666667,0.8791232753424315,0.8530884808013356,0.8996478873239436,0.8791232753424316,0.9130348507293062,0.8757497857754928,0.8620107962213225,4.173473461929642
3761,0.8933333333333333,0.8933108147522633,0.8797996661101837,0.9039451114922812,0.8933108147522631,0.9218723888012323,0.8917089678510998,0.8845250083920778,3.6841734633372147
3762,0.8908333333333334,0.8907955299875833,0.8681135225375626,0.9090909090909092,0.8907955299875833,0.9215188824809024,0.8881298035866779,0.8760107816711591,3.770517738999725
3763,0.8933333333333333,0.8932913702538062,0.8681135225375626,0.9138840070298768,0.8932913702538062,0.9239154314503863,0.8904109589041096,0.8768971332209107,3.684168799018873
3764,0.8925,0.8924538679274109,0.8647746243739566,0.9151943462897526,0.8924538679274109,0.9237344853318544,0.8892703862660943,0.87440918298447,3.7129504463501073
3765,0.8891666666666667,0.8891344142622618,0.8697829716193656,0.9045138888888888,0.8891344142622618,0.9196484302541272,0.8868085106382977,0.8765141318977121,3.828084365318152
3766,0.885,0.884966347128742,0.8647746243739566,0.9008695652173913,0.884966347128742,0.916572094795674,0.8824531516183987,0.871760350050488,3.971997266292664
3767,0.895,0.8949608193356092,0.8714524207011686,0.914185639229422,0.8949608193356092,0.9249023632986288,0.8923076923076921,0.8796764408493427,3.6266041716940234
3768,0.89,0.8899608054466818,0.8664440734557596,0.9089316987740804,0.8899608054466819,0.9210212194482534,0.8871794871794872,0.8746208291203236,3.7993000526621503
3769,0.885,0.8849552359867666,0.8580968280467446,0.9065255731922398,0.8849552359867667,0.9177278672861588,0.8816466552315609,0.8673641579480258,3.9719946009678964
3770,0.8833333333333333,0.8832968980469391,0.8614357262103506,0.900523560209424,0.8832968980469391,0.9155629765432206,0.8805460750853241,0.8689794543617381,4.0295618936175135
3771,0.8916666666666667,0.8916330323139786,0.8714524207011686,0.9078260869565218,0.8916330323139787,0.9217225871621784,0.8892674616695061,0.878492090205318,3.741736091668492
3772,0.8925,0.892451090141917,0.8631051752921536,0.9166666666666666,0.892451090141917,0.9240525876460768,0.8890799656061908,0.8733108108108109,3.7129497800189135
3773,0.8833333333333333,0.8832968980469391,0.8614357262103506,0.900523560209424,0.8832968980469391,0.9155629765432206,0.8805460750853241,0.8689794543617381,4.029561893617515
3774,0.8858333333333334,0.8857705160292112,0.8480801335559266,0.9169675090252708,0.8857705160292112,0.9204404879572654,0.8811795316565483,0.8610169491525426,3.9432076229871273
3775,0.8866666666666667,0.8866246850685696,0.8614357262103506,0.906854130052724,0.8866246850685696,0.9187282614648709,0.8835616438356164,0.8701517706576729,3.914429973643044
3776,0.8875,0.8874510762529896,0.8580968280467446,0.9113475177304964,0.8874510762529897,0.9201388395552872,0.8839208942390371,0.8682432432432433,3.885645660987044
3777,0.8858333333333334,0.8858010716696435,0.8664440734557596,0.9010416666666666,0.8858010716696435,0.9170762033945464,0.8834042553191489,0.8731493943472408,3.9432149526302367
3778,0.8858333333333334,0.8857899605276681,0.8597662771285476,0.9066901408450704,0.8857899605276681,0.9182282089868091,0.8826049700085691,0.8687584345479082,3.94321228730547
3779,0.8858333333333334,0.8857927383131621,0.8614357262103506,0.9052631578947368,0.8857927383131621,0.9179327753858773,0.8828058169375534,0.8698583951449764,3.9432129536366625
3780,0.8866666666666667,0.8866107961411004,0.8530884808013356,0.9141323792486584,0.8866107961411004,0.9202770966916636,0.8825561312607945,0.8646362098138748,3.9144266419870846
3781,0.8916666666666667,0.8916330323139786,0.8714524207011686,0.9078260869565218,0.8916330323139787,0.9217225871621784,0.8892674616695061,0.878492090205318,3.7417360916684914
3782,0.8875,0.8874510762529896,0.8580968280467446,0.9113475177304964,0.8874510762529897,0.9201388395552872,0.8839208942390371,0.8682432432432433,3.885645660987045
3783,0.8966666666666666,0.8966247128464245,0.8714524207011686,0.9173989455184536,0.8966247128464245,0.9265090164431444,0.8938356164383562,0.8802698145025295,3.5690382117067867
3784,0.8833333333333333,0.8832885646904575,0.8564273789649416,0.9047619047619048,0.8832885646904575,0.9164279751967566,0.8799313893653516,0.8656766790415119,4.029559894623938
3785,0.8858333333333334,0.8857927383131621,0.8614357262103506,0.9052631578947368,0.8857927383131621,0.9179327753858773,0.8828058169375534,0.8698583951449764,3.9432129536366625
3786,0.8858333333333334,0.8857899605276681,0.8597662771285476,0.9066901408450704,0.8857899605276681,0.9182282089868091,0.8826049700085691,0.8687584345479082,3.94321228730547
3787,0.8841666666666667,0.8841149558748774,0.8530884808013356,0.909252669039146,0.8841149558748774,0.9178372415869074,0.880275624461671,0.8637592968221771,4.000775581967939
3788,0.8858333333333334,0.8858038494551373,0.8681135225375626,0.8996539792387543,0.8858038494551375,0.9168004175548252,0.8836023789294817,0.8742434431741762,3.943215618961429
3789,0.8933333333333333,0.8932997036102878,0.8731218697829716,0.9095652173913044,0.8932997036102878,0.9230102102538046,0.8909710391822827,0.8801750252440255,3.684170798012448
3790,0.8883333333333333,0.8882941341503726,0.8647746243739566,0.9071803852889668,0.8882941341503726,0.9197275048314616,0.8854700854700855,0.8729356252106506,3.8568653463181937
3791,0.8916666666666667,0.8916274767429909,0.8681135225375626,0.9106830122591943,0.8916274767429909,0.9223149340650452,0.8888888888888888,0.8763060330299968,3.741734759006108
3792,0.8866666666666667,0.8866274628540635,0.8631051752921536,0.9054290718038528,0.8866274628540636,0.91843379021467,0.8837606837606837,0.8712504213009776,3.914430639974237
3793,0.8841666666666667,0.8841177336603713,0.8547579298831386,0.9078014184397164,0.8841177336603713,0.9175296741614274,0.8804815133276009,0.8648648648648648,4.00077624829913
3794,0.885,0.8849580137722605,0.8597662771285476,0.905096660808436,0.8849580137722605,0.9174314689684916,0.8818493150684931,0.8684654300168635,3.9719952672990875
3795,0.8816666666666667,0.8816191156086545,0.8530884808013356,0.904424778761062,0.8816191156086546,0.9154232964478656,0.8780068728522336,0.8628841607565012,4.08712452194879
3796,0.8866666666666667,0.886635796210545,0.8681135225375626,0.901213171577123,0.8866357962105451,0.9175800137240095,0.8843537414965985,0.874537504204507,3.914432638967812
3797,0.8866666666666667,0.8866246850685696,0.8614357262103506,0.906854130052724,0.8866246850685696,0.9187282614648709,0.8835616438356164,0.8701517706576729,3.914429973643045
3798,0.885,0.8849552359867666,0.8580968280467446,0.9065255731922398,0.8849552359867667,0.9177278672861588,0.8816466552315609,0.8673641579480258,3.9719946009678964
3799,0.8858333333333334,0.8857927383131621,0.8614357262103506,0.9052631578947368,0.8857927383131621,0.9179327753858773,0.8828058169375534,0.8698583951449764,3.9432129536366625
3800,0.8825,0.8824732846480129,0.8664440734557596,0.8948275862068965,0.8824732846480129,0.9139691631646616,0.8804071246819338,0.8719758064516128,4.058346872604707
3801,0.8875,0.8874538540384834,0.8597662771285476,0.9098939929328622,0.8874538540384834,0.9198301350307048,0.8841201716738198,0.8693450371370697,3.8856463273182364
3802,0.8841666666666667,0.8841260670168528,0.8597662771285476,0.9035087719298246,0.8841260670168528,0.916637524529186,0.8810949529512404,0.8681726230613621,4.000778247292706
3803,0.8925,0.8924622012838924,0.8697829716193656,0.9108391608391608,0.8924622012838925,0.9228110662292632,0.8898377455166524,0.8776954177897575,3.7129524453436815
3804,0.8891666666666667,0.8891233031202864,0.8631051752921536,0.9102112676056338,0.8891233031202864,0.9208248881155604,0.8860325621251072,0.8721322537112012,3.8280816999933838
3805,0.8933333333333333,0.8932691479698555,0.8547579298831386,0.9258589511754068,0.8932691479698557,0.9265584405292726,0.8888888888888888,0.8680908782638184,3.6841634683693374
3806,0.8933333333333333,0.8932941480393001,0.8697829716193656,0.9124343257443084,0.8932941480393002,0.9236086486818368,0.8905982905982905,0.8779912369396697,3.684169465350065
3807,0.895,0.8949552637646215,0.8681135225375626,0.9171075837742504,0.8949552637646215,0.9255272198225732,0.8919382504288164,0.8774890313871075,3.6266028390316385
3808,0.8941666666666667,0.8941122058672385,0.8614357262103506,0.9214285714285714,0.8941122058672386,0.9260154821527944,0.8904227782571182,0.8728010825439784,3.6553831537004884
3809,0.8933333333333333,0.8932858146828185,0.8647746243739566,0.9168141592920354,0.8932858146828186,0.924544391832996,0.8900343642611684,0.8747044917257683,3.6841674663564903
3810,0.8908333333333334,0.8907899744165956,0.8647746243739566,0.9119718309859156,0.8907899744165956,0.9221232276799358,0.8877463581833761,0.8738191632928475,3.770516406337341
3811,0.8925,0.8924649790693863,0.8714524207011686,0.9094076655052264,0.8924649790693864,0.9225133764365308,0.8900255754475703,0.8787878787878788,3.712953111674874
3812,0.8833333333333333,0.8832830091194698,0.8530884808013356,0.9076376554174068,0.8832830091194698,0.9170297347760378,0.8795180722891566,0.8634673876309563,4.029558561961555
3813,0.8933333333333333,0.8932941480393001,0.8697829716193656,0.9124343257443084,0.8932941480393002,0.9236086486818368,0.8905982905982905,0.8779912369396697,3.684169465350065
3814,0.8883333333333333,0.8882802452229034,0.8564273789649416,0.9144385026737968,0.8882802452229034,0.9212662741527026,0.8844827586206896,0.8674332093337843,3.856862014662235
3815,0.8908333333333334,0.8907955299875833,0.8681135225375626,0.9090909090909092,0.8907955299875833,0.9215188824809024,0.8881298035866779,0.8760107816711591,3.7705177389997258
3816,0.8941666666666667,0.8941177614382262,0.8647746243739566,0.9184397163120568,0.8941177614382263,0.9253571703430068,0.8907996560619089,0.875,3.655384486362872
3817,0.89,0.8899552498756941,0.8631051752921536,0.9118165784832452,0.8899552498756941,0.9216275435543662,0.8867924528301886,0.8724265946675666,3.799298719999767
3818,0.8775,0.8774677151880977,0.8580968280467446,0.8923611111111112,0.8774677151880979,0.9106456362455944,0.8748936170212765,0.8647375504710632,4.2310414209104525
3819,0.9016666666666666,0.9016025044514012,0.8631051752921536,0.9349005424954792,0.9016025044514012,0.9331695255604828,0.8975694444444444,0.8765683282468633,3.3963370000891238
3820,0.8916666666666667,0.8916274767429909,0.8681135225375626,0.9106830122591943,0.8916274767429909,0.9223149340650452,0.8888888888888888,0.8763060330299968,3.741734759006108
3821,0.8875,0.8874732985369403,0.8714524207011686,0.9,0.8874732985369403,0.9178095436839177,0.8854961832061068,0.8770161290322581,3.8856509916365782
3822,0.89,0.8899746943741509,0.8747913188647746,0.9018932874354562,0.8899746943741509,0.9195923031501154,0.8881355932203389,0.8800806180718844,3.79930338431811
3823,0.8833333333333333,0.8832857869049636,0.8547579298831386,0.9061946902654868,0.8832857869049636,0.9167263100743126,0.8797250859106529,0.8645727794663965,4.029559228292747
3824,0.8808333333333334,0.8807899466387407,0.8547579298831386,0.9014084507042254,0.8807899466387407,0.9143331902936821,0.8774635818337618,0.8636977058029692,4.1159081682736005
3825,0.8883333333333333,0.8882941341503726,0.8647746243739566,0.9071803852889668,0.8882941341503726,0.9197275048314616,0.8854700854700855,0.8729356252106506,3.8568653463181937
3826,0.8933333333333333,0.8932885924683124,0.8664440734557596,0.9153439153439152,0.8932885924683124,0.9242273277331708,0.8902229845626072,0.8758015524805941,3.6841681326876814
3827,0.8916666666666667,0.8916302545284848,0.8697829716193656,0.9092495636998256,0.8916302545284848,0.9220162676595955,0.8890784982935153,0.8773997979117548,3.7417354253373
3828,0.8916666666666667,0.8916302545284848,0.8697829716193656,0.9092495636998256,0.8916302545284848,0.9220162676595955,0.8890784982935153,0.8773997979117548,3.741735425337299
3829,0.8891666666666667,0.8891260809057803,0.8647746243739566,0.9087719298245616,0.8891260809057803,0.9205232770992592,0.8862275449101797,0.873229939312205,3.828082366324576
3830,0.8908333333333334,0.8907899744165956,0.8647746243739566,0.9119718309859156,0.8907899744165956,0.9221232276799358,0.8877463581833761,0.8738191632928475,3.770516406337341
3831,0.8875,0.8874594096094711,0.8631051752921536,0.9070175438596492,0.8874594096094712,0.919228026242568,0.8845166809238666,0.8715441672285906,3.8856476599806182
3832,0.89,0.8899663610176695,0.8697829716193656,0.9060869565217392,0.8899663610176695,0.9204349640705524,0.8875638841567292,0.8768091551666106,3.799301385324535
3833,0.8858333333333334,0.8857871827421743,0.8580968280467446,0.9081272084805654,0.8857871827421744,0.9185286849303216,0.8824034334763949,0.8676569885212694,3.9432116209742794
3834,0.8916666666666667,0.8916246989574971,0.8664440734557596,0.9121265377855888,0.8916246989574972,0.9226186389540076,0.8886986301369862,0.8752107925801013,3.741734092674916
3835,0.8983333333333333,0.8982913841427337,0.8731218697829716,0.9191564147627416,0.8982913841427337,0.9278058089395232,0.8955479452054794,0.881956155143339,3.511472918050744
3836,0.8975,0.8974594373873259,0.8731218697829716,0.9175438596491228,0.8974594373873261,0.9269995313827138,0.894781864841745,0.8816587997302765,3.5402558980443617
3837,0.89,0.8899580276611879,0.8647746243739566,0.9103690685413004,0.8899580276611879,0.9213218464576284,0.8869863013698629,0.8735244519392918,3.799299386330959
3838,0.8883333333333333,0.8882858007938911,0.8597662771285476,0.9115044247787609,0.8882858007938911,0.9206353509536542,0.8848797250859107,0.8696386355960823,3.8568633473246186
3839,0.89,0.8899635832321756,0.8681135225375626,0.9075043630017452,0.8899635832321756,0.9207256094363204,0.8873720136518772,0.8757157292017514,3.799300718993342
3840,0.8841666666666667,0.8841260670168528,0.8597662771285476,0.9035087719298246,0.8841260670168528,0.916637524529186,0.8810949529512404,0.8681726230613621,4.000778247292705
3841,0.8883333333333333,0.8882913563648788,0.8631051752921536,0.9086115992970124,0.8882913563648789,0.9200250539612496,0.8852739726027399,0.8718381112984824,3.856864679987002
3842,0.895,0.8949524859791277,0.8664440734557596,0.9185840707964602,0.8949524859791277,0.9258474054594432,0.8917525773195877,0.8763931104356636,3.626602172700446
3843,0.8958333333333334,0.8957983216620046,0.8747913188647746,0.9128919860627178,0.8957983216620046,0.925091652463746,0.8934356351236146,0.8821548821548821,3.597822524362788
3844,0.8891666666666667,0.8891260809057803,0.8647746243739566,0.9087719298245616,0.8891260809057803,0.9205232770992592,0.8862275449101797,0.873229939312205,3.828082366324576
3845,0.8866666666666667,0.8866219072830758,0.8597662771285476,0.908289241622575,0.8866219072830758,0.9190277593755612,0.8833619210977702,0.8690516368545395,3.914429307311853
3846,0.8883333333333333,0.8883024675068542,0.8697829716193656,0.9029462738301559,0.8883024675068542,0.9188646227247608,0.8860544217687075,0.8762193070972082,3.856867345311769
3847,0.8975,0.8974538818163383,0.8697829716193656,0.9204946996466432,0.8974538818163383,0.9276388356330044,0.894420600858369,0.8794733288318703,3.540254565381978
3848,0.8891666666666667,0.8891344142622618,0.8697829716193656,0.9045138888888888,0.8891344142622618,0.9196484302541272,0.8868085106382977,0.8765141318977121,3.828084365318152
3849,0.895,0.8949552637646215,0.8681135225375626,0.9171075837742504,0.8949552637646215,0.9255272198225732,0.8919382504288164,0.8774890313871075,3.6266028390316385
3850,0.8858333333333334,0.8857816271711866,0.8547579298831386,0.9110320284697508,0.8857816271711866,0.9191449791764448,0.8819982773471147,0.8654496281271128,3.9432102883118954
3851,0.8841666666666667,0.8841149558748774,0.8530884808013356,0.909252669039146,0.8841149558748774,0.9178372415869074,0.880275624461671,0.8637592968221771,4.000775581967939
3852,0.8883333333333333,0.8883080230778418,0.8731218697829716,0.9001721170395869,0.888308023077842,0.918313660077946,0.8864406779661016,0.878401074907625,3.8568686779741532
3853,0.8958333333333334,0.8957872105200292,0.8681135225375626,0.9187279151943464,0.8957872105200293,0.9263373855326212,0.8927038626609441,0.8777852802160703,3.5978198590380215
3854,0.8833333333333333,0.8833052314034205,0.8664440734557596,0.8963730569948186,0.8833052314034205,0.9147418985586224,0.8811544991511034,0.8722689075630252,4.02956389261109
3855,0.8841666666666667,0.8841205114458651,0.8564273789649416,0.9063604240282686,0.8841205114458651,0.9172272348299384,0.8806866952789699,0.8659689399054694,4.000776914630322
3856,0.8858333333333334,0.8857844049566804,0.8564273789649416,0.9095744680851064,0.8857844049566804,0.9188342568583572,0.8822012037833191,0.8665540540540541,3.9432109546430874
3857,0.9,0.8999608332245368,0.8764607679465777,0.9194395796847636,0.8999608332245368,0.928783507149004,0.8974358974358975,0.8847320525783621,3.453908290725893
3858,0.8908333333333334,0.8907955299875833,0.8681135225375626,0.9090909090909092,0.8907955299875833,0.9215188824809024,0.8881298035866779,0.8760107816711591,3.770517738999725
3859,0.8883333333333333,0.8882969119358665,0.8664440734557596,0.9057591623036648,0.8882969119358666,0.9194349512130456,0.8856655290102388,0.8740316604917482,3.8568660126493857
3860,0.8941666666666667,0.8941233170092139,0.8681135225375626,0.9154929577464788,0.8941233170092139,0.9247199068086874,0.8911739502999143,0.8771929824561403,3.655385819025255
3861,0.8858333333333334,0.8857927383131621,0.8614357262103506,0.9052631578947368,0.8857927383131621,0.9179327753858773,0.8828058169375534,0.8698583951449764,3.9432129536366625
3862,0.8841666666666667,0.8841316225878405,0.8631051752921536,0.9006968641114983,0.8841316225878406,0.9160676863684928,0.8815004262574594,0.8703703703703706,4.000779579955089
3863,0.8983333333333333,0.8982969397137215,0.8764607679465777,0.9162303664921466,0.8982969397137215,0.9271789005526956,0.8959044368600683,0.8841360727517684,3.511474250713128
3864,0.8991666666666667,0.8991233308981413,0.8731218697829716,0.9207746478873241,0.8991233308981413,0.9286149255018143,0.8963153384747214,0.8822537112010795,3.4826899380571272
3865,0.8841666666666667,0.8841205114458651,0.8564273789649416,0.9063604240282686,0.8841205114458651,0.9172272348299384,0.8806866952789699,0.8659689399054694,4.000776914630322
3866,0.8866666666666667,0.8866246850685696,0.8614357262103506,0.906854130052724,0.8866246850685696,0.9187282614648709,0.8835616438356164,0.8701517706576729,3.914429973643045
3867,0.8941666666666667,0.8941233170092139,0.8681135225375626,0.9154929577464788,0.8941233170092139,0.9247199068086874,0.8911739502999143,0.8771929824561403,3.655385819025256
3868,0.8908333333333334,0.8908038633440648,0.8731218697829716,0.9048442906574394,0.8908038633440648,0.9206497468868722,0.8887000849617672,0.8792871553463348,3.770519737993301
3869,0.89,0.8899663610176695,0.8697829716193656,0.9060869565217392,0.8899663610176695,0.9204349640705524,0.8875638841567292,0.8768091551666106,3.799301385324535
3870,0.8916666666666667,0.8916135878155217,0.8597662771285476,0.9180035650623886,0.8916135878155217,0.9238849210954679,0.8879310344827586,0.8708150152181265,3.741731427350149
3871,0.8841666666666667,0.8841316225878405,0.8631051752921536,0.9006968641114983,0.8841316225878406,0.9160676863684928,0.8815004262574594,0.8703703703703706,4.000779579955089
3872,0.895,0.8949580415501154,0.8697829716193656,0.9156414762741651,0.8949580415501155,0.9252122239467656,0.892123287671233,0.8785834738617201,3.6266035053628314
3873,0.89,0.8899524720902002,0.8614357262103506,0.913274336283186,0.8899524720902003,0.9219383645801016,0.88659793814433,0.8713272543059776,3.799298053668575
3874,0.8891666666666667,0.8891344142622618,0.8697829716193656,0.9045138888888888,0.8891344142622618,0.9196484302541272,0.8868085106382977,0.8765141318977121,3.828084365318152
3875,0.8833333333333333,0.8832996758324329,0.8631051752921536,0.8991304347826087,0.883299675832433,0.9152844717040478,0.8807495741056218,0.8700774150117806,4.029562559948706
3876,0.8916666666666667,0.8916246989574971,0.8664440734557596,0.9121265377855888,0.8916246989574972,0.9226186389540076,0.8886986301369862,0.8752107925801013,3.741734092674916
3877,0.8891666666666667,0.8891205253347926,0.8614357262103506,0.9116607773851589,0.8891205253347927,0.9211315851310882,0.8858369098712446,0.8710330857528696,3.8280810336621927
3878,0.8883333333333333,0.8882885785793849,0.8614357262103506,0.91005291005291,0.8882885785793849,0.9203276514649636,0.8850771869639794,0.8707391157610529,3.8568640136558106
3879,0.8925,0.8924677568548801,0.8731218697829716,0.9079861111111112,0.8924677568548801,0.9222206571137079,0.8902127659574468,0.8798788694481829,3.712953778006067
3880,0.89,0.8899691388031633,0.8714524207011686,0.9046793760831888,0.8899691388031634,0.9201492317255121,0.8877551020408163,0.8779011099899092,3.7993020516557263
3881,0.8908333333333334,0.890781641060114,0.8597662771285476,0.9163701067615658,0.890781641060114,0.9230681919450568,0.8871662360034454,0.8705206220419202,3.770514407343766
3882,0.8875,0.887462187394965,0.8647746243739566,0.9055944055944056,0.887462187394965,0.9189345149841812,0.8847139197267293,0.8726415094339622,3.885648326311812
3883,0.8925,0.8924622012838924,0.8697829716193656,0.9108391608391608,0.8924622012838925,0.9228110662292632,0.8898377455166524,0.8776954177897575,3.7129524453436815
3884,0.8933333333333333,0.8932941480393001,0.8697829716193656,0.9124343257443084,0.8932941480393002,0.9236086486818368,0.8905982905982905,0.8779912369396697,3.6841694653500654
3885,0.8866666666666667,0.8866330184250512,0.8664440734557596,0.902608695652174,0.8866330184250512,0.9178597178873001,0.8841567291311754,0.8734432850891956,3.914431972636621
3886,0.885,0.8849691249142358,0.8664440734557596,0.8994800693240901,0.8849691249142358,0.9162954047232582,0.8826530612244897,0.8728557013118063,3.971997932623855
3887,0.8916666666666667,0.8916219211720032,0.8647746243739566,0.9135802469135802,0.8916219211720032,0.9229274356437684,0.8885077186963979,0.8741140735740803,3.741733426343724
3888,0.8966666666666666,0.8966330462029062,0.8764607679465777,0.9130434782608696,0.8966330462029061,0.9255854564370569,0.8943781942078364,0.8835408953214406,3.5690402107003623
3889,0.895,0.8949580415501154,0.8697829716193656,0.9156414762741651,0.8949580415501155,0.9252122239467656,0.892123287671233,0.8785834738617201,3.6266035053628314
3890,0.8908333333333334,0.8907844188456079,0.8614357262103506,0.9148936170212766,0.8907844188456079,0.9227480049491468,0.8873602751504729,0.8716216216216217,3.7705150736749578
3891,0.8941666666666667,0.8941260947947077,0.8697829716193656,0.9140350877192982,0.8941260947947078,0.924409029669332,0.8913601368691187,0.878287255563048,3.655386485356447
3892,0.8916666666666667,0.8916246989574971,0.8664440734557596,0.9121265377855888,0.8916246989574972,0.9226186389540076,0.8886986301369862,0.8752107925801013,3.741734092674916
3893,0.8875,0.8874594096094711,0.8631051752921536,0.9070175438596492,0.8874594096094712,0.919228026242568,0.8845166809238666,0.8715441672285906,3.8856476599806182
3894,0.8866666666666667,0.8866330184250512,0.8664440734557596,0.902608695652174,0.8866330184250512,0.9178597178873001,0.8841567291311754,0.8734432850891956,3.914431972636621
3895,0.8941666666666667,0.8941316503656954,0.8731218697829716,0.911149825783972,0.8941316503656954,0.9238025144501384,0.8917306052855924,0.8804713804713805,3.6553878180188324
3896,0.8816666666666667,0.8816218933941483,0.8547579298831386,0.9029982363315696,0.8816218933941483,0.915128083107354,0.8782161234991424,0.8639892001349982,4.087125188279982
3897,0.8966666666666666,0.8966108239189553,0.8631051752921536,0.924865831842576,0.8966108239189554,0.9281521702340314,0.8929188255613126,0.8747884940778342,3.569034880050828
3898,0.8858333333333334,0.8857955160986558,0.8631051752921536,0.903846153846154,0.8857955160986559,0.9176423312358204,0.8830059777967549,0.8709568733153639,3.9432136199678536
3899,0.885,0.8849524582012728,0.8564273789649416,0.9079646017699116,0.8849524582012728,0.9180293237007598,0.8814432989690719,0.8662613981762919,3.971993934636704
3900,0.8825,0.8824621735060375,0.8597662771285476,0.9003496503496503,0.8824621735060375,0.9150579637390991,0.8795900939368062,0.8675876010781671,4.05834420727994
3901,0.8933333333333333,0.8932913702538062,0.8681135225375626,0.9138840070298768,0.8932913702538062,0.9239154314503863,0.8904109589041096,0.8768971332209107,3.684168799018873
3902,0.8925,0.892451090141917,0.8631051752921536,0.9166666666666666,0.892451090141917,0.9240525876460768,0.8890799656061908,0.8733108108108109,3.712949780018915
3903,0.8925,0.8924566457129047,0.8664440734557596,0.9137323943661972,0.8924566457129047,0.9234215672443116,0.8894601542416453,0.875506072874494,3.7129511126812975
3904,0.89,0.8899580276611879,0.8647746243739566,0.9103690685413004,0.8899580276611879,0.9213218464576284,0.8869863013698629,0.8735244519392918,3.7992993863309583
3905,0.9,0.8999469442970675,0.8681135225375626,0.926916221033868,0.8999469442970676,0.930431538452382,0.8965517241379309,0.8792695299289822,3.4539049590699338
3906,0.8875,0.8874677429659527,0.8681135225375626,0.9027777777777778,0.8874677429659528,0.9183623168243368,0.8851063829787235,0.8748317631224766,3.8856496589741947
3907,0.8883333333333333,0.8882885785793849,0.8614357262103506,0.91005291005291,0.8882885785793849,0.9203276514649636,0.8850771869639794,0.8707391157610529,3.8568640136558106
3908,0.8825,0.8824621735060375,0.8597662771285476,0.9003496503496503,0.8824621735060375,0.9150579637390991,0.8795900939368062,0.8675876010781671,4.058344207279942
3909,0.8883333333333333,0.8882941341503726,0.8647746243739566,0.9071803852889668,0.8882941341503726,0.9197275048314616,0.8854700854700855,0.8729356252106506,3.8568653463181937
3910,0.8916666666666667,0.8916163656010155,0.8614357262103506,0.9165186500888101,0.8916163656010156,0.9235605214829136,0.8881239242685026,0.8719161879013181,3.7417320936813407
3911,0.8958333333333334,0.8957983216620046,0.8747913188647746,0.9128919860627178,0.8957983216620046,0.925091652463746,0.8934356351236146,0.8821548821548821,3.597822524362788
3912,0.8891666666666667,0.8891260809057803,0.8647746243739566,0.9087719298245616,0.8891260809057803,0.9205232770992592,0.8862275449101797,0.873229939312205,3.828082366324576
3913,0.8816666666666667,0.8816357823216175,0.8631051752921536,0.8960138648180243,0.8816357823216177,0.9137261867217557,0.879251700680272,0.8694920955264043,4.087128519935941
3914,0.8825,0.8824510623640621,0.8530884808013356,0.9060283687943262,0.8824510623640622,0.9162250914644976,0.8787618228718829,0.8631756756756758,4.058341541955174
3915,0.895,0.8949663749065969,0.8747913188647746,0.9113043478260868,0.894966374906597,0.9242978333454308,0.8926746166950595,0.8818579602827331,3.6266055043564065
3916,0.8891666666666667,0.889131636476768,0.8681135225375626,0.9059233449477352,0.889131636476768,0.9199351004093156,0.886615515771526,0.8754208754208754,3.82808369898696
3917,0.8958333333333334,0.8957983216620046,0.8747913188647746,0.9128919860627178,0.8957983216620046,0.925091652463746,0.8934356351236146,0.8821548821548821,3.597822524362788
3918,0.8958333333333334,0.8957927660910169,0.8714524207011686,0.9157894736842104,0.8957927660910169,0.9257042805260228,0.893071000855432,0.8799730276466621,3.5978211917004046
3919,0.895,0.8949580415501154,0.8697829716193656,0.9156414762741651,0.8949580415501155,0.9252122239467656,0.892123287671233,0.8785834738617201,3.6266035053628314
3920,0.8883333333333333,0.8882858007938911,0.8597662771285476,0.9115044247787609,0.8882858007938911,0.9206353509536542,0.8848797250859107,0.8696386355960823,3.8568633473246186
3921,0.8858333333333334,0.8857982938841497,0.8647746243739566,0.902439024390244,0.8857982938841497,0.9173568243821002,0.8832054560954816,0.8720538720538722,3.9432142862990474
3922,0.8883333333333333,0.8882913563648788,0.8631051752921536,0.9086115992970124,0.8882913563648789,0.9200250539612496,0.8852739726027399,0.8718381112984824,3.856864679987002
3923,0.8875,0.8874566318239773,0.8614357262103506,0.908450704225352,0.8874566318239773,0.9195265485511848,0.884318766066838,0.8704453441295548,3.8856469936494267
3924,0.8925,0.8924483123564232,0.8614357262103506,0.9181494661921707,0.8924483123564233,0.9243759295345941,0.8888888888888888,0.8722109533468562,3.7129491136877233
3925,0.8933333333333333,0.8932858146828185,0.8647746243739566,0.9168141592920354,0.8932858146828186,0.924544391832996,0.8900343642611684,0.8747044917257683,3.684167466356489
3926,0.8916666666666667,0.8916219211720032,0.8647746243739566,0.9135802469135802,0.8916219211720032,0.9229274356437684,0.8885077186963979,0.8741140735740803,3.741733426343724
3927,0.8866666666666667,0.8866330184250512,0.8664440734557596,0.902608695652174,0.8866330184250512,0.9178597178873001,0.8841567291311754,0.8734432850891956,3.91443197263662
3928,0.895,0.8949608193356092,0.8714524207011686,0.914185639229422,0.8949608193356092,0.9249023632986288,0.8923076923076921,0.8796764408493427,3.6266041716940216
3929,0.8941666666666667,0.8941288725802016,0.8714524207011686,0.9125874125874126,0.8941288725802016,0.924103249977624,0.8915456874466268,0.8793800539083559,3.65538715168764
3930,0.8908333333333334,0.8908038633440648,0.8731218697829716,0.9048442906574394,0.8908038633440648,0.9206497468868722,0.8887000849617672,0.8792871553463348,3.770519737993301
3931,0.8883333333333333,0.8882996897213603,0.8681135225375626,0.9043478260869564,0.8882996897213604,0.9191473409789264,0.8858603066439522,0.8751262201279031,3.8568666789805777
3932,0.8933333333333333,0.8932969258247939,0.8714524207011686,0.9109947643979056,0.8932969258247939,0.9233069258828706,0.8907849829351536,0.8790838666217581,3.6841701316812565
3933,0.8908333333333334,0.8907955299875833,0.8681135225375626,0.9090909090909092,0.8907955299875833,0.9215188824809024,0.8881298035866779,0.8760107816711591,3.770517738999725
3934,0.8941666666666667,0.8941372059366832,0.8764607679465777,0.9083044982698962,0.8941372059366832,0.9232159664415704,0.8920985556499575,0.8826496301277741,3.655389150681215
3935,0.8875,0.8874732985369403,0.8714524207011686,0.9,0.8874732985369403,0.9178095436839177,0.8854961832061068,0.8770161290322581,3.885650991636578
3936,0.8875,0.887462187394965,0.8647746243739566,0.9055944055944056,0.887462187394965,0.9189345149841812,0.8847139197267293,0.8726415094339622,3.885648326311812
3937,0.895,0.8949580415501154,0.8697829716193656,0.9156414762741651,0.8949580415501155,0.9252122239467656,0.892123287671233,0.8785834738617201,3.6266035053628296
3938,0.8833333333333333,0.8832885646904575,0.8564273789649416,0.9047619047619048,0.8832885646904575,0.9164279751967566,0.8799313893653516,0.8656766790415119,4.029559894623938
3939,0.8833333333333333,0.8832830091194698,0.8530884808013356,0.9076376554174068,0.8832830091194698,0.9170297347760378,0.8795180722891566,0.8634673876309563,4.029558561961555
3940,0.8916666666666667,0.891608032244534,0.8564273789649416,0.9210053859964094,0.891608032244534,0.9245497158140088,0.8875432525951558,0.8686081950558755,3.7417300946877656
3941,0.8891666666666667,0.8891288586912741,0.8664440734557596,0.9073426573426572,0.8891288586912742,0.9202266987325418,0.8864218616567037,0.8743261455525607,3.828083032655768
3942,0.8908333333333334,0.8907955299875833,0.8681135225375626,0.9090909090909092,0.8907955299875833,0.9215188824809024,0.8881298035866779,0.8760107816711591,3.7705177389997258
3943,0.8925,0.8924622012838924,0.8697829716193656,0.9108391608391608,0.8924622012838925,0.9228110662292632,0.8898377455166524,0.8776954177897575,3.7129524453436815
3944,0.8858333333333334,0.8857955160986558,0.8631051752921536,0.903846153846154,0.8857955160986559,0.9176423312358204,0.8830059777967549,0.8709568733153639,3.9432136199678536
3945,0.8908333333333334,0.8907871966311017,0.8631051752921536,0.913427561837456,0.8907871966311017,0.9224330352314714,0.8875536480686697,0.8727211343686699,3.7705157400061498
3946,0.8925,0.8924677568548801,0.8731218697829716,0.9079861111111112,0.8924677568548801,0.9222206571137079,0.8902127659574468,0.8798788694481829,3.712953778006067
3947,0.8875,0.8874649651804588,0.8664440734557596,0.9041811846689896,0.8874649651804588,0.918645962395708,0.8849104859335039,0.8737373737373738,3.885648992643004
3948,0.8933333333333333,0.8932885924683124,0.8664440734557596,0.9153439153439152,0.8932885924683124,0.9242273277331708,0.8902229845626072,0.8758015524805941,3.6841681326876814
3949,0.8941666666666667,0.8941316503656954,0.8731218697829716,0.911149825783972,0.8941316503656954,0.9238025144501384,0.8917306052855924,0.8804713804713805,3.655387818018831
3950,0.8933333333333333,0.8932913702538062,0.8681135225375626,0.9138840070298768,0.8932913702538062,0.9239154314503863,0.8904109589041096,0.8768971332209107,3.684168799018873
3951,0.8883333333333333,0.8882913563648788,0.8631051752921536,0.9086115992970124,0.8882913563648789,0.9200250539612496,0.8852739726027399,0.8718381112984824,3.856864679987002
3952,0.8908333333333334,0.8907955299875833,0.8681135225375626,0.9090909090909092,0.8907955299875833,0.9215188824809024,0.8881298035866779,0.8760107816711591,3.7705177389997258
3953,0.8916666666666667,0.8916135878155217,0.8597662771285476,0.9180035650623886,0.8916135878155217,0.9238849210954679,0.8879310344827586,0.8708150152181265,3.741731427350148
3954,0.8858333333333334,0.8857788493856927,0.8530884808013356,0.9125,0.8857788493856927,0.9194609070673344,0.8817946505608283,0.8643437077131259,3.943209621980703
3955,0.8875,0.8874538540384834,0.8597662771285476,0.9098939929328622,0.8874538540384834,0.9198301350307048,0.8841201716738198,0.8693450371370697,3.885646327318236
3956,0.8941666666666667,0.8941260947947077,0.8697829716193656,0.9140350877192982,0.8941260947947078,0.924409029669332,0.8913601368691187,0.878287255563048,3.655386485356448
3957,0.8933333333333333,0.8932747035408432,0.8580968280467446,0.9228007181328546,0.8932747035408433,0.9258654397564664,0.889273356401384,0.8703013884185575,3.684164801031722
3958,0.89,0.8899691388031633,0.8714524207011686,0.9046793760831888,0.8899691388031634,0.9201492317255121,0.8877551020408163,0.8779011099899092,3.799302051655727
3959,0.8933333333333333,0.8932941480393001,0.8697829716193656,0.9124343257443084,0.8932941480393002,0.9236086486818368,0.8905982905982905,0.8779912369396697,3.684169465350065
3960,0.8833333333333333,0.8832857869049636,0.8547579298831386,0.9061946902654868,0.8832857869049636,0.9167263100743126,0.8797250859106529,0.8645727794663965,4.029559228292747
3961,0.8975,0.8974622151728199,0.8747913188647746,0.9160839160839158,0.8974622151728199,0.9266876174743454,0.8949615713065756,0.8827493261455525,3.5402565643755532
3962,0.8875,0.8874594096094711,0.8631051752921536,0.9070175438596492,0.8874594096094712,0.919228026242568,0.8845166809238666,0.8715441672285906,3.88564765998062
3963,0.89,0.8899469165192125,0.8580968280467446,0.9162210338680928,0.8899469165192126,0.9225755976240853,0.8862068965517241,0.8691241122759553,3.799296721006191
3964,0.8883333333333333,0.8882996897213603,0.8681135225375626,0.9043478260869564,0.8882996897213604,0.9191473409789264,0.8858603066439522,0.8751262201279031,3.8568666789805777
3965,0.8875,0.887462187394965,0.8647746243739566,0.9055944055944056,0.887462187394965,0.9189345149841812,0.8847139197267293,0.8726415094339622,3.885648326311812
3966,0.8941666666666667,0.8941344281511893,0.8747913188647746,0.9097222222222222,0.8941344281511894,0.9235067705434984,0.8919148936170213,0.8815612382234185,3.6553884843500226
3967,0.8916666666666667,0.8916191433865094,0.8631051752921536,0.9150442477876106,0.8916191433865094,0.9232413782065488,0.8883161512027492,0.8730158730158731,3.7417327600125327
3968,0.8866666666666667,0.8866163517120881,0.8564273789649416,0.911190053285968,0.8866163517120881,0.919642049458788,0.8829604130808949,0.8668469077391011,3.9144279746494686
3969,0.8841666666666667,0.8841371781588282,0.8664440734557596,0.8979238754325259,0.8841371781588282,0.9155173077774762,0.8819031435853866,0.8725622057834564,4.000780912617473
3970,0.8916666666666667,0.8916108100300278,0.8580968280467446,0.9194991055456172,0.891610810030028,0.9242146334628476,0.8877374784110535,0.8697123519458544,3.7417307610189567
3971,0.8941666666666667,0.8941149836527323,0.8631051752921536,0.9199288256227758,0.8941149836527323,0.9256836671241312,0.8906115417743325,0.8739012846517918,3.65538382003168
3972,0.8875,0.8874705207514465,0.8697829716193656,0.9013840830449829,0.8874705207514465,0.918083527332174,0.8853016142735769,0.8759246805648958,3.8856503253053867
3973,0.885,0.8849385692738035,0.8480801335559266,0.9153153153153152,0.8849385692738035,0.9196143911022876,0.8804159445407278,0.8607251779057946,3.971990602980745
3974,0.8975,0.8974538818163383,0.8697829716193656,0.9204946996466432,0.8974538818163383,0.9276388356330044,0.894420600858369,0.8794733288318703,3.540254565381977
3975,0.8966666666666666,0.8966219350609307,0.8697829716193656,0.9188712522045857,0.8966219350609307,0.9268271119119756,0.8936535162950257,0.8791765102936213,3.569037545375595
3976,0.8941666666666667,0.8941260947947077,0.8697829716193656,0.9140350877192982,0.8941260947947078,0.924409029669332,0.8913601368691187,0.878287255563048,3.655386485356448
3977,0.8941666666666667,0.8941260947947077,0.8697829716193656,0.9140350877192982,0.8941260947947078,0.924409029669332,0.8913601368691187,0.878287255563048,3.655386485356447
3978,0.8958333333333334,0.8957927660910169,0.8714524207011686,0.9157894736842104,0.8957927660910169,0.9257042805260228,0.893071000855432,0.8799730276466621,3.5978211917004046
3979,0.8875,0.8874455206820019,0.8547579298831386,0.9142857142857144,0.887445520682002,0.9207718220844264,0.8835202761000863,0.8660351826792965,3.8856443283246613
3980,0.8941666666666667,0.8941233170092139,0.8681135225375626,0.9154929577464788,0.8941233170092139,0.9247199068086874,0.8911739502999143,0.8771929824561403,3.655385819025255
3981,0.8841666666666667,0.8841288448023467,0.8614357262103506,0.902097902097902,0.8841288448023467,0.9163501474874596,0.8812980358667805,0.8692722371967654,4.000778913623898
3982,0.8866666666666667,0.8866191294975819,0.8580968280467446,0.9097345132743364,0.886619129497582,0.9193323373272072,0.8831615120274914,0.8679500168861872,3.9144286409806615
3983,0.8908333333333334,0.8907760854891263,0.8564273789649416,0.9193548387096774,0.8907760854891263,0.9237244421706428,0.8867761452031114,0.8683141503046717,3.7705130746813817
3984,0.8966666666666666,0.8966247128464245,0.8714524207011686,0.9173989455184536,0.8966247128464245,0.9265090164431444,0.8938356164383562,0.8802698145025295,3.5690382117067867
3985,0.8883333333333333,0.8882969119358665,0.8664440734557596,0.9057591623036648,0.8882969119358666,0.9194349512130456,0.8856655290102388,0.8740316604917482,3.8568660126493857
3986,0.8883333333333333,0.8882858007938911,0.8597662771285476,0.9115044247787609,0.8882858007938911,0.9206353509536542,0.8848797250859107,0.8696386355960823,3.8568633473246186
3987,0.8941666666666667,0.8941288725802016,0.8714524207011686,0.9125874125874126,0.8941288725802016,0.924103249977624,0.8915456874466268,0.8793800539083559,3.65538715168764
3988,0.8925,0.892451090141917,0.8631051752921536,0.9166666666666666,0.892451090141917,0.9240525876460768,0.8890799656061908,0.8733108108108109,3.712949780018915
3989,0.8825,0.8824621735060375,0.8597662771285476,0.9003496503496503,0.8824621735060375,0.9150579637390991,0.8795900939368062,0.8675876010781671,4.058344207279942
3990,0.895,0.8949580415501154,0.8697829716193656,0.9156414762741651,0.8949580415501155,0.9252122239467656,0.892123287671233,0.8785834738617201,3.6266035053628296
3991,0.8933333333333333,0.8932969258247939,0.8714524207011686,0.9109947643979056,0.8932969258247939,0.9233069258828706,0.8907849829351536,0.8790838666217581,3.6841701316812565
3992,0.8925,0.8924566457129047,0.8664440734557596,0.9137323943661972,0.8924566457129047,0.9234215672443116,0.8894601542416453,0.875506072874494,3.7129511126812975
3993,0.8841666666666667,0.8841232892313591,0.8580968280467446,0.9049295774647887,0.8841232892313591,0.9169298694224332,0.8808911739503,0.8670715249662618,4.000777580961514
3994,0.8891666666666667,0.8891205253347926,0.8614357262103506,0.9116607773851589,0.8891205253347927,0.9211315851310882,0.8858369098712446,0.8710330857528696,3.8280810336621927
3995,0.8858333333333334,0.8857982938841497,0.8647746243739566,0.902439024390244,0.8857982938841497,0.9173568243821002,0.8832054560954816,0.8720538720538722,3.9432142862990474
3996,0.8966666666666666,0.8966274906319184,0.8731218697829716,0.915936952714536,0.8966274906319185,0.9261960779154204,0.8940170940170941,0.8813616447590157,3.5690388780379787
3997,0.8941666666666667,0.8941260947947077,0.8697829716193656,0.9140350877192982,0.8941260947947078,0.924409029669332,0.8913601368691187,0.878287255563048,3.655386485356448
3998,0.8908333333333334,0.8907899744165956,0.8647746243739566,0.9119718309859156,0.8907899744165956,0.9221232276799358,0.8877463581833761,0.8738191632928475,3.770516406337341
3999,0.8875,0.8874594096094711,0.8631051752921536,0.9070175438596492,0.8874594096094712,0.919228026242568,0.8845166809238666,0.8715441672285906,3.88564765998062
4000,0.8875,0.887462187394965,0.8647746243739566,0.9055944055944056,0.887462187394965,0.9189345149841812,0.8847139197267293,0.8726415094339622,3.885648326311812
4001,0.8958333333333334,0.8957760993780538,0.8614357262103506,0.9247311827956988,0.8957760993780539,0.927666787836358,0.8919619706136559,0.8733920108327692,3.597817193713254
4002,0.8958333333333334,0.8957955438765107,0.8731218697829716,0.9143356643356644,0.8957955438765108,0.9253954337259848,0.8932536293766012,0.8810646900269542,3.5978218580315966
4003,0.8891666666666667,0.8891260809057803,0.8647746243739566,0.9087719298245616,0.8891260809057803,0.9205232770992592,0.8862275449101797,0.873229939312205,3.828082366324576
4004,0.8941666666666667,0.89412053922372,0.8664440734557596,0.9169611307420494,0.89412053922372,0.9250359354322378,0.8909871244635192,0.8760972316002701,3.655385152694064
4005,0.8875,0.8874594096094711,0.8631051752921536,0.9070175438596492,0.8874594096094712,0.919228026242568,0.8845166809238666,0.8715441672285906,3.88564765998062
4006,0.8891666666666667,0.8891177475492987,0.8597662771285476,0.9131205673758864,0.8891177475492987,0.9214434222522171,0.8856405846947549,0.8699324324324323,3.8280803673310007
4007,0.8925,0.8924566457129047,0.8664440734557596,0.9137323943661972,0.8924566457129047,0.9234215672443116,0.8894601542416453,0.875506072874494,3.7129511126812975
4008,0.8925,0.8924566457129047,0.8664440734557596,0.9137323943661972,0.8924566457129047,0.9234215672443116,0.8894601542416453,0.875506072874494,3.7129511126812975
4009,0.8966666666666666,0.8966219350609307,0.8697829716193656,0.9188712522045857,0.8966219350609307,0.9268271119119756,0.8936535162950257,0.8791765102936213,3.569037545375595
4010,0.8958333333333334,0.8957927660910169,0.8714524207011686,0.9157894736842104,0.8957927660910169,0.9257042805260228,0.893071000855432,0.8799730276466621,3.5978211917004046
4011,0.8933333333333333,0.893277481326337,0.8597662771285476,0.9212880143112702,0.893277481326337,0.9255271457199088,0.8894645941278067,0.8714043993231811,3.6841654673629134
4012,0.8916666666666667,0.8916330323139786,0.8714524207011686,0.9078260869565218,0.8916330323139787,0.9217225871621784,0.8892674616695061,0.878492090205318,3.741736091668492
4013,0.8908333333333334,0.8907927522020894,0.8664440734557596,0.9105263157894736,0.8907927522020895,0.92181852795595,0.8879384088964927,0.8749157113958194,3.770517072668533
4014,0.8883333333333333,0.888305245292348,0.8714524207011686,0.9015544041450776,0.888305245292348,0.9185867457564564,0.8862478777589133,0.8773109243697479,3.856868011642961
4015,0.8816666666666667,0.8816302267506299,0.8597662771285476,0.8987783595113438,0.8816302267506299,0.9142723183199456,0.878839590443686,0.8672953856517346,4.087127187273556
4016,0.895,0.8949580415501154,0.8697829716193656,0.9156414762741651,0.8949580415501155,0.9252122239467656,0.892123287671233,0.8785834738617201,3.6266035053628296
4017,0.8891666666666667,0.8891427476187433,0.8747913188647746,0.9003436426116839,0.8891427476187435,0.9188174807382292,0.8873835732430144,0.8797850906648758,3.8280863643117273
4018,0.895,0.8949608193356092,0.8714524207011686,0.914185639229422,0.8949608193356092,0.9249023632986288,0.8923076923076921,0.8796764408493427,3.6266041716940216
4019,0.8866666666666667,0.8866135739265942,0.8547579298831386,0.9126559714795008,0.8866135739265942,0.9199569506813196,0.8827586206896552,0.8657423063916131,3.914427308318277
4020,0.8975,0.8974677707438077,0.8781302170283807,0.9131944444444444,0.8974677707438077,0.9260789974030792,0.8953191489361703,0.8849259757738898,3.5402578970379364
4021,0.8916666666666667,0.8916246989574971,0.8664440734557596,0.9121265377855888,0.8916246989574972,0.9226186389540076,0.8886986301369862,0.8752107925801013,3.741734092674916
4022,0.8866666666666667,0.8866330184250512,0.8664440734557596,0.902608695652174,0.8866330184250512,0.9178597178873001,0.8841567291311754,0.8734432850891956,3.914431972636621
4023,0.8916666666666667,0.8916274767429909,0.8681135225375626,0.9106830122591943,0.8916274767429909,0.9223149340650452,0.8888888888888888,0.8763060330299968,3.741734759006108
4024,0.8975,0.8974594373873259,0.8731218697829716,0.9175438596491228,0.8974594373873261,0.9269995313827138,0.894781864841745,0.8816587997302765,3.5402558980443617
4025,0.8916666666666667,0.8916219211720032,0.8647746243739566,0.9135802469135802,0.8916219211720032,0.9229274356437684,0.8885077186963979,0.8741140735740803,3.741733426343724
4026,0.8866666666666667,0.8866302406395573,0.8647746243739566,0.9040139616055848,0.8866302406395573,0.9181442929897706,0.8839590443686007,0.8723475917817446,3.914431306305429
4027,0.8875,0.8874566318239773,0.8614357262103506,0.908450704225352,0.8874566318239773,0.9195265485511848,0.884318766066838,0.8704453441295548,3.8856469936494267
4028,0.8966666666666666,0.8966163794899429,0.8664440734557596,0.921847246891652,0.8966163794899429,0.9274789935070392,0.8932874354561101,0.8769854680635351,3.569036212713212
4029,0.8841666666666667,0.8841232892313591,0.8580968280467446,0.9049295774647887,0.8841232892313591,0.9169298694224332,0.8808911739503,0.8670715249662618,4.000777580961513
4030,0.8975,0.8974538818163383,0.8697829716193656,0.9204946996466432,0.8974538818163383,0.9276388356330044,0.894420600858369,0.8794733288318703,3.540254565381977
4031,0.885,0.884966347128742,0.8647746243739566,0.9008695652173913,0.884966347128742,0.916572094795674,0.8824531516183987,0.871760350050488,3.971997266292664
4032,0.8866666666666667,0.8866274628540635,0.8631051752921536,0.9054290718038528,0.8866274628540636,0.91843379021467,0.8837606837606837,0.8712504213009776,3.914430639974237
4033,0.8916666666666667,0.8916219211720032,0.8647746243739566,0.9135802469135802,0.8916219211720032,0.9229274356437684,0.8885077186963979,0.8741140735740803,3.741733426343724
4034,0.8933333333333333,0.8933024813957816,0.8747913188647746,0.9081455805892548,0.8933024813957816,0.9227184497270148,0.8911564625850341,0.8812647157753111,3.684171464343641
4035,0.885,0.8849691249142358,0.8664440734557596,0.8994800693240901,0.8849691249142358,0.9162954047232582,0.8826530612244897,0.8728557013118063,3.971997932623855
4036,0.8841666666666667,0.8841260670168528,0.8597662771285476,0.9035087719298246,0.8841260670168528,0.916637524529186,0.8810949529512404,0.8681726230613621,4.000778247292706
4037,0.8925,0.8924594234983986,0.8681135225375626,0.912280701754386,0.8924594234983986,0.9231137788126408,0.8896492728828058,0.8766014834794336,3.7129517790124895
4038,0.885,0.8849607915577543,0.8614357262103506,0.9036777583187392,0.8849607915577543,0.917140075597878,0.8820512820512819,0.8695652173913043,3.97199593363028
4039,0.8925,0.8924649790693863,0.8714524207011686,0.9094076655052264,0.8924649790693864,0.9225133764365308,0.8900255754475703,0.8787878787878788,3.712953111674874
4040,0.8858333333333334,0.8858066272406312,0.8697829716193656,0.8982758620689655,0.8858066272406313,0.9165294168441656,0.8837998303647158,0.8753360215053764,3.9432162852926216
4041,0.8941666666666667,0.8941177614382262,0.8647746243739566,0.9184397163120568,0.8941177614382263,0.9253571703430068,0.8907996560619089,0.875,3.655384486362872
4042,0.8916666666666667,0.8916274767429909,0.8681135225375626,0.9106830122591943,0.8916274767429909,0.9223149340650452,0.8888888888888888,0.8763060330299968,3.741734759006108
4043,0.8908333333333334,0.8907871966311017,0.8631051752921536,0.913427561837456,0.8907871966311017,0.9224330352314714,0.8875536480686697,0.8727211343686699,3.7705157400061498
4044,0.895,0.89494693040814,0.8631051752921536,0.9215686274509804,0.89494693040814,0.9265035680382336,0.8913793103448275,0.8741968211024687,3.626600840038064
4045,0.8908333333333334,0.8907955299875833,0.8681135225375626,0.9090909090909092,0.8907955299875833,0.9215188824809024,0.8881298035866779,0.8760107816711591,3.7705177389997258
4046,0.895,0.8949580415501154,0.8697829716193656,0.9156414762741651,0.8949580415501155,0.9252122239467656,0.892123287671233,0.8785834738617201,3.6266035053628314
4047,0.89,0.8899552498756941,0.8631051752921536,0.9118165784832452,0.8899552498756941,0.9216275435543662,0.8867924528301886,0.8724265946675666,3.799298719999767
4048,0.8883333333333333,0.8882941341503726,0.8647746243739566,0.9071803852889668,0.8882941341503726,0.9197275048314616,0.8854700854700855,0.8729356252106506,3.8568653463181937
4049,0.8816666666666667,0.8816468934635929,0.8697829716193656,0.8905982905982905,0.8816468934635929,0.9126906311088281,0.8800675675675675,0.8738678295873868,4.0871311852607075
4050,0.8925,0.8924622012838924,0.8697829716193656,0.9108391608391608,0.8924622012838925,0.9228110662292632,0.8898377455166524,0.8776954177897575,3.7129524453436815
4051,0.8875,0.887462187394965,0.8647746243739566,0.9055944055944056,0.887462187394965,0.9189345149841812,0.8847139197267293,0.8726415094339622,3.885648326311812
4052,0.8925,0.8924538679274109,0.8647746243739566,0.9151943462897526,0.8924538679274109,0.9237344853318544,0.8892703862660943,0.87440918298447,3.7129504463501073
4053,0.8916666666666667,0.8916274767429909,0.8681135225375626,0.9106830122591943,0.8916274767429909,0.9223149340650452,0.8888888888888888,0.8763060330299968,3.741734759006108
4054,0.885,0.8849635693432482,0.8631051752921536,0.9022687609075044,0.8849635693432483,0.9168536347664956,0.8822525597269624,0.8706635230717413,3.971996599961472
4055,0.9,0.899955277653549,0.8731218697829716,0.9223985890652556,0.899955277653549,0.9294268960907804,0.8970840480274442,0.8825514681066486,3.4539069580635093
4056,0.89,0.8899635832321756,0.8681135225375626,0.9075043630017452,0.8899635832321756,0.9207256094363204,0.8873720136518772,0.8757157292017514,3.799300718993343
4057,0.89,0.8899552498756941,0.8631051752921536,0.9118165784832452,0.8899552498756941,0.9216275435543662,0.8867924528301886,0.8724265946675666,3.799298719999767
4058,0.895,0.8949552637646215,0.8681135225375626,0.9171075837742504,0.8949552637646215,0.9255272198225732,0.8919382504288164,0.8774890313871075,3.6266028390316385
4059,0.8925,0.8924455345709293,0.8597662771285476,0.9196428571428572,0.8924455345709293,0.9247045671357024,0.8886971527178601,0.8711096075778079,3.7129484473565313
4060,0.8866666666666667,0.8866246850685696,0.8614357262103506,0.906854130052724,0.8866246850685696,0.9187282614648709,0.8835616438356164,0.8701517706576729,3.914429973643044
4061,0.8858333333333334,0.8857927383131621,0.8614357262103506,0.9052631578947368,0.8857927383131621,0.9179327753858773,0.8828058169375534,0.8698583951449764,3.9432129536366625
4062,0.8866666666666667,0.8866330184250512,0.8664440734557596,0.902608695652174,0.8866330184250512,0.9178597178873001,0.8841567291311754,0.8734432850891956,3.914431972636621
4063,0.8966666666666666,0.8966191572754368,0.8681135225375626,0.9203539823008848,0.896619157275437,0.9271504190858904,0.8934707903780068,0.878081729145559,3.5690368790444036
4064,0.8933333333333333,0.8932969258247939,0.8714524207011686,0.9109947643979056,0.8932969258247939,0.9233069258828706,0.8907849829351536,0.8790838666217581,3.684170131681257
4065,0.8883333333333333,0.8882802452229034,0.8564273789649416,0.9144385026737968,0.8882802452229034,0.9212662741527026,0.8844827586206896,0.8674332093337843,3.856862014662235
4066,0.8891666666666667,0.8891260809057803,0.8647746243739566,0.9087719298245616,0.8891260809057803,0.9205232770992592,0.8862275449101797,0.873229939312205,3.8280823663245767
4067,0.8883333333333333,0.8882858007938911,0.8597662771285476,0.9115044247787609,0.8882858007938911,0.9206353509536542,0.8848797250859107,0.8696386355960823,3.8568633473246186
4068,0.8941666666666667,0.8941149836527323,0.8631051752921536,0.9199288256227758,0.8941149836527323,0.9256836671241312,0.8906115417743325,0.8739012846517918,3.65538382003168
4069,0.8883333333333333,0.8882885785793849,0.8614357262103506,0.91005291005291,0.8882885785793849,0.9203276514649636,0.8850771869639794,0.8707391157610529,3.8568640136558106
4070,0.8858333333333334,0.8857871827421743,0.8580968280467446,0.9081272084805654,0.8857871827421744,0.9185286849303216,0.8824034334763949,0.8676569885212694,3.9432116209742794
4071,0.8891666666666667,0.889151080975225,0.8797996661101837,0.8962585034013606,0.8891510809752249,0.9180290847557722,0.8879528222409436,0.8830428954423593,3.8280883633053024
4072,0.8933333333333333,0.8932802591118308,0.8614357262103506,0.9197860962566844,0.8932802591118308,0.925194244566851,0.8896551724137931,0.8725059181602977,3.6841661336941054
4073,0.8966666666666666,0.8966330462029062,0.8764607679465777,0.9130434782608696,0.8966330462029061,0.9255854564370569,0.8943781942078364,0.8835408953214406,3.5690402107003623
4074,0.8925,0.8924483123564232,0.8614357262103506,0.9181494661921707,0.8924483123564233,0.9243759295345941,0.8888888888888888,0.8722109533468562,3.7129491136877233
4075,0.8925,0.8924622012838924,0.8697829716193656,0.9108391608391608,0.8924622012838925,0.9228110662292632,0.8898377455166524,0.8776954177897575,3.7129524453436815
4076,0.8825,0.8824482845785683,0.8514190317195326,0.9074733096085408,0.8824482845785683,0.91652950399737,0.8785529715762274,0.8620689655172413,4.058340875623982
4077,0.8983333333333333,0.8982858285717459,0.8697829716193656,0.9221238938053096,0.8982858285717459,0.9284534327123376,0.8951890034364259,0.8797703478554542,3.51147158538836
4078,0.89,0.8899691388031633,0.8714524207011686,0.9046793760831888,0.8899691388031634,0.9201492317255121,0.8877551020408163,0.8779011099899092,3.799302051655725
4079,0.8908333333333334,0.8907871966311017,0.8631051752921536,0.913427561837456,0.8907871966311017,0.9224330352314714,0.8875536480686697,0.8727211343686699,3.770515740006151
4080,0.885,0.8849580137722605,0.8597662771285476,0.905096660808436,0.8849580137722605,0.9174314689684916,0.8818493150684931,0.8684654300168635,3.9719952672990875
4081,0.8925,0.8924538679274109,0.8647746243739566,0.9151943462897526,0.8924538679274109,0.9237344853318544,0.8892703862660943,0.87440918298447,3.7129504463501073
4082,0.8891666666666667,0.8891177475492987,0.8597662771285476,0.9131205673758864,0.8891177475492987,0.9214434222522171,0.8856405846947549,0.8699324324324323,3.8280803673310007
4083,0.8925,0.8924566457129047,0.8664440734557596,0.9137323943661972,0.8924566457129047,0.9234215672443116,0.8894601542416453,0.875506072874494,3.7129511126812975
4084,0.8925,0.8924455345709293,0.8597662771285476,0.9196428571428572,0.8924455345709293,0.9247045671357024,0.8886971527178601,0.8711096075778079,3.7129484473565313
4085,0.8916666666666667,0.8916219211720032,0.8647746243739566,0.9135802469135802,0.8916219211720032,0.9229274356437684,0.8885077186963979,0.8741140735740803,3.741733426343724
4086,0.8841666666666667,0.8841316225878405,0.8631051752921536,0.9006968641114983,0.8841316225878406,0.9160676863684928,0.8815004262574594,0.8703703703703706,4.000779579955089
4087,0.8925,0.8924705346403741,0.8747913188647746,0.9065743944636678,0.8924705346403741,0.9219328566642212,0.8903993203058623,0.8809683927370544,3.7129544443372575
4088,0.8916666666666667,0.8916219211720032,0.8647746243739566,0.9135802469135802,0.8916219211720032,0.9229274356437684,0.8885077186963979,0.8741140735740803,3.7417334263437234
4089,0.8891666666666667,0.8891371920477557,0.8714524207011686,0.9031141868512109,0.8891371920477557,0.9193666371095229,0.887000849617672,0.8776059179556153,3.8280850316493433
4090,0.8908333333333334,0.890781641060114,0.8597662771285476,0.9163701067615658,0.890781641060114,0.9230681919450568,0.8871662360034454,0.8705206220419202,3.770514407343767
4091,0.8883333333333333,0.8882885785793849,0.8614357262103506,0.91005291005291,0.8882885785793849,0.9203276514649636,0.8850771869639794,0.8707391157610529,3.8568640136558106
4092,0.8875,0.8874538540384834,0.8597662771285476,0.9098939929328622,0.8874538540384834,0.9198301350307048,0.8841201716738198,0.8693450371370697,3.8856463273182364
4093,0.8933333333333333,0.8932830368973247,0.8631051752921536,0.9182948490230906,0.8932830368973247,0.9248666788242887,0.8898450946643717,0.8736059479553904,3.6841668000252974
4094,0.8841666666666667,0.8841121780893836,0.8514190317195326,0.9107142857142856,0.8841121780893836,0.9181499920502424,0.8800690250215703,0.8626522327469555,4.000774915636747
4095,0.89,0.8899552498756941,0.8631051752921536,0.9118165784832452,0.8899552498756941,0.9216275435543662,0.8867924528301886,0.8724265946675666,3.799298719999767
4096,0.8866666666666667,0.8866219072830758,0.8597662771285476,0.908289241622575,0.8866219072830758,0.9190277593755612,0.8833619210977702,0.8690516368545395,3.914429307311853
4097,0.89,0.8899552498756941,0.8631051752921536,0.9118165784832452,0.8899552498756941,0.9216275435543662,0.8867924528301886,0.8724265946675666,3.799298719999767
4098,0.8916666666666667,0.8916135878155217,0.8597662771285476,0.9180035650623886,0.8916135878155217,0.9238849210954679,0.8879310344827586,0.8708150152181265,3.741731427350148
4099,0.895,0.8949663749065969,0.8747913188647746,0.9113043478260868,0.894966374906597,0.9242978333454308,0.8926746166950595,0.8818579602827331,3.6266055043564065
4100,0.8908333333333334,0.890781641060114,0.8597662771285476,0.9163701067615658,0.890781641060114,0.9230681919450568,0.8871662360034454,0.8705206220419202,3.770514407343767
4101,0.8866666666666667,0.8866135739265942,0.8547579298831386,0.9126559714795008,0.8866135739265942,0.9199569506813196,0.8827586206896552,0.8657423063916131,3.914427308318277
4102,0.895,0.8949774860485724,0.8814691151919867,0.9056603773584906,0.8949774860485724,0.923148079608572,0.8934010152284264,0.8862034239677744,3.6266081696811736
4103,0.89,0.8899496943047064,0.8597662771285476,0.9147424511545292,0.8899496943047064,0.9222543641415384,0.8864027538726335,0.8702264278472458,3.799297387337383
4104,0.8925,0.8924538679274109,0.8647746243739566,0.9151943462897526,0.8924538679274109,0.9237344853318544,0.8892703862660943,0.87440918298447,3.7129504463501073
4105,0.8991666666666667,0.8991316642546229,0.8781302170283807,0.9163763066202092,0.8991316642546229,0.9276699284909616,0.8968456947996591,0.8855218855218856,3.4826919370507023
4106,0.8825,0.882470506862519,0.8647746243739566,0.8961937716262975,0.8824705068625192,0.9142341980001272,0.8802039082412915,0.8708809683927371,4.058346206273516
4107,0.8866666666666667,0.8866219072830758,0.8597662771285476,0.908289241622575,0.8866219072830758,0.9190277593755612,0.8833619210977702,0.8690516368545395,3.914429307311854
4108,0.8908333333333334,0.890801085558571,0.8714524207011686,0.90625,0.8908010855585711,0.9209345436839176,0.8885106382978722,0.8781965006729474,3.770519071662109
4109,0.8941666666666667,0.8941177614382262,0.8647746243739566,0.9184397163120568,0.8941177614382263,0.9253571703430068,0.8907996560619089,0.875,3.655384486362872
4110,0.8875,0.8874677429659527,0.8681135225375626,0.9027777777777778,0.8874677429659528,0.9183623168243368,0.8851063829787235,0.8748317631224766,3.8856496589741947
4111,0.8966666666666666,0.8966163794899429,0.8664440734557596,0.921847246891652,0.8966163794899429,0.9274789935070392,0.8932874354561101,0.8769854680635351,3.569036212713212
4112,0.8891666666666667,0.8891205253347926,0.8614357262103506,0.9116607773851589,0.8891205253347927,0.9211315851310882,0.8858369098712446,0.8710330857528696,3.8280810336621927
4113,0.89,0.8899608054466818,0.8664440734557596,0.9089316987740804,0.8899608054466819,0.9210212194482534,0.8871794871794872,0.8746208291203236,3.7993000526621516
4114,0.895,0.8949580415501154,0.8697829716193656,0.9156414762741651,0.8949580415501155,0.9252122239467656,0.892123287671233,0.8785834738617201,3.6266035053628296
4115,0.89,0.8899524720902002,0.8614357262103506,0.913274336283186,0.8899524720902003,0.9219383645801016,0.88659793814433,0.8713272543059776,3.799298053668575
4116,0.8858333333333334,0.8857844049566804,0.8564273789649416,0.9095744680851064,0.8857844049566804,0.9188342568583572,0.8822012037833191,0.8665540540540541,3.9432109546430874
4117,0.8916666666666667,0.8916302545284848,0.8697829716193656,0.9092495636998256,0.8916302545284848,0.9220162676595955,0.8890784982935153,0.8773997979117548,3.7417354253373
4118,0.8916666666666667,0.8916191433865094,0.8631051752921536,0.9150442477876106,0.8916191433865094,0.9232413782065488,0.8883161512027492,0.8730158730158731,3.741732760012532
4119,0.8933333333333333,0.8932885924683124,0.8664440734557596,0.9153439153439152,0.8932885924683124,0.9242273277331708,0.8902229845626072,0.8758015524805941,3.6841681326876814
4120,0.8916666666666667,0.8916163656010155,0.8614357262103506,0.9165186500888101,0.8916163656010156,0.9235605214829136,0.8881239242685026,0.8719161879013181,3.74173209368134
4121,0.8941666666666667,0.8941177614382262,0.8647746243739566,0.9184397163120568,0.8941177614382263,0.9253571703430068,0.8907996560619089,0.875,3.655384486362872
4122,0.8941666666666667,0.89412053922372,0.8664440734557596,0.9169611307420494,0.89412053922372,0.9250359354322378,0.8909871244635192,0.8760972316002701,3.655385152694064
4123,0.8866666666666667,0.8866163517120881,0.8564273789649416,0.911190053285968,0.8866163517120881,0.919642049458788,0.8829604130808949,0.8668469077391011,3.9144279746494695
4124,0.8908333333333334,0.8907955299875833,0.8681135225375626,0.9090909090909092,0.8907955299875833,0.9215188824809024,0.8881298035866779,0.8760107816711591,3.770517738999725
4125,0.8941666666666667,0.8941177614382262,0.8647746243739566,0.9184397163120568,0.8941177614382263,0.9253571703430068,0.8907996560619089,0.875,3.655384486362872
4126,0.8891666666666667,0.8891205253347926,0.8614357262103506,0.9116607773851589,0.8891205253347927,0.9211315851310882,0.8858369098712446,0.8710330857528696,3.8280810336621927
4127,0.8966666666666666,0.8966274906319184,0.8731218697829716,0.915936952714536,0.8966274906319185,0.9261960779154204,0.8940170940170941,0.8813616447590157,3.5690388780379787
4128,0.8933333333333333,0.8932913702538062,0.8681135225375626,0.9138840070298768,0.8932913702538062,0.9239154314503863,0.8904109589041096,0.8768971332209107,3.684168799018873
4129,0.8858333333333334,0.8857871827421743,0.8580968280467446,0.9081272084805654,0.8857871827421744,0.9185286849303216,0.8824034334763949,0.8676569885212694,3.9432116209742794
4130,0.8891666666666667,0.889131636476768,0.8681135225375626,0.9059233449477352,0.889131636476768,0.9199351004093156,0.886615515771526,0.8754208754208754,3.82808369898696
4131,0.8933333333333333,0.8932858146828185,0.8647746243739566,0.9168141592920354,0.8932858146828186,0.924544391832996,0.8900343642611684,0.8747044917257683,3.684167466356489
4132,0.8958333333333334,0.8957899883055229,0.8697829716193656,0.9172535211267606,0.8957899883055229,0.9260182463730632,0.8928877463581835,0.8788798920377867,3.5978205253692126
4133,0.8933333333333333,0.8932941480393001,0.8697829716193656,0.9124343257443084,0.8932941480393002,0.9236086486818368,0.8905982905982905,0.8779912369396697,3.684169465350065
4134,0.8908333333333334,0.8907927522020894,0.8664440734557596,0.9105263157894736,0.8907927522020895,0.92181852795595,0.8879384088964927,0.8749157113958194,3.7705170726685338
4135,0.8916666666666667,0.8916274767429909,0.8681135225375626,0.9106830122591943,0.8916274767429909,0.9223149340650452,0.8888888888888888,0.8763060330299968,3.741734759006108
4136,0.8883333333333333,0.8883024675068542,0.8697829716193656,0.9029462738301559,0.8883024675068542,0.9188646227247608,0.8860544217687075,0.8762193070972082,3.856867345311769
4137,0.8925,0.8924566457129047,0.8664440734557596,0.9137323943661972,0.8924566457129047,0.9234215672443116,0.8894601542416453,0.875506072874494,3.7129511126812975
4138,0.8966666666666666,0.8966330462029062,0.8764607679465777,0.9130434782608696,0.8966330462029061,0.9255854564370569,0.8943781942078364,0.8835408953214406,3.5690402107003636
4139,0.8908333333333334,0.8907955299875833,0.8681135225375626,0.9090909090909092,0.8907955299875833,0.9215188824809024,0.8881298035866779,0.8760107816711591,3.7705177389997258
4140,0.8933333333333333,0.8932913702538062,0.8681135225375626,0.9138840070298768,0.8932913702538062,0.9239154314503863,0.8904109589041096,0.8768971332209107,3.684168799018873
4141,0.9025,0.9024594512762536,0.8781302170283807,0.9228070175438596,0.9024594512762536,0.9308852839527868,0.8999144568006844,0.8867161159811192,3.3675600170762325
4142,0.8916666666666667,0.8916358100994725,0.8731218697829716,0.9064124783362218,0.8916358100994725,0.9214338407262634,0.8894557823129251,0.8795829128826101,3.7417367579996834
4143,0.8916666666666667,0.8916413656704603,0.8764607679465777,0.9036144578313252,0.8916413656704602,0.9208709462222848,0.8898305084745762,0.8817601612361438,3.741738090662067
4144,0.8925,0.8924705346403741,0.8747913188647746,0.9065743944636678,0.8924705346403741,0.9219328566642212,0.8903993203058623,0.8809683927370544,3.7129544443372575
4145,0.89,0.8899552498756941,0.8631051752921536,0.9118165784832452,0.8899552498756941,0.9216275435543662,0.8867924528301886,0.8724265946675666,3.799298719999767
4146,0.8858333333333334,0.885773293814705,0.8497495826377296,0.9154676258992804,0.885773293814705,0.9201086042685049,0.8813852813852814,0.8621273712737128,3.9432082893183193
4147,0.8983333333333333,0.8983024952847092,0.8797996661101837,0.9133448873483536,0.8983024952847091,0.9265722767292685,0.8962585034013606,0.8863101244534142,3.511475583375512
4148,0.8916666666666667,0.8916219211720032,0.8647746243739566,0.9135802469135802,0.8916219211720032,0.9229274356437684,0.8885077186963979,0.8741140735740803,3.741733426343724
4149,0.8858333333333334,0.8857927383131621,0.8614357262103506,0.9052631578947368,0.8857927383131621,0.9179327753858773,0.8828058169375534,0.8698583951449764,3.9432129536366625
4150,0.89,0.8899496943047064,0.8597662771285476,0.9147424511545292,0.8899496943047064,0.9222543641415384,0.8864027538726335,0.8702264278472458,3.799297387337383
4151,0.8925,0.8924622012838924,0.8697829716193656,0.9108391608391608,0.8924622012838925,0.9228110662292632,0.8898377455166524,0.8776954177897575,3.7129524453436815
4152,0.89,0.8899580276611879,0.8647746243739566,0.9103690685413004,0.8899580276611879,0.9213218464576284,0.8869863013698629,0.8735244519392918,3.7992993863309583
4153,0.8925,0.8924760902113618,0.8781302170283807,0.9037800687285223,0.8924760902113618,0.9213718095451182,0.890770533446232,0.883143049026192,3.712955776999641
4154,0.8933333333333333,0.8932885924683124,0.8664440734557596,0.9153439153439152,0.8932885924683124,0.9242273277331708,0.8902229845626072,0.8758015524805941,3.6841681326876814
4155,0.8941666666666667,0.8941233170092139,0.8681135225375626,0.9154929577464788,0.8941233170092139,0.9247199068086874,0.8911739502999143,0.8771929824561403,3.655385819025256
4156,0.89,0.8899580276611879,0.8647746243739566,0.9103690685413004,0.8899580276611879,0.9213218464576284,0.8869863013698629,0.8735244519392918,3.7992993863309583
4157,0.8941666666666667,0.8941233170092139,0.8681135225375626,0.9154929577464788,0.8941233170092139,0.9247199068086874,0.8911739502999143,0.8771929824561403,3.655385819025256
4158,0.8983333333333333,0.8982886063572398,0.8714524207011686,0.9206349206349206,0.89828860635724,0.928127004001378,0.8953687821612349,0.8808639892001351,3.5114722517195536
4159,0.8941666666666667,0.8941177614382262,0.8647746243739566,0.9184397163120568,0.8941177614382263,0.9253571703430068,0.8907996560619089,0.875,3.655384486362872
4160,0.8925,0.8924622012838924,0.8697829716193656,0.9108391608391608,0.8924622012838925,0.9228110662292632,0.8898377455166524,0.8776954177897575,3.7129524453436815
4161,0.89,0.8899552498756941,0.8631051752921536,0.9118165784832452,0.8899552498756941,0.9216275435543662,0.8867924528301886,0.8724265946675666,3.799298719999767
4162,0.8833333333333333,0.8832968980469391,0.8614357262103506,0.900523560209424,0.8832968980469391,0.9155629765432206,0.8805460750853241,0.8689794543617381,4.029561893617515
4163,0.8933333333333333,0.8932747035408432,0.8580968280467446,0.9228007181328546,0.8932747035408433,0.9258654397564664,0.889273356401384,0.8703013884185575,3.684164801031722
4164,0.8925,0.892451090141917,0.8631051752921536,0.9166666666666666,0.892451090141917,0.9240525876460768,0.8890799656061908,0.8733108108108109,3.712949780018915
4165,0.8841666666666667,0.8841177336603713,0.8547579298831386,0.9078014184397164,0.8841177336603713,0.9175296741614274,0.8804815133276009,0.8648648648648648,4.00077624829913
4166,0.8808333333333334,0.8807955022097284,0.8580968280467446,0.8986013986013986,0.8807955022097285,0.9137657799907384,0.8778821520068317,0.8659029649595689,4.115909500935984
4167,0.8866666666666667,0.8866246850685696,0.8614357262103506,0.906854130052724,0.8866246850685696,0.9187282614648709,0.8835616438356164,0.8701517706576729,3.914429973643045
4168,0.8908333333333334,0.890801085558571,0.8714524207011686,0.90625,0.8908010855585711,0.9209345436839176,0.8885106382978722,0.8781965006729474,3.770519071662109
4169,0.8941666666666667,0.8941260947947077,0.8697829716193656,0.9140350877192982,0.8941260947947078,0.924409029669332,0.8913601368691187,0.878287255563048,3.655386485356448
4170,0.8958333333333334,0.8957955438765107,0.8731218697829716,0.9143356643356644,0.8957955438765108,0.9253954337259848,0.8932536293766012,0.8810646900269542,3.5978218580315966
4171,0.89,0.8899635832321756,0.8681135225375626,0.9075043630017452,0.8899635832321756,0.9207256094363204,0.8873720136518772,0.8757157292017514,3.799300718993343
4172,0.89,0.8899580276611879,0.8647746243739566,0.9103690685413004,0.8899580276611879,0.9213218464576284,0.8869863013698629,0.8735244519392918,3.7992993863309583
4173,0.8925,0.8924455345709293,0.8597662771285476,0.9196428571428572,0.8924455345709293,0.9247045671357024,0.8886971527178601,0.8711096075778079,3.7129484473565313
4174,0.885,0.8849607915577543,0.8614357262103506,0.9036777583187392,0.8849607915577543,0.917140075597878,0.8820512820512819,0.8695652173913043,3.97199593363028
4175,0.8933333333333333,0.8932802591118308,0.8614357262103506,0.9197860962566844,0.8932802591118308,0.925194244566851,0.8896551724137931,0.8725059181602977,3.6841661336941054
4176,0.8891666666666667,0.8891344142622618,0.8697829716193656,0.9045138888888888,0.8891344142622618,0.9196484302541272,0.8868085106382977,0.8765141318977121,3.828084365318152
4177,0.8875,0.8874566318239773,0.8614357262103506,0.908450704225352,0.8874566318239773,0.9195265485511848,0.884318766066838,0.8704453441295548,3.8856469936494284
4178,0.8933333333333333,0.8932885924683124,0.8664440734557596,0.9153439153439152,0.8932885924683124,0.9242273277331708,0.8902229845626072,0.8758015524805941,3.6841681326876814
4179,0.89,0.8899496943047064,0.8597662771285476,0.9147424511545292,0.8899496943047064,0.9222543641415384,0.8864027538726335,0.8702264278472458,3.799297387337383
4180,0.8883333333333333,0.8882913563648788,0.8631051752921536,0.9086115992970124,0.8882913563648789,0.9200250539612496,0.8852739726027399,0.8718381112984824,3.856864679987002
4181,0.8925,0.8924677568548801,0.8731218697829716,0.9079861111111112,0.8924677568548801,0.9222206571137079,0.8902127659574468,0.8798788694481829,3.712953778006067
4182,0.8975,0.8974594373873259,0.8731218697829716,0.9175438596491228,0.8974594373873261,0.9269995313827138,0.894781864841745,0.8816587997302765,3.5402558980443617
4183,0.8933333333333333,0.8932885924683124,0.8664440734557596,0.9153439153439152,0.8932885924683124,0.9242273277331708,0.8902229845626072,0.8758015524805941,3.6841681326876814
4184,0.8908333333333334,0.8907927522020894,0.8664440734557596,0.9105263157894736,0.8907927522020895,0.92181852795595,0.8879384088964927,0.8749157113958194,3.770517072668533
4185,0.8875,0.8874649651804588,0.8664440734557596,0.9041811846689896,0.8874649651804588,0.918645962395708,0.8849104859335039,0.8737373737373738,3.8856489926430022
4186,0.9,0.8999663887955245,0.8797996661101837,0.9165217391304348,0.8999663887955244,0.9281607026203093,0.8977853492333902,0.8869067653988556,3.4539096233882765
4187,0.8933333333333333,0.893277481326337,0.8597662771285476,0.9212880143112702,0.893277481326337,0.9255271457199088,0.8894645941278067,0.8714043993231811,3.6841654673629134
4188,0.89,0.8899608054466818,0.8664440734557596,0.9089316987740804,0.8899608054466819,0.9210212194482534,0.8871794871794872,0.8746208291203236,3.7993000526621503
4189,0.8916666666666667,0.8916163656010155,0.8614357262103506,0.9165186500888101,0.8916163656010156,0.9235605214829136,0.8881239242685026,0.8719161879013181,3.7417320936813407
4190,0.8941666666666667,0.8941316503656954,0.8731218697829716,0.911149825783972,0.8941316503656954,0.9238025144501384,0.8917306052855924,0.8804713804713805,3.655387818018831
4191,0.8908333333333334,0.8907983077730771,0.8697829716193656,0.9076655052264808,0.8907983077730771,0.9212242384229232,0.8883205456095481,0.8771043771043772,3.7705184053309173
4192,0.8866666666666667,0.8866441295670265,0.8731218697829716,0.8970840480274442,0.8866441295670265,0.9167696255718746,0.8849407783417934,0.8778113460892918,3.914434637961388
4193,0.8883333333333333,0.8883024675068542,0.8697829716193656,0.9029462738301559,0.8883024675068542,0.9188646227247608,0.8860544217687075,0.8762193070972082,3.856867345311769
4194,0.8891666666666667,0.8891288586912741,0.8664440734557596,0.9073426573426572,0.8891288586912742,0.9202266987325418,0.8864218616567037,0.8743261455525607,3.828083032655768
4195,0.8933333333333333,0.8932885924683124,0.8664440734557596,0.9153439153439152,0.8932885924683124,0.9242273277331708,0.8902229845626072,0.8758015524805941,3.6841681326876814
4196,0.8908333333333334,0.8908094189150526,0.8764607679465777,0.9020618556701032,0.8908094189150525,0.9200946451416736,0.8890770533446233,0.8814640698455339,3.770521070655685
4197,0.8866666666666667,0.8866274628540635,0.8631051752921536,0.9054290718038528,0.8866274628540636,0.91843379021467,0.8837606837606837,0.8712504213009776,3.914430639974237
4198,0.8908333333333334,0.8907927522020894,0.8664440734557596,0.9105263157894736,0.8907927522020895,0.92181852795595,0.8879384088964927,0.8749157113958194,3.7705170726685338
4199,0.8925,0.8924566457129047,0.8664440734557596,0.9137323943661972,0.8924566457129047,0.9234215672443116,0.8894601542416453,0.875506072874494,3.7129511126812975
4200,0.8841666666666667,0.8841260670168528,0.8597662771285476,0.9035087719298246,0.8841260670168528,0.916637524529186,0.8810949529512404,0.8681726230613621,4.000778247292705
4201,0.8783333333333333,0.8782941063725177,0.8547579298831386,0.8966725043782837,0.8782941063725177,0.9119652171307112,0.8752136752136751,0.862824401752612,4.202257108254451
4202,0.8866666666666667,0.8866274628540635,0.8631051752921536,0.9054290718038528,0.8866274628540636,0.91843379021467,0.8837606837606837,0.8712504213009776,3.914430639974237
4203,0.8908333333333334,0.8907955299875833,0.8681135225375626,0.9090909090909092,0.8907955299875833,0.9215188824809024,0.8881298035866779,0.8760107816711591,3.7705177389997258
4204,0.8916666666666667,0.8916274767429909,0.8681135225375626,0.9106830122591943,0.8916274767429909,0.9223149340650452,0.8888888888888888,0.8763060330299968,3.741734759006108
4205,0.8883333333333333,0.8882858007938911,0.8597662771285476,0.9115044247787609,0.8882858007938911,0.9206353509536542,0.8848797250859107,0.8696386355960823,3.8568633473246186
4206,0.8908333333333334,0.890801085558571,0.8714524207011686,0.90625,0.8908010855585711,0.9209345436839176,0.8885106382978722,0.8781965006729474,3.770519071662109
4207,0.8908333333333334,0.8907899744165956,0.8647746243739566,0.9119718309859156,0.8907899744165956,0.9221232276799358,0.8877463581833761,0.8738191632928475,3.770516406337341
4208,0.8916666666666667,0.8916135878155217,0.8597662771285476,0.9180035650623886,0.8916135878155217,0.9238849210954679,0.8879310344827586,0.8708150152181265,3.741731427350148
4209,0.8941666666666667,0.89412053922372,0.8664440734557596,0.9169611307420494,0.89412053922372,0.9250359354322378,0.8909871244635192,0.8760972316002701,3.655385152694064
4210,0.8958333333333334,0.8957844327345353,0.8664440734557596,0.9202127659574468,0.8957844327345353,0.9266617530399366,0.8925193465176269,0.8766891891891893,3.5978191927068286
4211,0.8916666666666667,0.8916191433865094,0.8631051752921536,0.9150442477876106,0.8916191433865094,0.9232413782065488,0.8883161512027492,0.8730158730158731,3.7417327600125327
4212,0.8916666666666667,0.8916246989574971,0.8664440734557596,0.9121265377855888,0.8916246989574972,0.9226186389540076,0.8886986301369862,0.8752107925801013,3.741734092674916
4213,0.8916666666666667,0.8916219211720032,0.8647746243739566,0.9135802469135802,0.8916219211720032,0.9229274356437684,0.8885077186963979,0.8741140735740803,3.741733426343724
4214,0.885,0.8849524582012728,0.8564273789649416,0.9079646017699116,0.8849524582012728,0.9180293237007598,0.8814432989690719,0.8662613981762919,3.971993934636704
4215,0.8916666666666667,0.8916302545284848,0.8697829716193656,0.9092495636998256,0.8916302545284848,0.9220162676595955,0.8890784982935153,0.8773997979117548,3.7417354253373
4216,0.8891666666666667,0.8891371920477557,0.8714524207011686,0.9031141868512109,0.8891371920477557,0.9193666371095229,0.887000849617672,0.8776059179556153,3.8280850316493433
4217,0.9008333333333334,0.9008038911219198,0.8831385642737897,0.9152249134948096,0.9008038911219196,0.9283484055509664,0.8988954970263381,0.8893745796906524,3.425127976057043
4218,0.8941666666666667,0.8941260947947077,0.8697829716193656,0.9140350877192982,0.8941260947947078,0.924409029669332,0.8913601368691187,0.878287255563048,3.655386485356447
4219,0.8916666666666667,0.8916246989574971,0.8664440734557596,0.9121265377855888,0.8916246989574972,0.9226186389540076,0.8886986301369862,0.8752107925801013,3.741734092674916
4220,0.8891666666666667,0.8891205253347926,0.8614357262103506,0.9116607773851589,0.8891205253347927,0.9211315851310882,0.8858369098712446,0.8710330857528696,3.8280810336621927
4221,0.8941666666666667,0.8941233170092139,0.8681135225375626,0.9154929577464788,0.8941233170092139,0.9247199068086874,0.8911739502999143,0.8771929824561403,3.655385819025256
4222,0.8816666666666667,0.8816246711796422,0.8564273789649416,0.9015817223198594,0.8816246711796422,0.9148378839757338,0.8784246575342467,0.8650927487352446,4.087125854611173
4223,0.8925,0.8924705346403741,0.8747913188647746,0.9065743944636678,0.8924705346403741,0.9219328566642212,0.8903993203058623,0.8809683927370544,3.7129544443372575
4224,0.8941666666666667,0.8941288725802016,0.8714524207011686,0.9125874125874126,0.8941288725802016,0.924103249977624,0.8915456874466268,0.8793800539083559,3.655387151687639
4225,0.8966666666666666,0.8966247128464245,0.8714524207011686,0.9173989455184536,0.8966247128464245,0.9265090164431444,0.8938356164383562,0.8802698145025295,3.5690382117067867
4226,0.8866666666666667,0.8866302406395573,0.8647746243739566,0.9040139616055848,0.8866302406395573,0.9181442929897706,0.8839590443686007,0.8723475917817446,3.914431306305429
4227,0.8941666666666667,0.8941288725802016,0.8714524207011686,0.9125874125874126,0.8941288725802016,0.924103249977624,0.8915456874466268,0.8793800539083559,3.65538715168764
4228,0.8941666666666667,0.89412053922372,0.8664440734557596,0.9169611307420494,0.89412053922372,0.9250359354322378,0.8909871244635192,0.8760972316002701,3.655385152694063
4229,0.8908333333333334,0.8907983077730771,0.8697829716193656,0.9076655052264808,0.8907983077730771,0.9212242384229232,0.8883205456095481,0.8771043771043772,3.7705184053309178
4230,0.895,0.8949497081936338,0.8647746243739566,0.9200710479573712,0.894949708193634,0.926172836165664,0.891566265060241,0.8752957080094627,3.6266015063692545
4231,0.8991666666666667,0.8991261086836352,0.8747913188647746,0.9192982456140352,0.8991261086836352,0.9282947822394048,0.8964927288280582,0.8833445718138907,3.482690604388319
4232,0.8933333333333333,0.8932941480393001,0.8697829716193656,0.9124343257443084,0.8932941480393002,0.9236086486818368,0.8905982905982905,0.8779912369396697,3.684169465350065
4233,0.8866666666666667,0.8866219072830758,0.8597662771285476,0.908289241622575,0.8866219072830758,0.9190277593755612,0.8833619210977702,0.8690516368545395,3.914429307311853
4234,0.8858333333333334,0.8857899605276681,0.8597662771285476,0.9066901408450704,0.8857899605276681,0.9182282089868091,0.8826049700085691,0.8687584345479082,3.94321228730547
4235,0.895,0.8949552637646215,0.8681135225375626,0.9171075837742504,0.8949552637646215,0.9255272198225732,0.8919382504288164,0.8774890313871075,3.6266028390316385
4236,0.8875,0.8874566318239773,0.8614357262103506,0.908450704225352,0.8874566318239773,0.9195265485511848,0.884318766066838,0.8704453441295548,3.8856469936494267
4237,0.8975,0.8974649929583138,0.8764607679465777,0.9146341463414634,0.8974649929583137,0.926380790477354,0.8951406649616369,0.8838383838383839,3.5402572307067444
4238,0.8883333333333333,0.8882969119358665,0.8664440734557596,0.9057591623036648,0.8882969119358666,0.9194349512130456,0.8856655290102388,0.8740316604917482,3.8568660126493857
4239,0.8966666666666666,0.8966247128464245,0.8714524207011686,0.9173989455184536,0.8966247128464245,0.9265090164431444,0.8938356164383562,0.8802698145025295,3.5690382117067867
4240,0.8866666666666667,0.8866302406395573,0.8647746243739566,0.9040139616055848,0.8866302406395573,0.9181442929897706,0.8839590443686007,0.8723475917817446,3.914431306305429
4241,0.895,0.8949524859791277,0.8664440734557596,0.9185840707964602,0.8949524859791277,0.9258474054594432,0.8917525773195877,0.8763931104356636,3.626602172700447
4242,0.8966666666666666,0.8966386017738939,0.8797996661101837,0.9101899827288428,0.8966386017738939,0.9249948244195132,0.8947368421052633,0.8857142857142859,3.5690415433627463
4243,0.89,0.8899496943047064,0.8597662771285476,0.9147424511545292,0.8899496943047064,0.9222543641415384,0.8864027538726335,0.8702264278472458,3.799297387337383
4244,0.8908333333333334,0.8907871966311017,0.8631051752921536,0.913427561837456,0.8907871966311017,0.9224330352314714,0.8875536480686697,0.8727211343686699,3.770515740006149
4245,0.9,0.8999608332245368,0.8764607679465777,0.9194395796847636,0.8999608332245368,0.928783507149004,0.8974358974358975,0.8847320525783621,3.453908290725893
4246,0.895,0.8949608193356092,0.8714524207011686,0.914185639229422,0.8949608193356092,0.9249023632986288,0.8923076923076921,0.8796764408493427,3.6266041716940234
4247,0.8891666666666667,0.8891371920477557,0.8714524207011686,0.9031141868512109,0.8891371920477557,0.9193666371095229,0.887000849617672,0.8776059179556153,3.8280850316493433
4248,0.8883333333333333,0.8882969119358665,0.8664440734557596,0.9057591623036648,0.8882969119358666,0.9194349512130456,0.8856655290102388,0.8740316604917482,3.8568660126493857
4249,0.8916666666666667,0.8916163656010155,0.8614357262103506,0.9165186500888101,0.8916163656010156,0.9235605214829136,0.8881239242685026,0.8719161879013181,3.7417320936813407
4250,0.8883333333333333,0.8882941341503726,0.8647746243739566,0.9071803852889668,0.8882941341503726,0.9197275048314616,0.8854700854700855,0.8729356252106506,3.8568653463181937
4251,0.8783333333333333,0.8783024397289992,0.8597662771285476,0.8925476603119584,0.8783024397289994,0.9111569687202532,0.8758503401360543,0.8661284897410024,4.202259107248026
4252,0.8933333333333333,0.8932969258247939,0.8714524207011686,0.9109947643979056,0.8932969258247939,0.9233069258828706,0.8907849829351536,0.8790838666217581,3.6841701316812565
4253,0.8916666666666667,0.8916191433865094,0.8631051752921536,0.9150442477876106,0.8916191433865094,0.9232413782065488,0.8883161512027492,0.8730158730158731,3.7417327600125327
4254,0.895,0.8949608193356092,0.8714524207011686,0.914185639229422,0.8949608193356092,0.9249023632986288,0.8923076923076921,0.8796764408493427,3.6266041716940234
4255,0.8966666666666666,0.8966274906319184,0.8731218697829716,0.915936952714536,0.8966274906319185,0.9261960779154204,0.8940170940170941,0.8813616447590157,3.5690388780379787
4256,0.8933333333333333,0.8932941480393001,0.8697829716193656,0.9124343257443084,0.8932941480393002,0.9236086486818368,0.8905982905982905,0.8779912369396697,3.684169465350065
4257,0.8933333333333333,0.8932830368973247,0.8631051752921536,0.9182948490230906,0.8932830368973247,0.9248666788242887,0.8898450946643717,0.8736059479553904,3.6841668000252974
4258,0.8908333333333334,0.890781641060114,0.8597662771285476,0.9163701067615658,0.890781641060114,0.9230681919450568,0.8871662360034454,0.8705206220419202,3.770514407343765
4259,0.885,0.8849607915577543,0.8614357262103506,0.9036777583187392,0.8849607915577543,0.917140075597878,0.8820512820512819,0.8695652173913043,3.97199593363028
4260,0.8891666666666667,0.8891260809057803,0.8647746243739566,0.9087719298245616,0.8891260809057803,0.9205232770992592,0.8862275449101797,0.873229939312205,3.828082366324576
4261,0.8883333333333333,0.8882885785793849,0.8614357262103506,0.91005291005291,0.8882885785793849,0.9203276514649636,0.8850771869639794,0.8707391157610529,3.8568640136558106
4262,0.8858333333333334,0.8857788493856927,0.8530884808013356,0.9125,0.8857788493856927,0.9194609070673344,0.8817946505608283,0.8643437077131259,3.943209621980703
4263,0.8975,0.8974566596018322,0.8714524207011686,0.9190140845070424,0.8974566596018322,0.9273165859374388,0.8946015424164525,0.880566801619433,3.540255231713169
4264,0.8933333333333333,0.8932802591118308,0.8614357262103506,0.9197860962566844,0.8932802591118308,0.925194244566851,0.8896551724137931,0.8725059181602977,3.6841661336941054
4265,0.8925,0.8924483123564232,0.8614357262103506,0.9181494661921707,0.8924483123564233,0.9243759295345941,0.8888888888888888,0.8722109533468562,3.7129491136877233
4266,0.8958333333333334,0.8957872105200292,0.8681135225375626,0.9187279151943464,0.8957872105200293,0.9263373855326212,0.8927038626609441,0.8777852802160703,3.5978198590380215
4267,0.8916666666666667,0.8916302545284848,0.8697829716193656,0.9092495636998256,0.8916302545284848,0.9220162676595955,0.8890784982935153,0.8773997979117548,3.7417354253373
4268,0.8883333333333333,0.8882885785793849,0.8614357262103506,0.91005291005291,0.8882885785793849,0.9203276514649636,0.8850771869639794,0.8707391157610529,3.8568640136558106
4269,0.8941666666666667,0.8941177614382262,0.8647746243739566,0.9184397163120568,0.8941177614382263,0.9253571703430068,0.8907996560619089,0.875,3.655384486362872
4270,0.8966666666666666,0.8966274906319184,0.8731218697829716,0.915936952714536,0.8966274906319185,0.9261960779154204,0.8940170940170941,0.8813616447590157,3.5690388780379787
4271,0.89,0.8899608054466818,0.8664440734557596,0.9089316987740804,0.8899608054466819,0.9210212194482534,0.8871794871794872,0.8746208291203236,3.7993000526621516
4272,0.8858333333333334,0.8857955160986558,0.8631051752921536,0.903846153846154,0.8857955160986559,0.9176423312358204,0.8830059777967549,0.8709568733153639,3.9432136199678536
4273,0.885,0.8849635693432482,0.8631051752921536,0.9022687609075044,0.8849635693432483,0.9168536347664956,0.8822525597269624,0.8706635230717413,3.971996599961472
4274,0.8925,0.8924455345709293,0.8597662771285476,0.9196428571428572,0.8924455345709293,0.9247045671357024,0.8886971527178601,0.8711096075778079,3.7129484473565313
4275,0.8941666666666667,0.8941233170092139,0.8681135225375626,0.9154929577464788,0.8941233170092139,0.9247199068086874,0.8911739502999143,0.8771929824561403,3.655385819025255
4276,0.88,0.8799607776688269,0.8564273789649416,0.8984238178633975,0.8799607776688269,0.9132589317475028,0.8769230769230769,0.8645096056622851,4.144691814598409
4277,0.8958333333333334,0.8957899883055229,0.8697829716193656,0.9172535211267606,0.8957899883055229,0.9260182463730632,0.8928877463581835,0.8788798920377867,3.5978205253692126
4278,0.8941666666666667,0.89412053922372,0.8664440734557596,0.9169611307420494,0.89412053922372,0.9250359354322378,0.8909871244635192,0.8760972316002701,3.655385152694064
4279,0.89,0.8899552498756941,0.8631051752921536,0.9118165784832452,0.8899552498756941,0.9216275435543662,0.8867924528301886,0.8724265946675666,3.799298719999767
4280,0.8941666666666667,0.8941260947947077,0.8697829716193656,0.9140350877192982,0.8941260947947078,0.924409029669332,0.8913601368691187,0.878287255563048,3.655386485356448
4281,0.8941666666666667,0.89412053922372,0.8664440734557596,0.9169611307420494,0.89412053922372,0.9250359354322378,0.8909871244635192,0.8760972316002701,3.655385152694064
4282,0.8941666666666667,0.8941288725802016,0.8714524207011686,0.9125874125874126,0.8941288725802016,0.924103249977624,0.8915456874466268,0.8793800539083559,3.65538715168764
4283,0.8875,0.887462187394965,0.8647746243739566,0.9055944055944056,0.887462187394965,0.9189345149841812,0.8847139197267293,0.8726415094339622,3.885648326311812
4284,0.8975,0.8974566596018322,0.8714524207011686,0.9190140845070424,0.8974566596018322,0.9273165859374388,0.8946015424164525,0.880566801619433,3.540255231713169
4285,0.8991666666666667,0.8991122197561658,0.8664440734557596,0.9267857142857144,0.8991122197561661,0.9299482272040704,0.8955996548748921,0.8778755074424898,3.4826872727323592
4286,0.8966666666666666,0.8966247128464245,0.8714524207011686,0.9173989455184536,0.8966247128464245,0.9265090164431444,0.8938356164383562,0.8802698145025295,3.569038211706788
4287,0.8941666666666667,0.8941233170092139,0.8681135225375626,0.9154929577464788,0.8941233170092139,0.9247199068086874,0.8911739502999143,0.8771929824561403,3.655385819025256
4288,0.8883333333333333,0.8882858007938911,0.8597662771285476,0.9115044247787609,0.8882858007938911,0.9206353509536542,0.8848797250859107,0.8696386355960823,3.8568633473246186
4289,0.895,0.8949580415501154,0.8697829716193656,0.9156414762741651,0.8949580415501155,0.9252122239467656,0.892123287671233,0.8785834738617201,3.6266035053628314
4290,0.8925,0.8924455345709293,0.8597662771285476,0.9196428571428572,0.8924455345709293,0.9247045671357024,0.8886971527178601,0.8711096075778079,3.7129484473565313
4291,0.8883333333333333,0.8882969119358665,0.8664440734557596,0.9057591623036648,0.8882969119358666,0.9194349512130456,0.8856655290102388,0.8740316604917482,3.8568660126493857
4292,0.9,0.8999524998680551,0.8714524207011686,0.9238938053097344,0.8999524998680553,0.9297564463387848,0.8969072164948453,0.8814589665653495,3.4539062917323173
4293,0.8883333333333333,0.8882913563648788,0.8631051752921536,0.9086115992970124,0.8882913563648789,0.9200250539612496,0.8852739726027399,0.8718381112984824,3.856864679987002
4294,0.8916666666666667,0.8916330323139786,0.8714524207011686,0.9078260869565218,0.8916330323139787,0.9217225871621784,0.8892674616695061,0.878492090205318,3.741736091668492
4295,0.8983333333333333,0.8982969397137215,0.8764607679465777,0.9162303664921466,0.8982969397137215,0.9271789005526956,0.8959044368600683,0.8841360727517684,3.511474250713128
4296,0.8966666666666666,0.8966052683479676,0.8597662771285476,0.927927927927928,0.8966052683479677,0.9288471025282375,0.8925476603119584,0.8725855642155202,3.5690335473884445
4297,0.8966666666666666,0.8966247128464245,0.8714524207011686,0.9173989455184536,0.8966247128464245,0.9265090164431444,0.8938356164383562,0.8802698145025295,3.5690382117067867
4298,0.8925,0.8924677568548801,0.8731218697829716,0.9079861111111112,0.8924677568548801,0.9222206571137079,0.8902127659574468,0.8798788694481829,3.712953778006067
4299,0.89,0.8899663610176695,0.8697829716193656,0.9060869565217392,0.8899663610176695,0.9204349640705524,0.8875638841567292,0.8768091551666106,3.799301385324535
4300,0.8941666666666667,0.8941288725802016,0.8714524207011686,0.9125874125874126,0.8941288725802016,0.924103249977624,0.8915456874466268,0.8793800539083559,3.65538715168764
4301,0.8908333333333334,0.8907871966311017,0.8631051752921536,0.913427561837456,0.8907871966311017,0.9224330352314714,0.8875536480686697,0.8727211343686699,3.7705157400061498
4302,0.8975,0.8974511040308445,0.8681135225375626,0.9219858156028368,0.8974511040308446,0.9279663357368664,0.8942390369733448,0.8783783783783785,3.5402538990507857
4303,0.8908333333333334,0.890801085558571,0.8714524207011686,0.90625,0.8908010855585711,0.9209345436839176,0.8885106382978722,0.8781965006729474,3.770519071662109
4304,0.885,0.8849552359867666,0.8580968280467446,0.9065255731922398,0.8849552359867667,0.9177278672861588,0.8816466552315609,0.8673641579480258,3.9719946009678964
4305,0.8891666666666667,0.8891205253347926,0.8614357262103506,0.9116607773851589,0.8891205253347927,0.9211315851310882,0.8858369098712446,0.8710330857528696,3.8280810336621927
4306,0.8966666666666666,0.8966136017044491,0.8647746243739566,0.9233511586452764,0.8966136017044493,0.9278128915096164,0.8931034482758621,0.8758877240446399,3.56903554638202
4307,0.8958333333333334,0.8957899883055229,0.8697829716193656,0.9172535211267606,0.8957899883055229,0.9260182463730632,0.8928877463581835,0.8788798920377867,3.5978205253692126
4308,0.8833333333333333,0.8833107869744082,0.8697829716193656,0.8936535162950258,0.8833107869744083,0.9142182439571958,0.8815566835871405,0.8744545149378985,4.0295652252734735
4309,0.8866666666666667,0.886635796210545,0.8681135225375626,0.901213171577123,0.8866357962105451,0.9175800137240095,0.8843537414965985,0.874537504204507,3.914432638967812
4310,0.8916666666666667,0.8916274767429909,0.8681135225375626,0.9106830122591943,0.8916274767429909,0.9223149340650452,0.8888888888888888,0.8763060330299968,3.741734759006108
4311,0.8975,0.8974594373873259,0.8731218697829716,0.9175438596491228,0.8974594373873261,0.9269995313827138,0.894781864841745,0.8816587997302765,3.5402558980443617
4312,0.8966666666666666,0.8966358239883999,0.8781302170283807,0.9116117850953206,0.8966358239883999,0.9252876677285172,0.8945578231292517,0.884628321560713,3.5690408770315543
4313,0.8991666666666667,0.8991177753271536,0.8697829716193656,0.9237588652482268,0.8991177753271536,0.9292709184337964,0.8959587274290628,0.8800675675675678,3.4826886053947432
4314,0.8916666666666667,0.8916191433865094,0.8631051752921536,0.9150442477876106,0.8916191433865094,0.9232413782065488,0.8883161512027492,0.8730158730158731,3.7417327600125327
4315,0.895,0.8949608193356092,0.8714524207011686,0.914185639229422,0.8949608193356092,0.9249023632986288,0.8923076923076921,0.8796764408493427,3.6266041716940234
4316,0.8916666666666667,0.8916302545284848,0.8697829716193656,0.9092495636998256,0.8916302545284848,0.9220162676595955,0.8890784982935153,0.8773997979117548,3.7417354253373
4317,0.8841666666666667,0.8841288448023467,0.8614357262103506,0.902097902097902,0.8841288448023467,0.9163501474874596,0.8812980358667805,0.8692722371967654,4.000778913623898
4318,0.89,0.8899635832321756,0.8681135225375626,0.9075043630017452,0.8899635832321756,0.9207256094363204,0.8873720136518772,0.8757157292017514,3.799300718993343
4319,0.8933333333333333,0.8932885924683124,0.8664440734557596,0.9153439153439152,0.8932885924683124,0.9242273277331708,0.8902229845626072,0.8758015524805941,3.6841681326876814
4320,0.8841666666666667,0.8841260670168528,0.8597662771285476,0.9035087719298246,0.8841260670168528,0.916637524529186,0.8810949529512404,0.8681726230613621,4.000778247292706
4321,0.8891666666666667,0.8891205253347926,0.8614357262103506,0.9116607773851589,0.8891205253347927,0.9211315851310882,0.8858369098712446,0.8710330857528696,3.8280810336621927
4322,0.8875,0.8874649651804588,0.8664440734557596,0.9041811846689896,0.8874649651804588,0.918645962395708,0.8849104859335039,0.8737373737373738,3.885648992643004
4323,0.8841666666666667,0.8841232892313591,0.8580968280467446,0.9049295774647887,0.8841232892313591,0.9169298694224332,0.8808911739503,0.8670715249662618,4.000777580961514
4324,0.8941666666666667,0.89412053922372,0.8664440734557596,0.9169611307420494,0.89412053922372,0.9250359354322378,0.8909871244635192,0.8760972316002701,3.655385152694064
4325,0.8958333333333334,0.8957983216620046,0.8747913188647746,0.9128919860627178,0.8957983216620046,0.925091652463746,0.8934356351236146,0.8821548821548821,3.597822524362788
4326,0.8858333333333334,0.8857955160986558,0.8631051752921536,0.903846153846154,0.8857955160986559,0.9176423312358204,0.8830059777967549,0.8709568733153639,3.9432136199678554
4327,0.8908333333333334,0.8907927522020894,0.8664440734557596,0.9105263157894736,0.8907927522020895,0.92181852795595,0.8879384088964927,0.8749157113958194,3.770517072668533
4328,0.8925,0.8924622012838924,0.8697829716193656,0.9108391608391608,0.8924622012838925,0.9228110662292632,0.8898377455166524,0.8776954177897575,3.7129524453436815
4329,0.8966666666666666,0.8966330462029062,0.8764607679465777,0.9130434782608696,0.8966330462029061,0.9255854564370569,0.8943781942078364,0.8835408953214406,3.5690402107003623
4330,0.8891666666666667,0.8891288586912741,0.8664440734557596,0.9073426573426572,0.8891288586912742,0.9202266987325418,0.8864218616567037,0.8743261455525607,3.828083032655768
4331,0.8958333333333334,0.8957899883055229,0.8697829716193656,0.9172535211267606,0.8957899883055229,0.9260182463730632,0.8928877463581835,0.8788798920377867,3.5978205253692126
4332,0.8908333333333334,0.8907927522020894,0.8664440734557596,0.9105263157894736,0.8907927522020895,0.92181852795595,0.8879384088964927,0.8749157113958194,3.7705170726685338
4333,0.8883333333333333,0.8882941341503726,0.8647746243739566,0.9071803852889668,0.8882941341503726,0.9197275048314616,0.8854700854700855,0.8729356252106506,3.8568653463181937
4334,0.8808333333333334,0.8807955022097284,0.8580968280467446,0.8986013986013986,0.8807955022097285,0.9137657799907384,0.8778821520068317,0.8659029649595689,4.115909500935984
4335,0.8908333333333334,0.890781641060114,0.8597662771285476,0.9163701067615658,0.890781641060114,0.9230681919450568,0.8871662360034454,0.8705206220419202,3.770514407343766
4336,0.8875,0.8874732985369403,0.8714524207011686,0.9,0.8874732985369403,0.9178095436839177,0.8854961832061068,0.8770161290322581,3.8856509916365782
4337,0.89,0.8899552498756941,0.8631051752921536,0.9118165784832452,0.8899552498756941,0.9216275435543662,0.8867924528301886,0.8724265946675666,3.799298719999767
4338,0.8875,0.8874705207514465,0.8697829716193656,0.9013840830449829,0.8874705207514465,0.918083527332174,0.8853016142735769,0.8759246805648958,3.8856503253053867
4339,0.8866666666666667,0.8866330184250512,0.8664440734557596,0.902608695652174,0.8866330184250512,0.9178597178873001,0.8841567291311754,0.8734432850891956,3.914431972636621
4340,0.8916666666666667,0.8916274767429909,0.8681135225375626,0.9106830122591943,0.8916274767429909,0.9223149340650452,0.8888888888888888,0.8763060330299968,3.7417347590061074
4341,0.8858333333333334,0.8857899605276681,0.8597662771285476,0.9066901408450704,0.8857899605276681,0.9182282089868091,0.8826049700085691,0.8687584345479082,3.94321228730547
4342,0.8925,0.8924594234983986,0.8681135225375626,0.912280701754386,0.8924594234983986,0.9231137788126408,0.8896492728828058,0.8766014834794336,3.7129517790124895
4343,0.8883333333333333,0.8882858007938911,0.8597662771285476,0.9115044247787609,0.8882858007938911,0.9206353509536542,0.8848797250859107,0.8696386355960823,3.8568633473246186
4344,0.8925,0.8924622012838924,0.8697829716193656,0.9108391608391608,0.8924622012838925,0.9228110662292632,0.8898377455166524,0.8776954177897575,3.7129524453436815
4345,0.8958333333333334,0.8958038772329924,0.8781302170283807,0.9100346020761244,0.8958038772329923,0.9244990762189192,0.8937977909940527,0.8843308675184937,3.597823857025172
4346,0.8941666666666667,0.8941177614382262,0.8647746243739566,0.9184397163120568,0.8941177614382263,0.9253571703430068,0.8907996560619089,0.875,3.655384486362872
4347,0.8991666666666667,0.8991261086836352,0.8747913188647746,0.9192982456140352,0.8991261086836352,0.9282947822394048,0.8964927288280582,0.8833445718138907,3.482690604388319
4348,0.8933333333333333,0.8932885924683124,0.8664440734557596,0.9153439153439152,0.8932885924683124,0.9242273277331708,0.8902229845626072,0.8758015524805941,3.6841681326876814
4349,0.8825,0.8824621735060375,0.8597662771285476,0.9003496503496503,0.8824621735060375,0.9150579637390991,0.8795900939368062,0.8675876010781671,4.05834420727994
4350,0.8816666666666667,0.8816357823216175,0.8631051752921536,0.8960138648180243,0.8816357823216177,0.9137261867217557,0.879251700680272,0.8694920955264043,4.087128519935941
4351,0.8875,0.887462187394965,0.8647746243739566,0.9055944055944056,0.887462187394965,0.9189345149841812,0.8847139197267293,0.8726415094339622,3.885648326311812
4352,0.8858333333333334,0.8857927383131621,0.8614357262103506,0.9052631578947368,0.8857927383131621,0.9179327753858773,0.8828058169375534,0.8698583951449764,3.9432129536366625
4353,0.8983333333333333,0.8982913841427337,0.8731218697829716,0.9191564147627416,0.8982913841427337,0.9278058089395232,0.8955479452054794,0.881956155143339,3.511472918050744
4354,0.8908333333333334,0.8907983077730771,0.8697829716193656,0.9076655052264808,0.8907983077730771,0.9212242384229232,0.8883205456095481,0.8771043771043772,3.7705184053309173
4355,0.8916666666666667,0.8916246989574971,0.8664440734557596,0.9121265377855888,0.8916246989574972,0.9226186389540076,0.8886986301369862,0.8752107925801013,3.741734092674916
4356,0.8891666666666667,0.8891177475492987,0.8597662771285476,0.9131205673758864,0.8891177475492987,0.9214434222522171,0.8856405846947549,0.8699324324324323,3.8280803673310007
4357,0.8883333333333333,0.8883108008633357,0.8747913188647746,0.8987993138936535,0.8883108008633358,0.9180453163792142,0.8866328257191202,0.8794897616649883,3.8568693443053452
4358,0.8958333333333334,0.8957927660910169,0.8714524207011686,0.9157894736842104,0.8957927660910169,0.9257042805260228,0.893071000855432,0.8799730276466621,3.5978211917004046
4359,0.8908333333333334,0.8907955299875833,0.8681135225375626,0.9090909090909092,0.8907955299875833,0.9215188824809024,0.8881298035866779,0.8760107816711591,3.770517738999725
4360,0.8958333333333334,0.8957955438765107,0.8731218697829716,0.9143356643356644,0.8957955438765108,0.9253954337259848,0.8932536293766012,0.8810646900269542,3.5978218580315966
4361,0.8916666666666667,0.8916163656010155,0.8614357262103506,0.9165186500888101,0.8916163656010156,0.9235605214829136,0.8881239242685026,0.8719161879013181,3.7417320936813407
4362,0.8941666666666667,0.8941399837221771,0.8781302170283807,0.906896551724138,0.894139983722177,0.922930051042926,0.8922815945716709,0.8837365591397851,3.6553898170124066
4363,0.8958333333333334,0.8957816549490415,0.8647746243739566,0.9217081850533808,0.8957816549490416,0.9269914047136688,0.8923341946597759,0.8755916159567275,3.597818526375637
4364,0.895,0.8949608193356092,0.8714524207011686,0.914185639229422,0.8949608193356092,0.9249023632986288,0.8923076923076921,0.8796764408493427,3.6266041716940234
4365,0.8933333333333333,0.8932858146828185,0.8647746243739566,0.9168141592920354,0.8932858146828186,0.924544391832996,0.8900343642611684,0.8747044917257683,3.6841674663564903
4366,0.895,0.8949719304775847,0.8781302170283807,0.9084628670120898,0.8949719304775846,0.923713208686902,0.8930390492359932,0.8840336134453782,3.6266068370187896
4367,0.8858333333333334,0.8857871827421743,0.8580968280467446,0.9081272084805654,0.8857871827421744,0.9185286849303216,0.8824034334763949,0.8676569885212694,3.9432116209742794
4368,0.8875,0.8874677429659527,0.8681135225375626,0.9027777777777778,0.8874677429659528,0.9183623168243368,0.8851063829787235,0.8748317631224766,3.8856496589741942
4369,0.8858333333333334,0.8857871827421743,0.8580968280467446,0.9081272084805654,0.8857871827421744,0.9185286849303216,0.8824034334763949,0.8676569885212694,3.943211620974279
4370,0.8908333333333334,0.8908038633440648,0.8731218697829716,0.9048442906574394,0.8908038633440648,0.9206497468868722,0.8887000849617672,0.8792871553463348,3.770519737993301
4371,0.8941666666666667,0.8941233170092139,0.8681135225375626,0.9154929577464788,0.8941233170092139,0.9247199068086874,0.8911739502999143,0.8771929824561403,3.655385819025256
4372,0.8975,0.8974511040308445,0.8681135225375626,0.9219858156028368,0.8974511040308446,0.9279663357368664,0.8942390369733448,0.8783783783783785,3.5402538990507857
4373,0.89,0.8899552498756941,0.8631051752921536,0.9118165784832452,0.8899552498756941,0.9216275435543662,0.8867924528301886,0.8724265946675666,3.7992987199997668
4374,0.89,0.8899635832321756,0.8681135225375626,0.9075043630017452,0.8899635832321756,0.9207256094363204,0.8873720136518772,0.8757157292017514,3.799300718993342
4375,0.8891666666666667,0.8891177475492987,0.8597662771285476,0.9131205673758864,0.8891177475492987,0.9214434222522171,0.8856405846947549,0.8699324324324323,3.8280803673310007
4376,0.8883333333333333,0.8882885785793849,0.8614357262103506,0.91005291005291,0.8882885785793849,0.9203276514649636,0.8850771869639794,0.8707391157610529,3.8568640136558106
4377,0.89,0.8899552498756941,0.8631051752921536,0.9118165784832452,0.8899552498756941,0.9216275435543662,0.8867924528301886,0.8724265946675666,3.7992987199997668
4378,0.89,0.8899469165192125,0.8580968280467446,0.9162210338680928,0.8899469165192126,0.9225755976240853,0.8862068965517241,0.8691241122759553,3.799296721006192
4379,0.895,0.8949580415501154,0.8697829716193656,0.9156414762741651,0.8949580415501155,0.9252122239467656,0.892123287671233,0.8785834738617201,3.6266035053628296
4380,0.8891666666666667,0.8891205253347926,0.8614357262103506,0.9116607773851589,0.8891205253347927,0.9211315851310882,0.8858369098712446,0.8710330857528696,3.8280810336621927
4381,0.8916666666666667,0.8916302545284848,0.8697829716193656,0.9092495636998256,0.8916302545284848,0.9220162676595955,0.8890784982935153,0.8773997979117548,3.7417354253373
4382,0.8866666666666667,0.8866302406395573,0.8647746243739566,0.9040139616055848,0.8866302406395573,0.9181442929897706,0.8839590443686007,0.8723475917817446,3.914431306305429
4383,0.895,0.8949552637646215,0.8681135225375626,0.9171075837742504,0.8949552637646215,0.9255272198225732,0.8919382504288164,0.8774890313871075,3.6266028390316385
4384,0.8891666666666667,0.8891205253347926,0.8614357262103506,0.9116607773851589,0.8891205253347927,0.9211315851310882,0.8858369098712446,0.8710330857528696,3.8280810336621927
4385,0.8925,0.8924538679274109,0.8647746243739566,0.9151943462897526,0.8924538679274109,0.9237344853318544,0.8892703862660943,0.87440918298447,3.7129504463501073
4386,0.8933333333333333,0.8932913702538062,0.8681135225375626,0.9138840070298768,0.8932913702538062,0.9239154314503863,0.8904109589041096,0.8768971332209107,3.684168799018873
4387,0.89,0.8899469165192125,0.8580968280467446,0.9162210338680928,0.8899469165192126,0.9225755976240853,0.8862068965517241,0.8691241122759553,3.799296721006191
4388,0.8883333333333333,0.8882969119358665,0.8664440734557596,0.9057591623036648,0.8882969119358666,0.9194349512130456,0.8856655290102388,0.8740316604917482,3.8568660126493857
4389,0.8966666666666666,0.8966191572754368,0.8681135225375626,0.9203539823008848,0.896619157275437,0.9271504190858904,0.8934707903780068,0.878081729145559,3.5690368790444036
4390,0.8958333333333334,0.8958038772329924,0.8781302170283807,0.9100346020761244,0.8958038772329923,0.9244990762189192,0.8937977909940527,0.8843308675184937,3.597823857025172
4391,0.8908333333333334,0.8907899744165956,0.8647746243739566,0.9119718309859156,0.8907899744165956,0.9221232276799358,0.8877463581833761,0.8738191632928475,3.770516406337341
4392,0.8883333333333333,0.8882969119358665,0.8664440734557596,0.9057591623036648,0.8882969119358666,0.9194349512130456,0.8856655290102388,0.8740316604917482,3.8568660126493857
4393,0.8891666666666667,0.8891205253347926,0.8614357262103506,0.9116607773851589,0.8891205253347927,0.9211315851310882,0.8858369098712446,0.8710330857528696,3.8280810336621927
4394,0.9033333333333332,0.9032913980316613,0.8781302170283807,0.9244288224956064,0.9032913980316613,0.9316961864286604,0.9006849315068494,0.8870151770657673,3.3387770370826155
4395,0.8875,0.8874649651804588,0.8664440734557596,0.9041811846689896,0.8874649651804588,0.918645962395708,0.8849104859335039,0.8737373737373738,3.8856489926430022
4396,0.8883333333333333,0.8882941341503726,0.8647746243739566,0.9071803852889668,0.8882941341503726,0.9197275048314616,0.8854700854700855,0.8729356252106506,3.8568653463181937
4397,0.8841666666666667,0.8841316225878405,0.8631051752921536,0.9006968641114983,0.8841316225878406,0.9160676863684928,0.8815004262574594,0.8703703703703706,4.000779579955089
4398,0.8933333333333333,0.8932885924683124,0.8664440734557596,0.9153439153439152,0.8932885924683124,0.9242273277331708,0.8902229845626072,0.8758015524805941,3.6841681326876814
4399,0.8891666666666667,0.8891288586912741,0.8664440734557596,0.9073426573426572,0.8891288586912742,0.9202266987325418,0.8864218616567037,0.8743261455525607,3.828083032655768
4400,0.8933333333333333,0.8932969258247939,0.8714524207011686,0.9109947643979056,0.8932969258247939,0.9233069258828706,0.8907849829351536,0.8790838666217581,3.6841701316812565
4401,0.8791666666666667,0.8791343864844069,0.8597662771285476,0.8940972222222222,0.8791343864844069,0.9119317496753848,0.876595744680851,0.8664199192462987,4.1734761272544105
4402,0.8933333333333333,0.8932941480393001,0.8697829716193656,0.9124343257443084,0.8932941480393002,0.9236086486818368,0.8905982905982905,0.8779912369396697,3.6841694653500654
4403,0.8958333333333334,0.8958010994474985,0.8764607679465777,0.9114583333333334,0.8958010994474984,0.9247928839732888,0.8936170212765958,0.8832436069986541,3.5978231906939797
4404,0.8858333333333334,0.8857927383131621,0.8614357262103506,0.9052631578947368,0.8857927383131621,0.9179327753858773,0.8828058169375534,0.8698583951449764,3.9432129536366625
4405,0.8966666666666666,0.8966302684174122,0.8747913188647746,0.9144851657940664,0.8966302684174122,0.9258882423294206,0.89419795221843,0.8824520040417649,3.5690395443691703
4406,0.8908333333333334,0.8907983077730771,0.8697829716193656,0.9076655052264808,0.8907983077730771,0.9212242384229232,0.8883205456095481,0.8771043771043772,3.7705184053309173
4407,0.8991666666666667,0.8991316642546229,0.8781302170283807,0.9163763066202092,0.8991316642546229,0.9276699284909616,0.8968456947996591,0.8855218855218856,3.4826919370507023
4408,0.8875,0.8874705207514465,0.8697829716193656,0.9013840830449829,0.8874705207514465,0.918083527332174,0.8853016142735769,0.8759246805648958,3.8856503253053867
4409,0.8875,0.887462187394965,0.8647746243739566,0.9055944055944056,0.887462187394965,0.9189345149841812,0.8847139197267293,0.8726415094339622,3.8856483263118102
4410,0.8933333333333333,0.8932830368973247,0.8631051752921536,0.9182948490230906,0.8932830368973247,0.9248666788242887,0.8898450946643717,0.8736059479553904,3.6841668000252974
4411,0.8875,0.887462187394965,0.8647746243739566,0.9055944055944056,0.887462187394965,0.9189345149841812,0.8847139197267293,0.8726415094339622,3.885648326311812
4412,0.8933333333333333,0.8932969258247939,0.8714524207011686,0.9109947643979056,0.8932969258247939,0.9233069258828706,0.8907849829351536,0.8790838666217581,3.6841701316812565
4413,0.8858333333333334,0.8857955160986558,0.8631051752921536,0.903846153846154,0.8857955160986559,0.9176423312358204,0.8830059777967549,0.8709568733153639,3.9432136199678554
4414,0.905,0.9049608471134644,0.8814691151919867,0.9246935201401052,0.9049608471134644,0.9326646509993792,0.9025641025641026,0.8897876643073812,3.2812124097577637
4415,0.8908333333333334,0.8907955299875833,0.8681135225375626,0.9090909090909092,0.8907955299875833,0.9215188824809024,0.8881298035866779,0.8760107816711591,3.7705177389997258
4416,0.9008333333333334,0.9007955577654384,0.8781302170283807,0.9195804195804196,0.9007955577654382,0.9292719849710668,0.8983774551665243,0.8861185983827494,3.425125977063468
4417,0.8908333333333334,0.8908038633440648,0.8731218697829716,0.9048442906574394,0.8908038633440648,0.9206497468868722,0.8887000849617672,0.8792871553463348,3.770519737993301
4418,0.8908333333333334,0.890801085558571,0.8714524207011686,0.90625,0.8908010855585711,0.9209345436839176,0.8885106382978722,0.8781965006729474,3.770519071662109
4419,0.8925,0.8924649790693863,0.8714524207011686,0.9094076655052264,0.8924649790693864,0.9225133764365308,0.8900255754475703,0.8787878787878788,3.712953111674874
4420,0.8908333333333334,0.8907983077730771,0.8697829716193656,0.9076655052264808,0.8907983077730771,0.9212242384229232,0.8883205456095481,0.8771043771043772,3.7705184053309178
4421,0.8891666666666667,0.8891344142622618,0.8697829716193656,0.9045138888888888,0.8891344142622618,0.9196484302541272,0.8868085106382977,0.8765141318977121,3.828084365318152
4422,0.8991666666666667,0.8991261086836352,0.8747913188647746,0.9192982456140352,0.8991261086836352,0.9282947822394048,0.8964927288280582,0.8833445718138907,3.482690604388319
4423,0.8983333333333333,0.8982997174992153,0.8781302170283807,0.9147826086956522,0.8982997174992153,0.9268730795286833,0.8960817717206133,0.8852238303601483,3.51147491704432
4424,0.8966666666666666,0.8966413795593877,0.8814691151919867,0.9087779690189328,0.8966413795593876,0.9247068754387932,0.8949152542372882,0.8867987907289218,3.5690422096939383
4425,0.8916666666666667,0.8916274767429909,0.8681135225375626,0.9106830122591943,0.8916274767429909,0.9223149340650452,0.8888888888888888,0.8763060330299968,3.7417347590061074
4426,0.8983333333333333,0.8982941619282275,0.8747913188647746,0.9176882661996496,0.8982941619282275,0.9274897925322122,0.8957264957264958,0.8830468486686891,3.5114735843819367
4427,0.8833333333333333,0.8832941202614452,0.8597662771285476,0.9019264448336252,0.8832941202614452,0.9158463609810864,0.8803418803418804,0.8678800134816314,4.0295612272863215
4428,0.8975,0.8974483262453506,0.8664440734557596,0.9234875444839856,0.8974483262453506,0.928299142303206,0.8940568475452196,0.8772819472616632,3.5402532327195937
4429,0.8941666666666667,0.89412053922372,0.8664440734557596,0.9169611307420494,0.89412053922372,0.9250359354322378,0.8909871244635192,0.8760972316002701,3.655385152694064
4430,0.8991666666666667,0.8991344420401168,0.8797996661101837,0.9149305555555556,0.8991344420401167,0.9273651108328697,0.8970212765957447,0.8866083445491253,3.4826926033818943
4431,0.8908333333333334,0.890801085558571,0.8714524207011686,0.90625,0.8908010855585711,0.9209345436839176,0.8885106382978722,0.8781965006729474,3.770519071662109
4432,0.8908333333333334,0.8907871966311017,0.8631051752921536,0.913427561837456,0.8907871966311017,0.9224330352314714,0.8875536480686697,0.8727211343686699,3.7705157400061498
4433,0.8875,0.8874566318239773,0.8614357262103506,0.908450704225352,0.8874566318239773,0.9195265485511848,0.884318766066838,0.8704453441295548,3.8856469936494267
4434,0.8875,0.8874732985369403,0.8714524207011686,0.9,0.8874732985369403,0.9178095436839177,0.8854961832061068,0.8770161290322581,3.8856509916365782
4435,0.89,0.8899552498756941,0.8631051752921536,0.9118165784832452,0.8899552498756941,0.9216275435543662,0.8867924528301886,0.8724265946675666,3.799298719999767
4436,0.8883333333333333,0.8882941341503726,0.8647746243739566,0.9071803852889668,0.8882941341503726,0.9197275048314616,0.8854700854700855,0.8729356252106506,3.8568653463181937
4437,0.8933333333333333,0.8932941480393001,0.8697829716193656,0.9124343257443084,0.8932941480393002,0.9236086486818368,0.8905982905982905,0.8779912369396697,3.684169465350065
4438,0.8941666666666667,0.8941372059366832,0.8764607679465777,0.9083044982698962,0.8941372059366832,0.9232159664415704,0.8920985556499575,0.8826496301277741,3.655389150681216
4439,0.8916666666666667,0.8916302545284848,0.8697829716193656,0.9092495636998256,0.8916302545284848,0.9220162676595955,0.8890784982935153,0.8773997979117548,3.7417354253373
4440,0.89,0.8899580276611879,0.8647746243739566,0.9103690685413004,0.8899580276611879,0.9213218464576284,0.8869863013698629,0.8735244519392918,3.799299386330959
4441,0.8916666666666667,0.8916246989574971,0.8664440734557596,0.9121265377855888,0.8916246989574972,0.9226186389540076,0.8886986301369862,0.8752107925801013,3.741734092674916
4442,0.895,0.8949663749065969,0.8747913188647746,0.9113043478260868,0.894966374906597,0.9242978333454308,0.8926746166950595,0.8818579602827331,3.6266055043564065
4443,0.8891666666666667,0.8891233031202864,0.8631051752921536,0.9102112676056338,0.8891233031202864,0.9208248881155604,0.8860325621251072,0.8721322537112012,3.8280816999933838
4444,0.89,0.8899663610176695,0.8697829716193656,0.9060869565217392,0.8899663610176695,0.9204349640705524,0.8875638841567292,0.8768091551666106,3.7993013853245334
4445,0.8983333333333333,0.8982941619282275,0.8747913188647746,0.9176882661996496,0.8982941619282275,0.9274897925322122,0.8957264957264958,0.8830468486686891,3.5114735843819362
4446,0.895,0.8949663749065969,0.8747913188647746,0.9113043478260868,0.894966374906597,0.9242978333454308,0.8926746166950595,0.8818579602827331,3.6266055043564065
4447,0.8866666666666667,0.8866330184250512,0.8664440734557596,0.902608695652174,0.8866330184250512,0.9178597178873001,0.8841567291311754,0.8734432850891956,3.91443197263662
4448,0.89,0.8899635832321756,0.8681135225375626,0.9075043630017452,0.8899635832321756,0.9207256094363204,0.8873720136518772,0.8757157292017514,3.799300718993342
4449,0.8858333333333334,0.8857871827421743,0.8580968280467446,0.9081272084805654,0.8857871827421744,0.9185286849303216,0.8824034334763949,0.8676569885212694,3.9432116209742794
4450,0.8916666666666667,0.8916274767429909,0.8681135225375626,0.9106830122591943,0.8916274767429909,0.9223149340650452,0.8888888888888888,0.8763060330299968,3.741734759006108
4451,0.8925,0.892451090141917,0.8631051752921536,0.9166666666666666,0.892451090141917,0.9240525876460768,0.8890799656061908,0.8733108108108109,3.712949780018915
4452,0.8908333333333334,0.8907871966311017,0.8631051752921536,0.913427561837456,0.8907871966311017,0.9224330352314714,0.8875536480686697,0.8727211343686699,3.7705157400061498
4453,0.8916666666666667,0.8916219211720032,0.8647746243739566,0.9135802469135802,0.8916219211720032,0.9229274356437684,0.8885077186963979,0.8741140735740803,3.741733426343724
4454,0.8925,0.8924594234983986,0.8681135225375626,0.912280701754386,0.8924594234983986,0.9231137788126408,0.8896492728828058,0.8766014834794336,3.7129517790124895
4455,0.8808333333333334,0.8807899466387407,0.8547579298831386,0.9014084507042254,0.8807899466387407,0.9143331902936821,0.8774635818337618,0.8636977058029692,4.1159081682736005
4456,0.8991666666666667,0.8991205531126475,0.8714524207011686,0.92226148409894,0.8991205531126476,0.9289402857333876,0.8961373390557941,0.8811613774476705,3.4826892717259352
4457,0.8883333333333333,0.8883024675068542,0.8697829716193656,0.9029462738301559,0.8883024675068542,0.9188646227247608,0.8860544217687075,0.8762193070972082,3.856867345311769
4458,0.8908333333333334,0.8907983077730771,0.8697829716193656,0.9076655052264808,0.8907983077730771,0.9212242384229232,0.8883205456095481,0.8771043771043772,3.7705184053309178
4459,0.8891666666666667,0.8891177475492987,0.8597662771285476,0.9131205673758864,0.8891177475492987,0.9214434222522171,0.8856405846947549,0.8699324324324323,3.8280803673310007
4460,0.8883333333333333,0.8882996897213603,0.8681135225375626,0.9043478260869564,0.8882996897213604,0.9191473409789264,0.8858603066439522,0.8751262201279031,3.8568666789805777
4461,0.8941666666666667,0.8941288725802016,0.8714524207011686,0.9125874125874126,0.8941288725802016,0.924103249977624,0.8915456874466268,0.8793800539083559,3.655387151687639
4462,0.8883333333333333,0.8883080230778418,0.8731218697829716,0.9001721170395869,0.888308023077842,0.918313660077946,0.8864406779661016,0.878401074907625,3.8568686779741532
4463,0.8983333333333333,0.8982886063572398,0.8714524207011686,0.9206349206349206,0.89828860635724,0.928127004001378,0.8953687821612349,0.8808639892001351,3.511472251719552
4464,0.895,0.8949552637646215,0.8681135225375626,0.9171075837742504,0.8949552637646215,0.9255272198225732,0.8919382504288164,0.8774890313871075,3.6266028390316385
4465,0.8866666666666667,0.8866191294975819,0.8580968280467446,0.9097345132743364,0.886619129497582,0.9193323373272072,0.8831615120274914,0.8679500168861872,3.9144286409806615
4466,0.8933333333333333,0.8932941480393001,0.8697829716193656,0.9124343257443084,0.8932941480393002,0.9236086486818368,0.8905982905982905,0.8779912369396697,3.6841694653500654
4467,0.8891666666666667,0.8891288586912741,0.8664440734557596,0.9073426573426572,0.8891288586912742,0.9202266987325418,0.8864218616567037,0.8743261455525607,3.828083032655768
4468,0.8933333333333333,0.8932969258247939,0.8714524207011686,0.9109947643979056,0.8932969258247939,0.9233069258828706,0.8907849829351536,0.8790838666217581,3.684170131681257
4469,0.8925,0.8924705346403741,0.8747913188647746,0.9065743944636678,0.8924705346403741,0.9219328566642212,0.8903993203058623,0.8809683927370544,3.7129544443372575
4470,0.8875,0.8874649651804588,0.8664440734557596,0.9041811846689896,0.8874649651804588,0.918645962395708,0.8849104859335039,0.8737373737373738,3.885648992643004
4471,0.8983333333333333,0.8982969397137215,0.8764607679465777,0.9162303664921466,0.8982969397137215,0.9271789005526956,0.8959044368600683,0.8841360727517684,3.511474250713128
4472,0.8891666666666667,0.8891260809057803,0.8647746243739566,0.9087719298245616,0.8891260809057803,0.9205232770992592,0.8862275449101797,0.873229939312205,3.828082366324576
4473,0.8908333333333334,0.8907927522020894,0.8664440734557596,0.9105263157894736,0.8907927522020895,0.92181852795595,0.8879384088964927,0.8749157113958194,3.770517072668533
4474,0.8941666666666667,0.8941233170092139,0.8681135225375626,0.9154929577464788,0.8941233170092139,0.9247199068086874,0.8911739502999143,0.8771929824561403,3.655385819025256
4475,0.8966666666666666,0.8966330462029062,0.8764607679465777,0.9130434782608696,0.8966330462029061,0.9255854564370569,0.8943781942078364,0.8835408953214406,3.5690402107003623
4476,0.8925,0.8924677568548801,0.8731218697829716,0.9079861111111112,0.8924677568548801,0.9222206571137079,0.8902127659574468,0.8798788694481829,3.712953778006067
4477,0.8908333333333334,0.8907927522020894,0.8664440734557596,0.9105263157894736,0.8907927522020895,0.92181852795595,0.8879384088964927,0.8749157113958194,3.770517072668533
4478,0.8916666666666667,0.8916330323139786,0.8714524207011686,0.9078260869565218,0.8916330323139787,0.9217225871621784,0.8892674616695061,0.878492090205318,3.741736091668492
4479,0.8916666666666667,0.8916246989574971,0.8664440734557596,0.9121265377855888,0.8916246989574972,0.9226186389540076,0.8886986301369862,0.8752107925801013,3.741734092674916
4480,0.8858333333333334,0.8857927383131621,0.8614357262103506,0.9052631578947368,0.8857927383131621,0.9179327753858773,0.8828058169375534,0.8698583951449764,3.9432129536366625
4481,0.8891666666666667,0.889131636476768,0.8681135225375626,0.9059233449477352,0.889131636476768,0.9199351004093156,0.886615515771526,0.8754208754208754,3.82808369898696
4482,0.895,0.8949635971211031,0.8731218697829716,0.912739965095986,0.8949635971211031,0.9245975841061456,0.8924914675767918,0.8807679353317615,3.626604838025214
4483,0.8916666666666667,0.8916246989574971,0.8664440734557596,0.9121265377855888,0.8916246989574972,0.9226186389540076,0.8886986301369862,0.8752107925801013,3.741734092674916
4484,0.8883333333333333,0.8882913563648788,0.8631051752921536,0.9086115992970124,0.8882913563648789,0.9200250539612496,0.8852739726027399,0.8718381112984824,3.856864679987002
4485,0.8966666666666666,0.8966247128464245,0.8714524207011686,0.9173989455184536,0.8966247128464245,0.9265090164431444,0.8938356164383562,0.8802698145025295,3.5690382117067867
4486,0.8916666666666667,0.8916358100994725,0.8731218697829716,0.9064124783362218,0.8916358100994725,0.9214338407262634,0.8894557823129251,0.8795829128826101,3.7417367579996825
4487,0.8891666666666667,0.8891344142622618,0.8697829716193656,0.9045138888888888,0.8891344142622618,0.9196484302541272,0.8868085106382977,0.8765141318977121,3.828084365318152
4488,0.8933333333333333,0.8932913702538062,0.8681135225375626,0.9138840070298768,0.8932913702538062,0.9239154314503863,0.8904109589041096,0.8768971332209107,3.684168799018873
4489,0.8916666666666667,0.8916219211720032,0.8647746243739566,0.9135802469135802,0.8916219211720032,0.9229274356437684,0.8885077186963979,0.8741140735740803,3.741733426343724
4490,0.8908333333333334,0.8907844188456079,0.8614357262103506,0.9148936170212766,0.8907844188456079,0.9227480049491468,0.8873602751504729,0.8716216216216217,3.7705150736749578
4491,0.885,0.8849635693432482,0.8631051752921536,0.9022687609075044,0.8849635693432483,0.9168536347664956,0.8822525597269624,0.8706635230717413,3.971996599961472
4492,0.8875,0.887481631893422,0.8764607679465777,0.8959044368600683,0.887481631893422,0.9170159357366564,0.8860759493670886,0.8802816901408451,3.885652990630154
4493,0.8875,0.8874677429659527,0.8681135225375626,0.9027777777777778,0.8874677429659528,0.9183623168243368,0.8851063829787235,0.8748317631224766,3.8856496589741947
4494,0.8933333333333333,0.8932969258247939,0.8714524207011686,0.9109947643979056,0.8932969258247939,0.9233069258828706,0.8907849829351536,0.8790838666217581,3.684170131681257
4495,0.8933333333333333,0.8932997036102878,0.8731218697829716,0.9095652173913044,0.8932997036102878,0.9230102102538046,0.8909710391822827,0.8801750252440255,3.684170798012448
4496,0.8816666666666667,0.8816357823216175,0.8631051752921536,0.8960138648180243,0.8816357823216177,0.9137261867217557,0.879251700680272,0.8694920955264043,4.087128519935941
4497,0.895,0.8949608193356092,0.8714524207011686,0.914185639229422,0.8949608193356092,0.9249023632986288,0.8923076923076921,0.8796764408493427,3.6266041716940234
4498,0.8975,0.8974511040308445,0.8681135225375626,0.9219858156028368,0.8974511040308446,0.9279663357368664,0.8942390369733448,0.8783783783783785,3.5402538990507857
4499,0.8933333333333333,0.8932830368973247,0.8631051752921536,0.9182948490230906,0.8932830368973247,0.9248666788242887,0.8898450946643717,0.8736059479553904,3.6841668000252974
4500,0.8916666666666667,0.8916385878849663,0.8747913188647746,0.9050086355785838,0.8916385878849663,0.9211499772216792,0.8896434634974534,0.8806722689075629,3.7417374243308754
4501,0.8891666666666667,0.8891288586912741,0.8664440734557596,0.9073426573426572,0.8891288586912742,0.9202266987325418,0.8864218616567037,0.8743261455525607,3.828083032655768
4502,0.8941666666666667,0.8941316503656954,0.8731218697829716,0.911149825783972,0.8941316503656954,0.9238025144501384,0.8917306052855924,0.8804713804713805,3.655387818018831
4503,0.8891666666666667,0.8891371920477557,0.8714524207011686,0.9031141868512109,0.8891371920477557,0.9193666371095229,0.887000849617672,0.8776059179556153,3.8280850316493433
4504,0.8908333333333334,0.8907927522020894,0.8664440734557596,0.9105263157894736,0.8907927522020895,0.92181852795595,0.8879384088964927,0.8749157113958194,3.7705170726685338
4505,0.895,0.8949608193356092,0.8714524207011686,0.914185639229422,0.8949608193356092,0.9249023632986288,0.8923076923076921,0.8796764408493427,3.6266041716940234
4506,0.8883333333333333,0.8882913563648788,0.8631051752921536,0.9086115992970124,0.8882913563648789,0.9200250539612496,0.8852739726027399,0.8718381112984824,3.856864679987002
4507,0.8825,0.8824510623640621,0.8530884808013356,0.9060283687943262,0.8824510623640622,0.9162250914644976,0.8787618228718829,0.8631756756756758,4.058341541955174
4508,0.8833333333333333,0.8833024536179267,0.8647746243739566,0.8977469670710572,0.8833024536179268,0.9150107957225068,0.8809523809523809,0.8711738984191053,4.0295632262798975
4509,0.8908333333333334,0.8907844188456079,0.8614357262103506,0.9148936170212766,0.8907844188456079,0.9227480049491468,0.8873602751504729,0.8716216216216217,3.770515073674957
4510,0.8883333333333333,0.8882830230083972,0.8580968280467446,0.9129662522202486,0.8882830230083973,0.9209482068001632,0.8846815834767642,0.8685366677931734,3.8568626809934266
4511,0.8891666666666667,0.889131636476768,0.8681135225375626,0.9059233449477352,0.889131636476768,0.9199351004093156,0.886615515771526,0.8754208754208754,3.82808369898696
4512,0.89,0.8899524720902002,0.8614357262103506,0.913274336283186,0.8899524720902003,0.9219383645801016,0.88659793814433,0.8713272543059776,3.799298053668575
4513,0.8925,0.8924538679274109,0.8647746243739566,0.9151943462897526,0.8924538679274109,0.9237344853318544,0.8892703862660943,0.87440918298447,3.7129504463501073
4514,0.8933333333333333,0.8932913702538062,0.8681135225375626,0.9138840070298768,0.8932913702538062,0.9239154314503863,0.8904109589041096,0.8768971332209107,3.684168799018873
4515,0.8858333333333334,0.8857955160986558,0.8631051752921536,0.903846153846154,0.8857955160986559,0.9176423312358204,0.8830059777967549,0.8709568733153639,3.9432136199678536
4516,0.8866666666666667,0.8866385739960388,0.8697829716193656,0.8998272884283247,0.8866385739960388,0.9173051300238452,0.8845500848896435,0.8756302521008404,3.9144333052990032
4517,0.8883333333333333,0.8882913563648788,0.8631051752921536,0.9086115992970124,0.8882913563648789,0.9200250539612496,0.8852739726027399,0.8718381112984824,3.856864679987002
4518,0.89,0.8899608054466818,0.8664440734557596,0.9089316987740804,0.8899608054466819,0.9210212194482534,0.8871794871794872,0.8746208291203236,3.7993000526621516
4519,0.8875,0.8874677429659527,0.8681135225375626,0.9027777777777778,0.8874677429659528,0.9183623168243368,0.8851063829787235,0.8748317631224766,3.8856496589741947
4520,0.8883333333333333,0.8882941341503726,0.8647746243739566,0.9071803852889668,0.8882941341503726,0.9197275048314616,0.8854700854700855,0.8729356252106506,3.8568653463181937
4521,0.8958333333333334,0.8957899883055229,0.8697829716193656,0.9172535211267606,0.8957899883055229,0.9260182463730632,0.8928877463581835,0.8788798920377867,3.5978205253692126
4522,0.8958333333333334,0.8958066550184862,0.8797996661101837,0.9086206896551724,0.8958066550184862,0.9242101778826779,0.8939779474130619,0.8854166666666667,3.597824523356364
4523,0.8941666666666667,0.8941344281511893,0.8747913188647746,0.9097222222222222,0.8941344281511894,0.9235067705434984,0.8919148936170213,0.8815612382234185,3.6553884843500226
4524,0.8841666666666667,0.8841316225878405,0.8631051752921536,0.9006968641114983,0.8841316225878406,0.9160676863684928,0.8815004262574594,0.8703703703703706,4.000779579955089
4525,0.89,0.8899524720902002,0.8614357262103506,0.913274336283186,0.8899524720902003,0.9219383645801016,0.88659793814433,0.8713272543059776,3.799298053668575
4526,0.8908333333333334,0.8907927522020894,0.8664440734557596,0.9105263157894736,0.8907927522020895,0.92181852795595,0.8879384088964927,0.8749157113958194,3.770517072668533
4527,0.8966666666666666,0.8966274906319184,0.8731218697829716,0.915936952714536,0.8966274906319185,0.9261960779154204,0.8940170940170941,0.8813616447590157,3.5690388780379787
4528,0.8966666666666666,0.8966219350609307,0.8697829716193656,0.9188712522045857,0.8966219350609307,0.9268271119119756,0.8936535162950257,0.8791765102936213,3.569037545375595
4529,0.8883333333333333,0.8882913563648788,0.8631051752921536,0.9086115992970124,0.8882913563648789,0.9200250539612496,0.8852739726027399,0.8718381112984824,3.856864679987002
4530,0.8841666666666667,0.8841177336603713,0.8547579298831386,0.9078014184397164,0.8841177336603713,0.9175296741614274,0.8804815133276009,0.8648648648648648,4.00077624829913
4531,0.8883333333333333,0.8882885785793849,0.8614357262103506,0.91005291005291,0.8882885785793849,0.9203276514649636,0.8850771869639794,0.8707391157610529,3.8568640136558106
4532,0.8891666666666667,0.8891288586912741,0.8664440734557596,0.9073426573426572,0.8891288586912742,0.9202266987325418,0.8864218616567037,0.8743261455525607,3.828083032655768
4533,0.8966666666666666,0.8966330462029062,0.8764607679465777,0.9130434782608696,0.8966330462029061,0.9255854564370569,0.8943781942078364,0.8835408953214406,3.5690402107003623
4534,0.8916666666666667,0.8916246989574971,0.8664440734557596,0.9121265377855888,0.8916246989574972,0.9226186389540076,0.8886986301369862,0.8752107925801013,3.741734092674916
4535,0.8908333333333334,0.8907899744165956,0.8647746243739566,0.9119718309859156,0.8907899744165956,0.9221232276799358,0.8877463581833761,0.8738191632928475,3.770516406337341
4536,0.8883333333333333,0.8882858007938911,0.8597662771285476,0.9115044247787609,0.8882858007938911,0.9206353509536542,0.8848797250859107,0.8696386355960823,3.8568633473246186
4537,0.8883333333333333,0.8883024675068542,0.8697829716193656,0.9029462738301559,0.8883024675068542,0.9188646227247608,0.8860544217687075,0.8762193070972082,3.856867345311769
4538,0.8916666666666667,0.8916274767429909,0.8681135225375626,0.9106830122591943,0.8916274767429909,0.9223149340650452,0.8888888888888888,0.8763060330299968,3.741734759006108
4539,0.8866666666666667,0.8866246850685696,0.8614357262103506,0.906854130052724,0.8866246850685696,0.9187282614648709,0.8835616438356164,0.8701517706576729,3.914429973643045
4540,0.8933333333333333,0.8932969258247939,0.8714524207011686,0.9109947643979056,0.8932969258247939,0.9233069258828706,0.8907849829351536,0.8790838666217581,3.684170131681257
4541,0.8966666666666666,0.8966247128464245,0.8714524207011686,0.9173989455184536,0.8966247128464245,0.9265090164431444,0.8938356164383562,0.8802698145025295,3.569038211706788
4542,0.8933333333333333,0.8932997036102878,0.8731218697829716,0.9095652173913044,0.8932997036102878,0.9230102102538046,0.8909710391822827,0.8801750252440255,3.6841707980124485
4543,0.8933333333333333,0.8933052591812756,0.8764607679465777,0.9067357512953368,0.8933052591812756,0.9224315929542906,0.8913412563667233,0.8823529411764707,3.684172130674833
4544,0.8933333333333333,0.8932997036102878,0.8731218697829716,0.9095652173913044,0.8932997036102878,0.9230102102538046,0.8909710391822827,0.8801750252440255,3.684170798012448
4545,0.8891666666666667,0.8891121919783109,0.8564273789649416,0.9160714285714284,0.8891121919783109,0.9220827371015184,0.8852459016393444,0.8677266576454667,3.8280790346686167
4546,0.8958333333333334,0.8957899883055229,0.8697829716193656,0.9172535211267606,0.8957899883055229,0.9260182463730632,0.8928877463581835,0.8788798920377867,3.5978205253692126
4547,0.8941666666666667,0.8941260947947077,0.8697829716193656,0.9140350877192982,0.8941260947947078,0.924409029669332,0.8913601368691187,0.878287255563048,3.655386485356448
4548,0.8883333333333333,0.8882941341503726,0.8647746243739566,0.9071803852889668,0.8882941341503726,0.9197275048314616,0.8854700854700855,0.8729356252106506,3.856865346318193
4549,0.8825,0.8824649512915314,0.8614357262103506,0.8989547038327527,0.8824649512915314,0.914778548354885,0.8797953964194373,0.8686868686868686,4.058344873611131
4550,0.8908333333333334,0.8907955299875833,0.8681135225375626,0.9090909090909092,0.8907955299875833,0.9215188824809024,0.8881298035866779,0.8760107816711591,3.7705177389997258
4551,0.8908333333333334,0.890801085558571,0.8714524207011686,0.90625,0.8908010855585711,0.9209345436839176,0.8885106382978722,0.8781965006729474,3.770519071662109
4552,0.895,0.8949552637646215,0.8681135225375626,0.9171075837742504,0.8949552637646215,0.9255272198225732,0.8919382504288164,0.8774890313871075,3.6266028390316385
4553,0.89,0.8899635832321756,0.8681135225375626,0.9075043630017452,0.8899635832321756,0.9207256094363204,0.8873720136518772,0.8757157292017514,3.799300718993343
4554,0.8966666666666666,0.8966274906319184,0.8731218697829716,0.915936952714536,0.8966274906319185,0.9261960779154204,0.8940170940170941,0.8813616447590157,3.5690388780379787
4555,0.8833333333333333,0.8832885646904575,0.8564273789649416,0.9047619047619048,0.8832885646904575,0.9164279751967566,0.8799313893653516,0.8656766790415119,4.029559894623938
4556,0.8841666666666667,0.8841371781588282,0.8664440734557596,0.8979238754325259,0.8841371781588282,0.9155173077774762,0.8819031435853866,0.8725622057834564,4.000780912617473
4557,0.8958333333333334,0.8957899883055229,0.8697829716193656,0.9172535211267606,0.8957899883055229,0.9260182463730632,0.8928877463581835,0.8788798920377867,3.5978205253692126
4558,0.8966666666666666,0.8966386017738939,0.8797996661101837,0.9101899827288428,0.8966386017738939,0.9249948244195132,0.8947368421052633,0.8857142857142859,3.5690415433627463
4559,0.8891666666666667,0.8891149697638049,0.8580968280467446,0.9145907473309608,0.8891149697638051,0.9217604543555196,0.8854435831180018,0.8688302907369845,3.828079700999808
4560,0.8916666666666667,0.8916135878155217,0.8597662771285476,0.9180035650623886,0.8916135878155217,0.9238849210954679,0.8879310344827586,0.8708150152181265,3.741731427350149
4561,0.8933333333333333,0.8932941480393001,0.8697829716193656,0.9124343257443084,0.8932941480393002,0.9236086486818368,0.8905982905982905,0.8779912369396697,3.6841694653500654
4562,0.8925,0.8924622012838924,0.8697829716193656,0.9108391608391608,0.8924622012838925,0.9228110662292632,0.8898377455166524,0.8776954177897575,3.7129524453436815
4563,0.89,0.889977472159645,0.8764607679465777,0.9005145797598628,0.8899774721596448,0.9193210071865536,0.8883248730964467,0.8811681772406847,3.799304050649302
4564,0.9033333333333332,0.9032997313881428,0.8831385642737897,0.92,0.9032997313881428,0.9307359488035614,0.901192504258944,0.8902726354762708,3.33877903607619
4565,0.8858333333333334,0.8857955160986558,0.8631051752921536,0.903846153846154,0.8857955160986559,0.9176423312358204,0.8830059777967549,0.8709568733153639,3.9432136199678536
4566,0.9008333333333334,0.900798335550932,0.8797996661101837,0.9181184668989548,0.900798335550932,0.9289590665045692,0.8985507246376812,0.8872053872053871,3.4251266433946586
4567,0.89,0.8899663610176695,0.8697829716193656,0.9060869565217392,0.8899663610176695,0.9204349640705524,0.8875638841567292,0.8768091551666106,3.799301385324535
4568,0.8975,0.8974455484598568,0.8647746243739566,0.925,0.8974455484598569,0.9286373121869784,0.8938740293356343,0.8761840324763194,3.540252566388402
4569,0.8916666666666667,0.8916274767429909,0.8681135225375626,0.9106830122591943,0.8916274767429909,0.9223149340650452,0.8888888888888888,0.8763060330299968,3.741734759006108
4570,0.89,0.8899469165192125,0.8580968280467446,0.9162210338680928,0.8899469165192126,0.9225755976240853,0.8862068965517241,0.8691241122759553,3.799296721006191
4571,0.8975,0.8974594373873259,0.8731218697829716,0.9175438596491228,0.8974594373873261,0.9269995313827138,0.894781864841745,0.8816587997302765,3.5402558980443617
4572,0.8925,0.8924622012838924,0.8697829716193656,0.9108391608391608,0.8924622012838925,0.9228110662292632,0.8898377455166524,0.8776954177897575,3.7129524453436815
4573,0.89,0.8899691388031633,0.8714524207011686,0.9046793760831888,0.8899691388031634,0.9201492317255121,0.8877551020408163,0.8779011099899092,3.7993020516557263
4574,0.8933333333333333,0.8932941480393001,0.8697829716193656,0.9124343257443084,0.8932941480393002,0.9236086486818368,0.8905982905982905,0.8779912369396697,3.684169465350065
4575,0.8933333333333333,0.8933024813957816,0.8747913188647746,0.9081455805892548,0.8933024813957816,0.9227184497270148,0.8911564625850341,0.8812647157753111,3.68417146434364
4576,0.895,0.8949608193356092,0.8714524207011686,0.914185639229422,0.8949608193356092,0.9249023632986288,0.8923076923076921,0.8796764408493427,3.6266041716940234
4577,0.885,0.8849607915577543,0.8614357262103506,0.9036777583187392,0.8849607915577543,0.917140075597878,0.8820512820512819,0.8695652173913043,3.97199593363028
4578,0.8891666666666667,0.8891233031202864,0.8631051752921536,0.9102112676056338,0.8891233031202864,0.9208248881155604,0.8860325621251072,0.8721322537112012,3.8280816999933838
4579,0.8916666666666667,0.8916219211720032,0.8647746243739566,0.9135802469135802,0.8916219211720032,0.9229274356437684,0.8885077186963979,0.8741140735740803,3.741733426343724
4580,0.8875,0.887462187394965,0.8647746243739566,0.9055944055944056,0.887462187394965,0.9189345149841812,0.8847139197267293,0.8726415094339622,3.885648326311812
4581,0.8925,0.8924566457129047,0.8664440734557596,0.9137323943661972,0.8924566457129047,0.9234215672443116,0.8894601542416453,0.875506072874494,3.7129511126812975
4582,0.8883333333333333,0.8882941341503726,0.8647746243739566,0.9071803852889668,0.8882941341503726,0.9197275048314616,0.8854700854700855,0.8729356252106506,3.8568653463181937
4583,0.8916666666666667,0.8916302545284848,0.8697829716193656,0.9092495636998256,0.8916302545284848,0.9220162676595955,0.8890784982935153,0.8773997979117548,3.7417354253373
4584,0.8866666666666667,0.8866163517120881,0.8564273789649416,0.911190053285968,0.8866163517120881,0.919642049458788,0.8829604130808949,0.8668469077391011,3.9144279746494686
4585,0.8958333333333334,0.8957983216620046,0.8747913188647746,0.9128919860627178,0.8957983216620046,0.925091652463746,0.8934356351236146,0.8821548821548821,3.597822524362788
4586,0.8891666666666667,0.8891233031202864,0.8631051752921536,0.9102112676056338,0.8891233031202864,0.9208248881155604,0.8860325621251072,0.8721322537112012,3.8280816999933838
4587,0.89,0.8899552498756941,0.8631051752921536,0.9118165784832452,0.8899552498756941,0.9216275435543662,0.8867924528301886,0.8724265946675666,3.799298719999767
4588,0.8841666666666667,0.8841232892313591,0.8580968280467446,0.9049295774647887,0.8841232892313591,0.9169298694224332,0.8808911739503,0.8670715249662618,4.000777580961513
4589,0.8941666666666667,0.8941372059366832,0.8764607679465777,0.9083044982698962,0.8941372059366832,0.9232159664415704,0.8920985556499575,0.8826496301277741,3.655389150681216
4590,0.8875,0.8874538540384834,0.8597662771285476,0.9098939929328622,0.8874538540384834,0.9198301350307048,0.8841201716738198,0.8693450371370697,3.885646327318236
4591,0.8983333333333333,0.8982969397137215,0.8764607679465777,0.9162303664921466,0.8982969397137215,0.9271789005526956,0.8959044368600683,0.8841360727517684,3.511474250713128
4592,0.8866666666666667,0.886635796210545,0.8681135225375626,0.901213171577123,0.8866357962105451,0.9175800137240095,0.8843537414965985,0.874537504204507,3.914432638967812
4593,0.8841666666666667,0.8841260670168528,0.8597662771285476,0.9035087719298246,0.8841260670168528,0.916637524529186,0.8810949529512404,0.8681726230613621,4.000778247292706
4594,0.8925,0.892451090141917,0.8631051752921536,0.9166666666666666,0.892451090141917,0.9240525876460768,0.8890799656061908,0.8733108108108109,3.712949780018915
4595,0.8883333333333333,0.8882969119358665,0.8664440734557596,0.9057591623036648,0.8882969119358666,0.9194349512130456,0.8856655290102388,0.8740316604917482,3.8568660126493857
4596,0.8975,0.8974677707438077,0.8781302170283807,0.9131944444444444,0.8974677707438077,0.9260789974030792,0.8953191489361703,0.8849259757738898,3.5402578970379373
4597,0.8925,0.8924705346403741,0.8747913188647746,0.9065743944636678,0.8924705346403741,0.9219328566642212,0.8903993203058623,0.8809683927370544,3.7129544443372575
4598,0.8875,0.8874594096094711,0.8631051752921536,0.9070175438596492,0.8874594096094712,0.919228026242568,0.8845166809238666,0.8715441672285906,3.88564765998062
4599,0.8991666666666667,0.8991177753271536,0.8697829716193656,0.9237588652482268,0.8991177753271536,0.9292709184337964,0.8959587274290628,0.8800675675675678,3.4826886053947432
4600,0.885,0.8849635693432482,0.8631051752921536,0.9022687609075044,0.8849635693432483,0.9168536347664956,0.8822525597269624,0.8706635230717413,3.971996599961472
4601,0.8908333333333334,0.8907788632746202,0.8580968280467446,0.9178571428571428,0.8907788632746203,0.9233936521186104,0.8869715271786022,0.8694181326116375,3.7705137410125737
4602,0.8908333333333334,0.8907983077730771,0.8697829716193656,0.9076655052264808,0.8907983077730771,0.9212242384229232,0.8883205456095481,0.8771043771043772,3.7705184053309178
4603,0.8933333333333333,0.8932941480393001,0.8697829716193656,0.9124343257443084,0.8932941480393002,0.9236086486818368,0.8905982905982905,0.8779912369396697,3.684169465350065
4604,0.8958333333333334,0.8957983216620046,0.8747913188647746,0.9128919860627178,0.8957983216620046,0.925091652463746,0.8934356351236146,0.8821548821548821,3.597822524362788
4605,0.89,0.8899663610176695,0.8697829716193656,0.9060869565217392,0.8899663610176695,0.9204349640705524,0.8875638841567292,0.8768091551666106,3.799301385324535
4606,0.8966666666666666,0.8966247128464245,0.8714524207011686,0.9173989455184536,0.8966247128464245,0.9265090164431444,0.8938356164383562,0.8802698145025295,3.5690382117067867
4607,0.8941666666666667,0.8941344281511893,0.8747913188647746,0.9097222222222222,0.8941344281511894,0.9235067705434984,0.8919148936170213,0.8815612382234185,3.6553884843500226
4608,0.895,0.89494693040814,0.8631051752921536,0.9215686274509804,0.89494693040814,0.9265035680382336,0.8913793103448275,0.8741968211024687,3.626600840038064
4609,0.8933333333333333,0.8932830368973247,0.8631051752921536,0.9182948490230906,0.8932830368973247,0.9248666788242887,0.8898450946643717,0.8736059479553904,3.6841668000252974
4610,0.8958333333333334,0.8957872105200292,0.8681135225375626,0.9187279151943464,0.8957872105200293,0.9263373855326212,0.8927038626609441,0.8777852802160703,3.5978198590380215
4611,0.8883333333333333,0.8882969119358665,0.8664440734557596,0.9057591623036648,0.8882969119358666,0.9194349512130456,0.8856655290102388,0.8740316604917482,3.8568660126493857
4612,0.8883333333333333,0.8882913563648788,0.8631051752921536,0.9086115992970124,0.8882913563648789,0.9200250539612496,0.8852739726027399,0.8718381112984824,3.856864679987002
4613,0.8958333333333334,0.8958010994474985,0.8764607679465777,0.9114583333333334,0.8958010994474984,0.9247928839732888,0.8936170212765958,0.8832436069986541,3.5978231906939797
4614,0.8933333333333333,0.8932969258247939,0.8714524207011686,0.9109947643979056,0.8932969258247939,0.9233069258828706,0.8907849829351536,0.8790838666217581,3.6841701316812565
4615,0.8858333333333334,0.8857927383131621,0.8614357262103506,0.9052631578947368,0.8857927383131621,0.9179327753858773,0.8828058169375534,0.8698583951449764,3.9432129536366625
4616,0.885,0.8849746804852235,0.8697829716193656,0.8967297762478486,0.8849746804852237,0.9157563739336072,0.8830508474576272,0.8750419885791065,3.971999265286239
4617,0.895,0.8949580415501154,0.8697829716193656,0.9156414762741651,0.8949580415501155,0.9252122239467656,0.892123287671233,0.8785834738617201,3.6266035053628296
4618,0.8875,0.8874566318239773,0.8614357262103506,0.908450704225352,0.8874566318239773,0.9195265485511848,0.884318766066838,0.8704453441295548,3.8856469936494284
4619,0.8875,0.8874705207514465,0.8697829716193656,0.9013840830449829,0.8874705207514465,0.918083527332174,0.8853016142735769,0.8759246805648958,3.8856503253053867
4620,0.89,0.8899496943047064,0.8597662771285476,0.9147424511545292,0.8899496943047064,0.9222543641415384,0.8864027538726335,0.8702264278472458,3.799297387337383
4621,0.8908333333333334,0.8907983077730771,0.8697829716193656,0.9076655052264808,0.8907983077730771,0.9212242384229232,0.8883205456095481,0.8771043771043772,3.7705184053309173
4622,0.8833333333333333,0.8832996758324329,0.8631051752921536,0.8991304347826087,0.883299675832433,0.9152844717040478,0.8807495741056218,0.8700774150117806,4.029562559948706
4623,0.8983333333333333,0.8982913841427337,0.8731218697829716,0.9191564147627416,0.8982913841427337,0.9278058089395232,0.8955479452054794,0.881956155143339,3.511472918050744
4624,0.885,0.8849580137722605,0.8597662771285476,0.905096660808436,0.8849580137722605,0.9174314689684916,0.8818493150684931,0.8684654300168635,3.9719952672990875
4625,0.8991666666666667,0.8991205531126475,0.8714524207011686,0.92226148409894,0.8991205531126476,0.9289402857333876,0.8961373390557941,0.8811613774476705,3.4826892717259343
4626,0.8891666666666667,0.8891371920477557,0.8714524207011686,0.9031141868512109,0.8891371920477557,0.9193666371095229,0.887000849617672,0.8776059179556153,3.8280850316493433
4627,0.8883333333333333,0.8882996897213603,0.8681135225375626,0.9043478260869564,0.8882996897213604,0.9191473409789264,0.8858603066439522,0.8751262201279031,3.8568666789805777
4628,0.8883333333333333,0.8882996897213603,0.8681135225375626,0.9043478260869564,0.8882996897213604,0.9191473409789264,0.8858603066439522,0.8751262201279031,3.8568666789805777
4629,0.8925,0.8924677568548801,0.8731218697829716,0.9079861111111112,0.8924677568548801,0.9222206571137079,0.8902127659574468,0.8798788694481829,3.712953778006067
4630,0.8925,0.892451090141917,0.8631051752921536,0.9166666666666666,0.892451090141917,0.9240525876460768,0.8890799656061908,0.8733108108108109,3.712949780018915
4631,0.8908333333333334,0.8907927522020894,0.8664440734557596,0.9105263157894736,0.8907927522020895,0.92181852795595,0.8879384088964927,0.8749157113958194,3.770517072668533
4632,0.8983333333333333,0.8982858285717459,0.8697829716193656,0.9221238938053096,0.8982858285717459,0.9284534327123376,0.8951890034364259,0.8797703478554542,3.51147158538836
4633,0.8983333333333333,0.8982886063572398,0.8714524207011686,0.9206349206349206,0.89828860635724,0.928127004001378,0.8953687821612349,0.8808639892001351,3.5114722517195536
4634,0.8891666666666667,0.8891260809057803,0.8647746243739566,0.9087719298245616,0.8891260809057803,0.9205232770992592,0.8862275449101797,0.873229939312205,3.828082366324576
4635,0.8875,0.8874649651804588,0.8664440734557596,0.9041811846689896,0.8874649651804588,0.918645962395708,0.8849104859335039,0.8737373737373738,3.885648992643004
4636,0.8925,0.8924677568548801,0.8731218697829716,0.9079861111111112,0.8924677568548801,0.9222206571137079,0.8902127659574468,0.8798788694481829,3.712953778006067
4637,0.8908333333333334,0.8907899744165956,0.8647746243739566,0.9119718309859156,0.8907899744165956,0.9221232276799358,0.8877463581833761,0.8738191632928475,3.7705164063373418
4638,0.8875,0.8874538540384834,0.8597662771285476,0.9098939929328622,0.8874538540384834,0.9198301350307048,0.8841201716738198,0.8693450371370697,3.8856463273182364
4639,0.885,0.8849607915577543,0.8614357262103506,0.9036777583187392,0.8849607915577543,0.917140075597878,0.8820512820512819,0.8695652173913043,3.97199593363028
4640,0.89,0.8899635832321756,0.8681135225375626,0.9075043630017452,0.8899635832321756,0.9207256094363204,0.8873720136518772,0.8757157292017514,3.799300718993343
4641,0.8941666666666667,0.8941372059366832,0.8764607679465777,0.9083044982698962,0.8941372059366832,0.9232159664415704,0.8920985556499575,0.8826496301277741,3.655389150681216
4642,0.89,0.8899580276611879,0.8647746243739566,0.9103690685413004,0.8899580276611879,0.9213218464576284,0.8869863013698629,0.8735244519392918,3.799299386330959
4643,0.8941666666666667,0.8941288725802016,0.8714524207011686,0.9125874125874126,0.8941288725802016,0.924103249977624,0.8915456874466268,0.8793800539083559,3.65538715168764
4644,0.8925,0.8924483123564232,0.8614357262103506,0.9181494661921707,0.8924483123564233,0.9243759295345941,0.8888888888888888,0.8722109533468562,3.7129491136877233
4645,0.89,0.8899691388031633,0.8714524207011686,0.9046793760831888,0.8899691388031634,0.9201492317255121,0.8877551020408163,0.8779011099899092,3.799302051655725
4646,0.89,0.8899608054466818,0.8664440734557596,0.9089316987740804,0.8899608054466819,0.9210212194482534,0.8871794871794872,0.8746208291203236,3.7993000526621516
4647,0.89,0.8899552498756941,0.8631051752921536,0.9118165784832452,0.8899552498756941,0.9216275435543662,0.8867924528301886,0.8724265946675666,3.7992987199997668
4648,0.8891666666666667,0.8891260809057803,0.8647746243739566,0.9087719298245616,0.8891260809057803,0.9205232770992592,0.8862275449101797,0.873229939312205,3.828082366324576
4649,0.8958333333333334,0.8957983216620046,0.8747913188647746,0.9128919860627178,0.8957983216620046,0.925091652463746,0.8934356351236146,0.8821548821548821,3.597822524362788
4650,0.8925,0.8924566457129047,0.8664440734557596,0.9137323943661972,0.8924566457129047,0.9234215672443116,0.8894601542416453,0.875506072874494,3.7129511126812975
4651,0.895,0.8949580415501154,0.8697829716193656,0.9156414762741651,0.8949580415501155,0.9252122239467656,0.892123287671233,0.8785834738617201,3.6266035053628314
4652,0.8891666666666667,0.8891205253347926,0.8614357262103506,0.9116607773851589,0.8891205253347927,0.9211315851310882,0.8858369098712446,0.8710330857528696,3.8280810336621927
4653,0.8883333333333333,0.8882885785793849,0.8614357262103506,0.91005291005291,0.8882885785793849,0.9203276514649636,0.8850771869639794,0.8707391157610529,3.8568640136558106
4654,0.8858333333333334,0.8857982938841497,0.8647746243739566,0.902439024390244,0.8857982938841497,0.9173568243821002,0.8832054560954816,0.8720538720538722,3.9432142862990474
4655,0.8966666666666666,0.8966302684174122,0.8747913188647746,0.9144851657940664,0.8966302684174122,0.9258882423294206,0.89419795221843,0.8824520040417649,3.5690395443691703
4656,0.8891666666666667,0.8891233031202864,0.8631051752921536,0.9102112676056338,0.8891233031202864,0.9208248881155604,0.8860325621251072,0.8721322537112012,3.8280816999933838
4657,0.89,0.8899635832321756,0.8681135225375626,0.9075043630017452,0.8899635832321756,0.9207256094363204,0.8873720136518772,0.8757157292017514,3.799300718993342
4658,0.8891666666666667,0.889131636476768,0.8681135225375626,0.9059233449477352,0.889131636476768,0.9199351004093156,0.886615515771526,0.8754208754208754,3.82808369898696
4659,0.8883333333333333,0.8882858007938911,0.8597662771285476,0.9115044247787609,0.8882858007938911,0.9206353509536542,0.8848797250859107,0.8696386355960823,3.8568633473246186
4660,0.8891666666666667,0.889131636476768,0.8681135225375626,0.9059233449477352,0.889131636476768,0.9199351004093156,0.886615515771526,0.8754208754208754,3.82808369898696
4661,0.8908333333333334,0.8907983077730771,0.8697829716193656,0.9076655052264808,0.8907983077730771,0.9212242384229232,0.8883205456095481,0.8771043771043772,3.7705184053309178
4662,0.895,0.8949608193356092,0.8714524207011686,0.914185639229422,0.8949608193356092,0.9249023632986288,0.8923076923076921,0.8796764408493427,3.6266041716940234
4663,0.8875,0.8874538540384834,0.8597662771285476,0.9098939929328622,0.8874538540384834,0.9198301350307048,0.8841201716738198,0.8693450371370697,3.885646327318236
4664,0.8891666666666667,0.8891344142622618,0.8697829716193656,0.9045138888888888,0.8891344142622618,0.9196484302541272,0.8868085106382977,0.8765141318977121,3.828084365318152
4665,0.8916666666666667,0.8916163656010155,0.8614357262103506,0.9165186500888101,0.8916163656010156,0.9235605214829136,0.8881239242685026,0.8719161879013181,3.7417320936813407
4666,0.8858333333333334,0.8857955160986558,0.8631051752921536,0.903846153846154,0.8857955160986559,0.9176423312358204,0.8830059777967549,0.8709568733153639,3.9432136199678536
4667,0.8941666666666667,0.8941177614382262,0.8647746243739566,0.9184397163120568,0.8941177614382263,0.9253571703430068,0.8907996560619089,0.875,3.655384486362872
4668,0.8891666666666667,0.8891344142622618,0.8697829716193656,0.9045138888888888,0.8891344142622618,0.9196484302541272,0.8868085106382977,0.8765141318977121,3.828084365318152
4669,0.8925,0.8924594234983986,0.8681135225375626,0.912280701754386,0.8924594234983986,0.9231137788126408,0.8896492728828058,0.8766014834794336,3.7129517790124895
4670,0.8933333333333333,0.8933024813957816,0.8747913188647746,0.9081455805892548,0.8933024813957816,0.9227184497270148,0.8911564625850341,0.8812647157753111,3.68417146434364
4671,0.8941666666666667,0.8941288725802016,0.8714524207011686,0.9125874125874126,0.8941288725802016,0.924103249977624,0.8915456874466268,0.8793800539083559,3.65538715168764
4672,0.8908333333333334,0.8907983077730771,0.8697829716193656,0.9076655052264808,0.8907983077730771,0.9212242384229232,0.8883205456095481,0.8771043771043772,3.7705184053309178
4673,0.8808333333333334,0.8807927244242345,0.8564273789649416,0.9,0.8807927244242345,0.9140470228158042,0.8776732249786142,0.8648010788941335,4.115908834604792
4674,0.89,0.8899635832321756,0.8681135225375626,0.9075043630017452,0.8899635832321756,0.9207256094363204,0.8873720136518772,0.8757157292017514,3.799300718993343
4675,0.8933333333333333,0.8933024813957816,0.8747913188647746,0.9081455805892548,0.8933024813957816,0.9227184497270148,0.8911564625850341,0.8812647157753111,3.684171464343641
4676,0.8933333333333333,0.8932941480393001,0.8697829716193656,0.9124343257443084,0.8932941480393002,0.9236086486818368,0.8905982905982905,0.8779912369396697,3.6841694653500654
4677,0.8966666666666666,0.8966163794899429,0.8664440734557596,0.921847246891652,0.8966163794899429,0.9274789935070392,0.8932874354561101,0.8769854680635351,3.569036212713212
4678,0.8875,0.8874649651804588,0.8664440734557596,0.9041811846689896,0.8874649651804588,0.918645962395708,0.8849104859335039,0.8737373737373738,3.885648992643004
4679,0.8958333333333334,0.8958038772329924,0.8781302170283807,0.9100346020761244,0.8958038772329923,0.9244990762189192,0.8937977909940527,0.8843308675184937,3.597823857025172
4680,0.8891666666666667,0.8891344142622618,0.8697829716193656,0.9045138888888888,0.8891344142622618,0.9196484302541272,0.8868085106382977,0.8765141318977121,3.828084365318152
4681,0.8891666666666667,0.8891344142622618,0.8697829716193656,0.9045138888888888,0.8891344142622618,0.9196484302541272,0.8868085106382977,0.8765141318977121,3.828084365318152
4682,0.8908333333333334,0.8907899744165956,0.8647746243739566,0.9119718309859156,0.8907899744165956,0.9221232276799358,0.8877463581833761,0.8738191632928475,3.7705164063373418
4683,0.8958333333333334,0.8958010994474985,0.8764607679465777,0.9114583333333334,0.8958010994474984,0.9247928839732888,0.8936170212765958,0.8832436069986541,3.5978231906939797
4684,0.8966666666666666,0.8966302684174122,0.8747913188647746,0.9144851657940664,0.8966302684174122,0.9258882423294206,0.89419795221843,0.8824520040417649,3.5690395443691703
4685,0.8925,0.8924733124258679,0.8764607679465777,0.9051724137931034,0.8924733124258679,0.9216499242031738,0.8905852417302799,0.8820564516129031,3.7129551106684495
4686,0.8958333333333334,0.8957983216620046,0.8747913188647746,0.9128919860627178,0.8957983216620046,0.925091652463746,0.8934356351236146,0.8821548821548821,3.597822524362788
4687,0.8883333333333333,0.8882913563648788,0.8631051752921536,0.9086115992970124,0.8882913563648789,0.9200250539612496,0.8852739726027399,0.8718381112984824,3.856864679987002
4688,0.8925,0.8924622012838924,0.8697829716193656,0.9108391608391608,0.8924622012838925,0.9228110662292632,0.8898377455166524,0.8776954177897575,3.7129524453436815
4689,0.885,0.8849635693432482,0.8631051752921536,0.9022687609075044,0.8849635693432483,0.9168536347664956,0.8822525597269624,0.8706635230717413,3.971996599961472
4690,0.885,0.884966347128742,0.8647746243739566,0.9008695652173913,0.884966347128742,0.916572094795674,0.8824531516183987,0.871760350050488,3.971997266292664
4691,0.8858333333333334,0.8857927383131621,0.8614357262103506,0.9052631578947368,0.8857927383131621,0.9179327753858773,0.8828058169375534,0.8698583951449764,3.9432129536366625
4692,0.895,0.8949663749065969,0.8747913188647746,0.9113043478260868,0.894966374906597,0.9242978333454308,0.8926746166950595,0.8818579602827331,3.6266055043564065
4693,0.8941666666666667,0.8941344281511893,0.8747913188647746,0.9097222222222222,0.8941344281511894,0.9235067705434984,0.8919148936170213,0.8815612382234185,3.6553884843500226
4694,0.8933333333333333,0.8932941480393001,0.8697829716193656,0.9124343257443084,0.8932941480393002,0.9236086486818368,0.8905982905982905,0.8779912369396697,3.684169465350065
4695,0.8916666666666667,0.8916358100994725,0.8731218697829716,0.9064124783362218,0.8916358100994725,0.9214338407262634,0.8894557823129251,0.8795829128826101,3.7417367579996834
4696,0.8875,0.8874649651804588,0.8664440734557596,0.9041811846689896,0.8874649651804588,0.918645962395708,0.8849104859335039,0.8737373737373738,3.885648992643004
4697,0.8883333333333333,0.8882941341503726,0.8647746243739566,0.9071803852889668,0.8882941341503726,0.9197275048314616,0.8854700854700855,0.8729356252106506,3.8568653463181937
4698,0.89,0.8899663610176695,0.8697829716193656,0.9060869565217392,0.8899663610176695,0.9204349640705524,0.8875638841567292,0.8768091551666106,3.799301385324535
4699,0.8916666666666667,0.8916358100994725,0.8731218697829716,0.9064124783362218,0.8916358100994725,0.9214338407262634,0.8894557823129251,0.8795829128826101,3.7417367579996834
4700,0.8925,0.8924622012838924,0.8697829716193656,0.9108391608391608,0.8924622012838925,0.9228110662292632,0.8898377455166524,0.8776954177897575,3.7129524453436815
4701,0.8933333333333333,0.8932858146828185,0.8647746243739566,0.9168141592920354,0.8932858146828186,0.924544391832996,0.8900343642611684,0.8747044917257683,3.684167466356489
4702,0.8925,0.8924594234983986,0.8681135225375626,0.912280701754386,0.8924594234983986,0.9231137788126408,0.8896492728828058,0.8766014834794336,3.7129517790124895
4703,0.8975,0.8974622151728199,0.8747913188647746,0.9160839160839158,0.8974622151728199,0.9266876174743454,0.8949615713065756,0.8827493261455525,3.5402565643755532
4704,0.8933333333333333,0.8933052591812756,0.8764607679465777,0.9067357512953368,0.8933052591812756,0.9224315929542906,0.8913412563667233,0.8823529411764707,3.684172130674833
4705,0.895,0.8949663749065969,0.8747913188647746,0.9113043478260868,0.894966374906597,0.9242978333454308,0.8926746166950595,0.8818579602827331,3.6266055043564065
4706,0.8891666666666667,0.8891371920477557,0.8714524207011686,0.9031141868512109,0.8891371920477557,0.9193666371095229,0.887000849617672,0.8776059179556153,3.8280850316493438
4707,0.8975,0.8974622151728199,0.8747913188647746,0.9160839160839158,0.8974622151728199,0.9266876174743454,0.8949615713065756,0.8827493261455525,3.5402565643755537
4708,0.8958333333333334,0.8958038772329924,0.8781302170283807,0.9100346020761244,0.8958038772329923,0.9244990762189192,0.8937977909940527,0.8843308675184937,3.597823857025172
4709,0.8933333333333333,0.8932997036102878,0.8731218697829716,0.9095652173913044,0.8932997036102878,0.9230102102538046,0.8909710391822827,0.8801750252440255,3.684170798012448
4710,0.8958333333333334,0.8958038772329924,0.8781302170283807,0.9100346020761244,0.8958038772329923,0.9244990762189192,0.8937977909940527,0.8843308675184937,3.597823857025172
4711,0.8916666666666667,0.8916191433865094,0.8631051752921536,0.9150442477876106,0.8916191433865094,0.9232413782065488,0.8883161512027492,0.8730158730158731,3.741732760012532
4712,0.8858333333333334,0.8858038494551373,0.8681135225375626,0.8996539792387543,0.8858038494551375,0.9168004175548252,0.8836023789294817,0.8742434431741762,3.943215618961429
4713,0.8966666666666666,0.8966274906319184,0.8731218697829716,0.915936952714536,0.8966274906319185,0.9261960779154204,0.8940170940170941,0.8813616447590157,3.5690388780379787
4714,0.8858333333333334,0.8857927383131621,0.8614357262103506,0.9052631578947368,0.8857927383131621,0.9179327753858773,0.8828058169375534,0.8698583951449764,3.9432129536366625
4715,0.8883333333333333,0.8882969119358665,0.8664440734557596,0.9057591623036648,0.8882969119358666,0.9194349512130456,0.8856655290102388,0.8740316604917482,3.8568660126493857
4716,0.8875,0.8874649651804588,0.8664440734557596,0.9041811846689896,0.8874649651804588,0.918645962395708,0.8849104859335039,0.8737373737373738,3.8856489926430022
4717,0.8858333333333334,0.8857955160986558,0.8631051752921536,0.903846153846154,0.8857955160986559,0.9176423312358204,0.8830059777967549,0.8709568733153639,3.9432136199678536
4718,0.8933333333333333,0.8932913702538062,0.8681135225375626,0.9138840070298768,0.8932913702538062,0.9239154314503863,0.8904109589041096,0.8768971332209107,3.684168799018873
4719,0.8908333333333334,0.8907955299875833,0.8681135225375626,0.9090909090909092,0.8907955299875833,0.9215188824809024,0.8881298035866779,0.8760107816711591,3.7705177389997258
4720,0.8866666666666667,0.8866246850685696,0.8614357262103506,0.906854130052724,0.8866246850685696,0.9187282614648709,0.8835616438356164,0.8701517706576729,3.914429973643045
4721,0.895,0.8949774860485724,0.8814691151919867,0.9056603773584906,0.8949774860485724,0.923148079608572,0.8934010152284264,0.8862034239677744,3.6266081696811736
4722,0.895,0.8949635971211031,0.8731218697829716,0.912739965095986,0.8949635971211031,0.9245975841061456,0.8924914675767918,0.8807679353317615,3.626604838025214
4723,0.8975,0.8974649929583138,0.8764607679465777,0.9146341463414634,0.8974649929583137,0.926380790477354,0.8951406649616369,0.8838383838383839,3.5402572307067453
4724,0.89,0.8899663610176695,0.8697829716193656,0.9060869565217392,0.8899663610176695,0.9204349640705524,0.8875638841567292,0.8768091551666106,3.7993013853245334
4725,0.8916666666666667,0.8916330323139786,0.8714524207011686,0.9078260869565218,0.8916330323139787,0.9217225871621784,0.8892674616695061,0.878492090205318,3.741736091668492
4726,0.8925,0.8924677568548801,0.8731218697829716,0.9079861111111112,0.8924677568548801,0.9222206571137079,0.8902127659574468,0.8798788694481829,3.712953778006067
4727,0.8941666666666667,0.8941233170092139,0.8681135225375626,0.9154929577464788,0.8941233170092139,0.9247199068086874,0.8911739502999143,0.8771929824561403,3.655385819025256
4728,0.8908333333333334,0.8907927522020894,0.8664440734557596,0.9105263157894736,0.8907927522020895,0.92181852795595,0.8879384088964927,0.8749157113958194,3.770517072668533
4729,0.8908333333333334,0.8907983077730771,0.8697829716193656,0.9076655052264808,0.8907983077730771,0.9212242384229232,0.8883205456095481,0.8771043771043772,3.7705184053309178
4730,0.8933333333333333,0.8932802591118308,0.8614357262103506,0.9197860962566844,0.8932802591118308,0.925194244566851,0.8896551724137931,0.8725059181602977,3.6841661336941054
4731,0.89,0.8899691388031633,0.8714524207011686,0.9046793760831888,0.8899691388031634,0.9201492317255121,0.8877551020408163,0.8779011099899092,3.7993020516557263
4732,0.8891666666666667,0.8891260809057803,0.8647746243739566,0.9087719298245616,0.8891260809057803,0.9205232770992592,0.8862275449101797,0.873229939312205,3.828082366324576
4733,0.8933333333333333,0.8932997036102878,0.8731218697829716,0.9095652173913044,0.8932997036102878,0.9230102102538046,0.8909710391822827,0.8801750252440255,3.684170798012448
4734,0.8941666666666667,0.8941288725802016,0.8714524207011686,0.9125874125874126,0.8941288725802016,0.924103249977624,0.8915456874466268,0.8793800539083559,3.655387151687639
4735,0.8866666666666667,0.8866330184250512,0.8664440734557596,0.902608695652174,0.8866330184250512,0.9178597178873001,0.8841567291311754,0.8734432850891956,3.914431972636621
4736,0.8958333333333334,0.8957983216620046,0.8747913188647746,0.9128919860627178,0.8957983216620046,0.925091652463746,0.8934356351236146,0.8821548821548821,3.597822524362788
4737,0.8908333333333334,0.8907899744165956,0.8647746243739566,0.9119718309859156,0.8907899744165956,0.9221232276799358,0.8877463581833761,0.8738191632928475,3.7705164063373418
4738,0.89,0.8899635832321756,0.8681135225375626,0.9075043630017452,0.8899635832321756,0.9207256094363204,0.8873720136518772,0.8757157292017514,3.799300718993343
4739,0.8875,0.8874594096094711,0.8631051752921536,0.9070175438596492,0.8874594096094712,0.919228026242568,0.8845166809238666,0.8715441672285906,3.8856476599806182
4740,0.8866666666666667,0.886635796210545,0.8681135225375626,0.901213171577123,0.8866357962105451,0.9175800137240095,0.8843537414965985,0.874537504204507,3.914432638967812
4741,0.8933333333333333,0.8932885924683124,0.8664440734557596,0.9153439153439152,0.8932885924683124,0.9242273277331708,0.8902229845626072,0.8758015524805941,3.6841681326876814
4742,0.8875,0.8874566318239773,0.8614357262103506,0.908450704225352,0.8874566318239773,0.9195265485511848,0.884318766066838,0.8704453441295548,3.8856469936494284
4743,0.8916666666666667,0.8916274767429909,0.8681135225375626,0.9106830122591943,0.8916274767429909,0.9223149340650452,0.8888888888888888,0.8763060330299968,3.741734759006108
4744,0.8933333333333333,0.8932885924683124,0.8664440734557596,0.9153439153439152,0.8932885924683124,0.9242273277331708,0.8902229845626072,0.8758015524805941,3.6841681326876814
4745,0.8933333333333333,0.8933052591812756,0.8764607679465777,0.9067357512953368,0.8933052591812756,0.9224315929542906,0.8913412563667233,0.8823529411764707,3.684172130674833
4746,0.8925,0.8924649790693863,0.8714524207011686,0.9094076655052264,0.8924649790693864,0.9225133764365308,0.8900255754475703,0.8787878787878788,3.712953111674874
4747,0.8925,0.8924538679274109,0.8647746243739566,0.9151943462897526,0.8924538679274109,0.9237344853318544,0.8892703862660943,0.87440918298447,3.7129504463501073
4748,0.8941666666666667,0.8941288725802016,0.8714524207011686,0.9125874125874126,0.8941288725802016,0.924103249977624,0.8915456874466268,0.8793800539083559,3.65538715168764
4749,0.8933333333333333,0.8933052591812756,0.8764607679465777,0.9067357512953368,0.8933052591812756,0.9224315929542906,0.8913412563667233,0.8823529411764707,3.684172130674833
4750,0.8975,0.8974566596018322,0.8714524207011686,0.9190140845070424,0.8974566596018322,0.9273165859374388,0.8946015424164525,0.880566801619433,3.5402552317131697
4751,0.8883333333333333,0.8882858007938911,0.8597662771285476,0.9115044247787609,0.8882858007938911,0.9206353509536542,0.8848797250859107,0.8696386355960823,3.8568633473246186
4752,0.8908333333333334,0.890801085558571,0.8714524207011686,0.90625,0.8908010855585711,0.9209345436839176,0.8885106382978722,0.8781965006729474,3.770519071662109
4753,0.8941666666666667,0.8941288725802016,0.8714524207011686,0.9125874125874126,0.8941288725802016,0.924103249977624,0.8915456874466268,0.8793800539083559,3.655387151687639
4754,0.8941666666666667,0.8941344281511893,0.8747913188647746,0.9097222222222222,0.8941344281511894,0.9235067705434984,0.8919148936170213,0.8815612382234185,3.6553884843500226
4755,0.8966666666666666,0.8966163794899429,0.8664440734557596,0.921847246891652,0.8966163794899429,0.9274789935070392,0.8932874354561101,0.8769854680635351,3.569036212713212
4756,0.8933333333333333,0.8932885924683124,0.8664440734557596,0.9153439153439152,0.8932885924683124,0.9242273277331708,0.8902229845626072,0.8758015524805941,3.6841681326876814
4757,0.8883333333333333,0.8882885785793849,0.8614357262103506,0.91005291005291,0.8882885785793849,0.9203276514649636,0.8850771869639794,0.8707391157610529,3.8568640136558106
4758,0.8933333333333333,0.8932885924683124,0.8664440734557596,0.9153439153439152,0.8932885924683124,0.9242273277331708,0.8902229845626072,0.8758015524805941,3.6841681326876814
4759,0.8883333333333333,0.8883024675068542,0.8697829716193656,0.9029462738301559,0.8883024675068542,0.9188646227247608,0.8860544217687075,0.8762193070972082,3.856867345311769
4760,0.8891666666666667,0.889131636476768,0.8681135225375626,0.9059233449477352,0.889131636476768,0.9199351004093156,0.886615515771526,0.8754208754208754,3.82808369898696
4761,0.8916666666666667,0.8916413656704603,0.8764607679465777,0.9036144578313252,0.8916413656704602,0.9208709462222848,0.8898305084745762,0.8817601612361438,3.741738090662067
4762,0.8891666666666667,0.8891344142622618,0.8697829716193656,0.9045138888888888,0.8891344142622618,0.9196484302541272,0.8868085106382977,0.8765141318977121,3.8280843653181518
4763,0.8975,0.8974622151728199,0.8747913188647746,0.9160839160839158,0.8974622151728199,0.9266876174743454,0.8949615713065756,0.8827493261455525,3.5402565643755537
4764,0.8866666666666667,0.886635796210545,0.8681135225375626,0.901213171577123,0.8866357962105451,0.9175800137240095,0.8843537414965985,0.874537504204507,3.914432638967812
4765,0.8883333333333333,0.8882969119358665,0.8664440734557596,0.9057591623036648,0.8882969119358666,0.9194349512130456,0.8856655290102388,0.8740316604917482,3.8568660126493857
4766,0.8858333333333334,0.8858066272406312,0.8697829716193656,0.8982758620689655,0.8858066272406313,0.9165294168441656,0.8837998303647158,0.8753360215053764,3.943216285292621
4767,0.8866666666666667,0.8866219072830758,0.8597662771285476,0.908289241622575,0.8866219072830758,0.9190277593755612,0.8833619210977702,0.8690516368545395,3.914429307311853
4768,0.8925,0.8924677568548801,0.8731218697829716,0.9079861111111112,0.8924677568548801,0.9222206571137079,0.8902127659574468,0.8798788694481829,3.712953778006067
4769,0.8958333333333334,0.8957927660910169,0.8714524207011686,0.9157894736842104,0.8957927660910169,0.9257042805260228,0.893071000855432,0.8799730276466621,3.5978211917004046
4770,0.8883333333333333,0.888305245292348,0.8714524207011686,0.9015544041450776,0.888305245292348,0.9185867457564564,0.8862478777589133,0.8773109243697479,3.856868011642961
4771,0.8908333333333334,0.8907760854891263,0.8564273789649416,0.9193548387096774,0.8907760854891263,0.9237244421706428,0.8867761452031114,0.8683141503046717,3.770513074681383
4772,0.8941666666666667,0.8941288725802016,0.8714524207011686,0.9125874125874126,0.8941288725802016,0.924103249977624,0.8915456874466268,0.8793800539083559,3.65538715168764
4773,0.8941666666666667,0.8941288725802016,0.8714524207011686,0.9125874125874126,0.8941288725802016,0.924103249977624,0.8915456874466268,0.8793800539083559,3.65538715168764
4774,0.8975,0.8974733263147954,0.8814691151919867,0.9103448275862068,0.8974733263147953,0.92549030472243,0.8956743002544529,0.8870967741935484,3.5402592297003217
4775,0.8875,0.887462187394965,0.8647746243739566,0.9055944055944056,0.887462187394965,0.9189345149841812,0.8847139197267293,0.8726415094339622,3.885648326311812
4776,0.8858333333333334,0.8857982938841497,0.8647746243739566,0.902439024390244,0.8857982938841497,0.9173568243821002,0.8832054560954816,0.8720538720538722,3.9432142862990474
4777,0.9,0.8999608332245368,0.8764607679465777,0.9194395796847636,0.8999608332245368,0.928783507149004,0.8974358974358975,0.8847320525783621,3.453908290725893
4778,0.8941666666666667,0.8941233170092139,0.8681135225375626,0.9154929577464788,0.8941233170092139,0.9247199068086874,0.8911739502999143,0.8771929824561403,3.655385819025256
4779,0.8925,0.8924733124258679,0.8764607679465777,0.9051724137931034,0.8924733124258679,0.9216499242031738,0.8905852417302799,0.8820564516129031,3.7129551106684495
4780,0.8958333333333334,0.8958010994474985,0.8764607679465777,0.9114583333333334,0.8958010994474984,0.9247928839732888,0.8936170212765958,0.8832436069986541,3.5978231906939797
4781,0.89,0.8899580276611879,0.8647746243739566,0.9103690685413004,0.8899580276611879,0.9213218464576284,0.8869863013698629,0.8735244519392918,3.799299386330959
4782,0.8883333333333333,0.8883080230778418,0.8731218697829716,0.9001721170395869,0.888308023077842,0.918313660077946,0.8864406779661016,0.878401074907625,3.8568686779741532
4783,0.8891666666666667,0.8891371920477557,0.8714524207011686,0.9031141868512109,0.8891371920477557,0.9193666371095229,0.887000849617672,0.8776059179556153,3.8280850316493433
4784,0.8958333333333334,0.8957872105200292,0.8681135225375626,0.9187279151943464,0.8957872105200293,0.9263373855326212,0.8927038626609441,0.8777852802160703,3.5978198590380215
4785,0.8941666666666667,0.8941427615076709,0.8797996661101837,0.9054982817869416,0.8941427615076708,0.9226489739485626,0.8924640135478409,0.8848220282068503,3.655390483343598
4786,0.8916666666666667,0.8916246989574971,0.8664440734557596,0.9121265377855888,0.8916246989574972,0.9226186389540076,0.8886986301369862,0.8752107925801013,3.7417340926749154
4787,0.8875,0.8874566318239773,0.8614357262103506,0.908450704225352,0.8874566318239773,0.9195265485511848,0.884318766066838,0.8704453441295548,3.8856469936494267
4788,0.8883333333333333,0.8882941341503726,0.8647746243739566,0.9071803852889668,0.8882941341503726,0.9197275048314616,0.8854700854700855,0.8729356252106506,3.8568653463181937
4789,0.8925,0.8924594234983986,0.8681135225375626,0.912280701754386,0.8924594234983986,0.9231137788126408,0.8896492728828058,0.8766014834794336,3.7129517790124895
4790,0.8916666666666667,0.8916246989574971,0.8664440734557596,0.9121265377855888,0.8916246989574972,0.9226186389540076,0.8886986301369862,0.8752107925801013,3.741734092674916
4791,0.8916666666666667,0.8916330323139786,0.8714524207011686,0.9078260869565218,0.8916330323139787,0.9217225871621784,0.8892674616695061,0.878492090205318,3.741736091668492
4792,0.8908333333333334,0.8907899744165956,0.8647746243739566,0.9119718309859156,0.8907899744165956,0.9221232276799358,0.8877463581833761,0.8738191632928475,3.770516406337341
4793,0.895,0.8949552637646215,0.8681135225375626,0.9171075837742504,0.8949552637646215,0.9255272198225732,0.8919382504288164,0.8774890313871075,3.626602839031638
4794,0.8966666666666666,0.8966219350609307,0.8697829716193656,0.9188712522045857,0.8966219350609307,0.9268271119119756,0.8936535162950257,0.8791765102936213,3.569037545375595
4795,0.8975,0.8974622151728199,0.8747913188647746,0.9160839160839158,0.8974622151728199,0.9266876174743454,0.8949615713065756,0.8827493261455525,3.5402565643755537
4796,0.8866666666666667,0.8866302406395573,0.8647746243739566,0.9040139616055848,0.8866302406395573,0.9181442929897706,0.8839590443686007,0.8723475917817446,3.914431306305429
4797,0.8908333333333334,0.8908066411295587,0.8747913188647746,0.9034482758620691,0.8908066411295587,0.9203697973634218,0.8888888888888891,0.8803763440860215,3.7705204043244933
4798,0.8958333333333334,0.8957899883055229,0.8697829716193656,0.9172535211267606,0.8957899883055229,0.9260182463730632,0.8928877463581835,0.8788798920377867,3.5978205253692126
4799,0.8916666666666667,0.8916274767429909,0.8681135225375626,0.9106830122591943,0.8916274767429909,0.9223149340650452,0.8888888888888888,0.8763060330299968,3.741734759006108
4800,0.8916666666666667,0.8916246989574971,0.8664440734557596,0.9121265377855888,0.8916246989574972,0.9226186389540076,0.8886986301369862,0.8752107925801013,3.7417340926749154
4801,0.8825,0.8824649512915314,0.8614357262103506,0.8989547038327527,0.8824649512915314,0.914778548354885,0.8797953964194373,0.8686868686868686,4.058344873611131
4802,0.895,0.8949635971211031,0.8731218697829716,0.912739965095986,0.8949635971211031,0.9245975841061456,0.8924914675767918,0.8807679353317615,3.626604838025214
4803,0.8966666666666666,0.8966136017044491,0.8647746243739566,0.9233511586452764,0.8966136017044493,0.9278128915096164,0.8931034482758621,0.8758877240446399,3.56903554638202
4804,0.8925,0.8924705346403741,0.8747913188647746,0.9065743944636678,0.8924705346403741,0.9219328566642212,0.8903993203058623,0.8809683927370544,3.7129544443372575
4805,0.8925,0.8924594234983986,0.8681135225375626,0.912280701754386,0.8924594234983986,0.9231137788126408,0.8896492728828058,0.8766014834794336,3.7129517790124895
4806,0.8833333333333333,0.8832913424759513,0.8580968280467446,0.9033391915641475,0.8832913424759514,0.9161346764721128,0.8801369863013699,0.8667790893760541,4.0295605609551295
4807,0.8916666666666667,0.8916413656704603,0.8764607679465777,0.9036144578313252,0.8916413656704602,0.9208709462222848,0.8898305084745762,0.8817601612361438,3.741738090662067
4808,0.8883333333333333,0.8882996897213603,0.8681135225375626,0.9043478260869564,0.8882996897213604,0.9191473409789264,0.8858603066439522,0.8751262201279031,3.8568666789805777
4809,0.8925,0.8924538679274109,0.8647746243739566,0.9151943462897526,0.8924538679274109,0.9237344853318544,0.8892703862660943,0.87440918298447,3.7129504463501073
4810,0.8866666666666667,0.8866274628540635,0.8631051752921536,0.9054290718038528,0.8866274628540636,0.91843379021467,0.8837606837606837,0.8712504213009776,3.914430639974237
4811,0.89,0.8899691388031633,0.8714524207011686,0.9046793760831888,0.8899691388031634,0.9201492317255121,0.8877551020408163,0.8779011099899092,3.7993020516557263
4812,0.8891666666666667,0.8891399698332495,0.8731218697829716,0.9017241379310345,0.8891399698332496,0.9190896705236696,0.8871925360474978,0.8786962365591398,3.8280856979805353
4813,0.8941666666666667,0.8941316503656954,0.8731218697829716,0.911149825783972,0.8941316503656954,0.9238025144501384,0.8917306052855924,0.8804713804713805,3.655387818018831
4814,0.89,0.8899719165886572,0.8731218697829716,0.9032815198618308,0.8899719165886573,0.9198683614890678,0.8879456706281832,0.8789915966386554,3.7993027179869183
4815,0.8908333333333334,0.8907899744165956,0.8647746243739566,0.9119718309859156,0.8907899744165956,0.9221232276799358,0.8877463581833761,0.8738191632928475,3.7705164063373418
4816,0.8933333333333333,0.8932969258247939,0.8714524207011686,0.9109947643979056,0.8932969258247939,0.9233069258828706,0.8907849829351536,0.8790838666217581,3.6841701316812565
4817,0.885,0.8849774582707174,0.8714524207011686,0.8953687821612349,0.8849774582707174,0.9154939347645352,0.8832487309644669,0.8761329305135952,3.971999931617431
4818,0.8991666666666667,0.8991177753271536,0.8697829716193656,0.9237588652482268,0.8991177753271536,0.9292709184337964,0.8959587274290628,0.8800675675675678,3.4826886053947432
4819,0.8825,0.8824788402190006,0.8697829716193656,0.8921232876712328,0.8824788402190006,0.9134531296452992,0.8808114961961114,0.8741610738255033,4.058348205267092
4820,0.8958333333333334,0.8958010994474985,0.8764607679465777,0.9114583333333334,0.8958010994474984,0.9247928839732888,0.8936170212765958,0.8832436069986541,3.5978231906939797
4821,0.8933333333333333,0.8932997036102878,0.8731218697829716,0.9095652173913044,0.8932997036102878,0.9230102102538046,0.8909710391822827,0.8801750252440255,3.6841707980124485
4822,0.8883333333333333,0.8882969119358665,0.8664440734557596,0.9057591623036648,0.8882969119358666,0.9194349512130456,0.8856655290102388,0.8740316604917482,3.8568660126493857
4823,0.885,0.8849719026997297,0.8681135225375626,0.8981001727115717,0.8849719026997297,0.916023514291234,0.8828522920203735,0.8739495798319329,3.971998598955047
4824,0.8991666666666667,0.8991177753271536,0.8697829716193656,0.9237588652482268,0.8991177753271536,0.9292709184337964,0.8959587274290628,0.8800675675675678,3.4826886053947432
4825,0.8891666666666667,0.8891455254042373,0.8764607679465777,0.898972602739726,0.8891455254042372,0.9185500186764852,0.8875739644970415,0.8808724832214765,3.828087030642919
4826,0.8908333333333334,0.8907983077730771,0.8697829716193656,0.9076655052264808,0.8907983077730771,0.9212242384229232,0.8883205456095481,0.8771043771043772,3.7705184053309178
4827,0.8883333333333333,0.8882969119358665,0.8664440734557596,0.9057591623036648,0.8882969119358666,0.9194349512130456,0.8856655290102388,0.8740316604917482,3.8568660126493857
4828,0.8875,0.8874649651804588,0.8664440734557596,0.9041811846689896,0.8874649651804588,0.918645962395708,0.8849104859335039,0.8737373737373738,3.885648992643004
4829,0.8883333333333333,0.8883024675068542,0.8697829716193656,0.9029462738301559,0.8883024675068542,0.9188646227247608,0.8860544217687075,0.8762193070972082,3.856867345311769
4830,0.895,0.8949580415501154,0.8697829716193656,0.9156414762741651,0.8949580415501155,0.9252122239467656,0.892123287671233,0.8785834738617201,3.6266035053628296
4831,0.8916666666666667,0.8916413656704603,0.8764607679465777,0.9036144578313252,0.8916413656704602,0.9208709462222848,0.8898305084745762,0.8817601612361438,3.741738090662067
4832,0.8925,0.8924733124258679,0.8764607679465777,0.9051724137931034,0.8924733124258679,0.9216499242031738,0.8905852417302799,0.8820564516129031,3.7129551106684495
4833,0.8816666666666667,0.8816357823216175,0.8631051752921536,0.8960138648180243,0.8816357823216177,0.9137261867217557,0.879251700680272,0.8694920955264043,4.087128519935941
4834,0.8866666666666667,0.8866163517120881,0.8564273789649416,0.911190053285968,0.8866163517120881,0.919642049458788,0.8829604130808949,0.8668469077391011,3.9144279746494686
4835,0.895,0.8949663749065969,0.8747913188647746,0.9113043478260868,0.894966374906597,0.9242978333454308,0.8926746166950595,0.8818579602827331,3.6266055043564065
4836,0.8891666666666667,0.8891260809057803,0.8647746243739566,0.9087719298245616,0.8891260809057803,0.9205232770992592,0.8862275449101797,0.873229939312205,3.828082366324576
4837,0.8883333333333333,0.888305245292348,0.8714524207011686,0.9015544041450776,0.888305245292348,0.9185867457564564,0.8862478777589133,0.8773109243697479,3.856868011642961
4838,0.8875,0.887462187394965,0.8647746243739566,0.9055944055944056,0.887462187394965,0.9189345149841812,0.8847139197267293,0.8726415094339622,3.885648326311812
4839,0.8941666666666667,0.8941372059366832,0.8764607679465777,0.9083044982698962,0.8941372059366832,0.9232159664415704,0.8920985556499575,0.8826496301277741,3.655389150681215
4840,0.8966666666666666,0.8966302684174122,0.8747913188647746,0.9144851657940664,0.8966302684174122,0.9258882423294206,0.89419795221843,0.8824520040417649,3.5690395443691703
4841,0.895,0.8949691526920909,0.8764607679465777,0.9098786828422876,0.8949691526920908,0.924003058727766,0.8928571428571429,0.8829465186680122,3.6266061706875976
4842,0.8908333333333334,0.8907983077730771,0.8697829716193656,0.9076655052264808,0.8907983077730771,0.9212242384229232,0.8883205456095481,0.8771043771043772,3.7705184053309173
4843,0.8933333333333333,0.8933024813957816,0.8747913188647746,0.9081455805892548,0.8933024813957816,0.9227184497270148,0.8911564625850341,0.8812647157753111,3.684171464343641
4844,0.9033333333333332,0.9032997313881428,0.8831385642737897,0.92,0.9032997313881428,0.9307359488035614,0.901192504258944,0.8902726354762708,3.33877903607619
4845,0.895,0.8949580415501154,0.8697829716193656,0.9156414762741651,0.8949580415501155,0.9252122239467656,0.892123287671233,0.8785834738617201,3.6266035053628314
4846,0.8866666666666667,0.8866135739265942,0.8547579298831386,0.9126559714795008,0.8866135739265942,0.9199569506813196,0.8827586206896552,0.8657423063916131,3.914427308318277
4847,0.8866666666666667,0.8866330184250512,0.8664440734557596,0.902608695652174,0.8866330184250512,0.9178597178873001,0.8841567291311754,0.8734432850891956,3.914431972636621
4848,0.8983333333333333,0.8982913841427337,0.8731218697829716,0.9191564147627416,0.8982913841427337,0.9278058089395232,0.8955479452054794,0.881956155143339,3.511472918050744
4849,0.8891666666666667,0.8891260809057803,0.8647746243739566,0.9087719298245616,0.8891260809057803,0.9205232770992592,0.8862275449101797,0.873229939312205,3.828082366324576
4850,0.8991666666666667,0.8991316642546229,0.8781302170283807,0.9163763066202092,0.8991316642546229,0.9276699284909616,0.8968456947996591,0.8855218855218856,3.4826919370507023
4851,0.8875,0.8874594096094711,0.8631051752921536,0.9070175438596492,0.8874594096094712,0.919228026242568,0.8845166809238666,0.8715441672285906,3.8856476599806182
4852,0.895,0.8949691526920909,0.8764607679465777,0.9098786828422876,0.8949691526920908,0.924003058727766,0.8928571428571429,0.8829465186680122,3.6266061706875976
4853,0.8941666666666667,0.8941372059366832,0.8764607679465777,0.9083044982698962,0.8941372059366832,0.9232159664415704,0.8920985556499575,0.8826496301277741,3.655389150681216
4854,0.8933333333333333,0.8932969258247939,0.8714524207011686,0.9109947643979056,0.8932969258247939,0.9233069258828706,0.8907849829351536,0.8790838666217581,3.6841701316812565
4855,0.8966666666666666,0.8966163794899429,0.8664440734557596,0.921847246891652,0.8966163794899429,0.9274789935070392,0.8932874354561101,0.8769854680635351,3.569036212713212
4856,0.8916666666666667,0.8916246989574971,0.8664440734557596,0.9121265377855888,0.8916246989574972,0.9226186389540076,0.8886986301369862,0.8752107925801013,3.741734092674916
4857,0.89,0.8899691388031633,0.8714524207011686,0.9046793760831888,0.8899691388031634,0.9201492317255121,0.8877551020408163,0.8779011099899092,3.7993020516557263
4858,0.89,0.8899608054466818,0.8664440734557596,0.9089316987740804,0.8899608054466819,0.9210212194482534,0.8871794871794872,0.8746208291203236,3.7993000526621503
4859,0.8933333333333333,0.8932997036102878,0.8731218697829716,0.9095652173913044,0.8932997036102878,0.9230102102538046,0.8909710391822827,0.8801750252440255,3.684170798012448
4860,0.8916666666666667,0.8916246989574971,0.8664440734557596,0.9121265377855888,0.8916246989574972,0.9226186389540076,0.8886986301369862,0.8752107925801013,3.741734092674916
4861,0.0,0.0,0.0,0.0,0.0,0.0,0.0,0.0,0.0
4862,0.0,0.0,0.0,0.0,0.0,0.0,0.0,0.0,0.0
4863,0.0,0.0,0.0,0.0,0.0,0.0,0.0,0.0,0.0
4864,0.0,0.0,0.0,0.0,0.0,0.0,0.0,0.0,0.0
4865,0.0,0.0,0.0,0.0,0.0,0.0,0.0,0.0,0.0
4866,0.0,0.0,0.0,0.0,0.0,0.0,0.0,0.0,0.0
4867,0.0,0.0,0.0,0.0,0.0,0.0,0.0,0.0,0.0
4868,0.0,0.0,0.0,0.0,0.0,0.0,0.0,0.0,0.0
4869,0.0,0.0,0.0,0.0,0.0,0.0,0.0,0.0,0.0
4870,0.0,0.0,0.0,0.0,0.0,0.0,0.0,0.0,0.0
4871,0.0,0.0,0.0,0.0,0.0,0.0,0.0,0.0,0.0
4872,0.0,0.0,0.0,0.0,0.0,0.0,0.0,0.0,0.0
4873,0.0,0.0,0.0,0.0,0.0,0.0,0.0,0.0,0.0
4874,0.0,0.0,0.0,0.0,0.0,0.0,0.0,0.0,0.0
4875,0.0,0.0,0.0,0.0,0.0,0.0,0.0,0.0,0.0
4876,0.0,0.0,0.0,0.0,0.0,0.0,0.0,0.0,0.0
4877,0.0,0.0,0.0,0.0,0.0,0.0,0.0,0.0,0.0
4878,0.0,0.0,0.0,0.0,0.0,0.0,0.0,0.0,0.0
4879,0.0,0.0,0.0,0.0,0.0,0.0,0.0,0.0,0.0
4880,0.0,0.0,0.0,0.0,0.0,0.0,0.0,0.0,0.0
4881,0.0,0.0,0.0,0.0,0.0,0.0,0.0,0.0,0.0
4882,0.0,0.0,0.0,0.0,0.0,0.0,0.0,0.0,0.0
4883,0.0,0.0,0.0,0.0,0.0,0.0,0.0,0.0,0.0
4884,0.0,0.0,0.0,0.0,0.0,0.0,0.0,0.0,0.0
4885,0.0,0.0,0.0,0.0,0.0,0.0,0.0,0.0,0.0
4886,0.0,0.0,0.0,0.0,0.0,0.0,0.0,0.0,0.0
4887,0.0,0.0,0.0,0.0,0.0,0.0,0.0,0.0,0.0
4888,0.0,0.0,0.0,0.0,0.0,0.0,0.0,0.0,0.0
4889,0.0,0.0,0.0,0.0,0.0,0.0,0.0,0.0,0.0
4890,0.0,0.0,0.0,0.0,0.0,0.0,0.0,0.0,0.0
4891,0.0,0.0,0.0,0.0,0.0,0.0,0.0,0.0,0.0
4892,0.0,0.0,0.0,0.0,0.0,0.0,0.0,0.0,0.0
4893,0.0,0.0,0.0,0.0,0.0,0.0,0.0,0.0,0.0
4894,0.0,0.0,0.0,0.0,0.0,0.0,0.0,0.0,0.0
4895,0.0,0.0,0.0,0.0,0.0,0.0,0.0,0.0,0.0
4896,0.0,0.0,0.0,0.0,0.0,0.0,0.0,0.0,0.0
4897,0.0,0.0,0.0,0.0,0.0,0.0,0.0,0.0,0.0
4898,0.0,0.0,0.0,0.0,0.0,0.0,0.0,0.0,0.0
4899,0.0,0.0,0.0,0.0,0.0,0.0,0.0,0.0,0.0
4900,0.0,0.0,0.0,0.0,0.0,0.0,0.0,0.0,0.0
4901,0.0,0.0,0.0,0.0,0.0,0.0,0.0,0.0,0.0
4902,0.0,0.0,0.0,0.0,0.0,0.0,0.0,0.0,0.0
4903,0.0,0.0,0.0,0.0,0.0,0.0,0.0,0.0,0.0
4904,0.0,0.0,0.0,0.0,0.0,0.0,0.0,0.0,0.0
4905,0.0,0.0,0.0,0.0,0.0,0.0,0.0,0.0,0.0
4906,0.0,0.0,0.0,0.0,0.0,0.0,0.0,0.0,0.0
4907,0.0,0.0,0.0,0.0,0.0,0.0,0.0,0.0,0.0
4908,0.0,0.0,0.0,0.0,0.0,0.0,0.0,0.0,0.0
4909,0.0,0.0,0.0,0.0,0.0,0.0,0.0,0.0,0.0
4910,0.0,0.0,0.0,0.0,0.0,0.0,0.0,0.0,0.0
4911,0.0,0.0,0.0,0.0,0.0,0.0,0.0,0.0,0.0
4912,0.0,0.0,0.0,0.0,0.0,0.0,0.0,0.0,0.0
4913,0.0,0.0,0.0,0.0,0.0,0.0,0.0,0.0,0.0
4914,0.0,0.0,0.0,0.0,0.0,0.0,0.0,0.0,0.0
4915,0.0,0.0,0.0,0.0,0.0,0.0,0.0,0.0,0.0
4916,0.0,0.0,0.0,0.0,0.0,0.0,0.0,0.0,0.0
4917,0.0,0.0,0.0,0.0,0.0,0.0,0.0,0.0,0.0
4918,0.0,0.0,0.0,0.0,0.0,0.0,0.0,0.0,0.0
4919,0.0,0.0,0.0,0.0,0.0,0.0,0.0,0.0,0.0
4920,0.0,0.0,0.0,0.0,0.0,0.0,0.0,0.0,0.0
4921,0.0,0.0,0.0,0.0,0.0,0.0,0.0,0.0,0.0
4922,0.0,0.0,0.0,0.0,0.0,0.0,0.0,0.0,0.0
4923,0.0,0.0,0.0,0.0,0.0,0.0,0.0,0.0,0.0
4924,0.0,0.0,0.0,0.0,0.0,0.0,0.0,0.0,0.0
4925,0.0,0.0,0.0,0.0,0.0,0.0,0.0,0.0,0.0
4926,0.0,0.0,0.0,0.0,0.0,0.0,0.0,0.0,0.0
4927,0.0,0.0,0.0,0.0,0.0,0.0,0.0,0.0,0.0
4928,0.0,0.0,0.0,0.0,0.0,0.0,0.0,0.0,0.0
4929,0.0,0.0,0.0,0.0,0.0,0.0,0.0,0.0,0.0
4930,0.0,0.0,0.0,0.0,0.0,0.0,0.0,0.0,0.0
4931,0.0,0.0,0.0,0.0,0.0,0.0,0.0,0.0,0.0
4932,0.0,0.0,0.0,0.0,0.0,0.0,0.0,0.0,0.0
4933,0.0,0.0,0.0,0.0,0.0,0.0,0.0,0.0,0.0
4934,0.0,0.0,0.0,0.0,0.0,0.0,0.0,0.0,0.0
4935,0.0,0.0,0.0,0.0,0.0,0.0,0.0,0.0,0.0
4936,0.0,0.0,0.0,0.0,0.0,0.0,0.0,0.0,0.0
4937,0.0,0.0,0.0,0.0,0.0,0.0,0.0,0.0,0.0
4938,0.0,0.0,0.0,0.0,0.0,0.0,0.0,0.0,0.0
4939,0.0,0.0,0.0,0.0,0.0,0.0,0.0,0.0,0.0
4940,0.0,0.0,0.0,0.0,0.0,0.0,0.0,0.0,0.0
4941,0.0,0.0,0.0,0.0,0.0,0.0,0.0,0.0,0.0
4942,0.0,0.0,0.0,0.0,0.0,0.0,0.0,0.0,0.0
4943,0.0,0.0,0.0,0.0,0.0,0.0,0.0,0.0,0.0
4944,0.0,0.0,0.0,0.0,0.0,0.0,0.0,0.0,0.0
4945,0.0,0.0,0.0,0.0,0.0,0.0,0.0,0.0,0.0
4946,0.0,0.0,0.0,0.0,0.0,0.0,0.0,0.0,0.0
4947,0.0,0.0,0.0,0.0,0.0,0.0,0.0,0.0,0.0
4948,0.0,0.0,0.0,0.0,0.0,0.0,0.0,0.0,0.0
4949,0.0,0.0,0.0,0.0,0.0,0.0,0.0,0.0,0.0
4950,0.0,0.0,0.0,0.0,0.0,0.0,0.0,0.0,0.0
4951,0.0,0.0,0.0,0.0,0.0,0.0,0.0,0.0,0.0
4952,0.0,0.0,0.0,0.0,0.0,0.0,0.0,0.0,0.0
4953,0.0,0.0,0.0,0.0,0.0,0.0,0.0,0.0,0.0
4954,0.0,0.0,0.0,0.0,0.0,0.0,0.0,0.0,0.0
4955,0.0,0.0,0.0,0.0,0.0,0.0,0.0,0.0,0.0
4956,0.0,0.0,0.0,0.0,0.0,0.0,0.0,0.0,0.0
4957,0.0,0.0,0.0,0.0,0.0,0.0,0.0,0.0,0.0
4958,0.0,0.0,0.0,0.0,0.0,0.0,0.0,0.0,0.0
4959,0.0,0.0,0.0,0.0,0.0,0.0,0.0,0.0,0.0
4960,0.0,0.0,0.0,0.0,0.0,0.0,0.0,0.0,0.0
4961,0.0,0.0,0.0,0.0,0.0,0.0,0.0,0.0,0.0
4962,0.0,0.0,0.0,0.0,0.0,0.0,0.0,0.0,0.0
4963,0.0,0.0,0.0,0.0,0.0,0.0,0.0,0.0,0.0
4964,0.0,0.0,0.0,0.0,0.0,0.0,0.0,0.0,0.0
4965,0.0,0.0,0.0,0.0,0.0,0.0,0.0,0.0,0.0
4966,0.0,0.0,0.0,0.0,0.0,0.0,0.0,0.0,0.0
4967,0.0,0.0,0.0,0.0,0.0,0.0,0.0,0.0,0.0
4968,0.0,0.0,0.0,0.0,0.0,0.0,0.0,0.0,0.0
4969,0.0,0.0,0.0,0.0,0.0,0.0,0.0,0.0,0.0
4970,0.0,0.0,0.0,0.0,0.0,0.0,0.0,0.0,0.0
4971,0.0,0.0,0.0,0.0,0.0,0.0,0.0,0.0,0.0
4972,0.0,0.0,0.0,0.0,0.0,0.0,0.0,0.0,0.0
4973,0.0,0.0,0.0,0.0,0.0,0.0,0.0,0.0,0.0
4974,0.0,0.0,0.0,0.0,0.0,0.0,0.0,0.0,0.0
4975,0.0,0.0,0.0,0.0,0.0,0.0,0.0,0.0,0.0
4976,0.0,0.0,0.0,0.0,0.0,0.0,0.0,0.0,0.0
4977,0.0,0.0,0.0,0.0,0.0,0.0,0.0,0.0,0.0
4978,0.0,0.0,0.0,0.0,0.0,0.0,0.0,0.0,0.0
4979,0.0,0.0,0.0,0.0,0.0,0.0,0.0,0.0,0.0
4980,0.0,0.0,0.0,0.0,0.0,0.0,0.0,0.0,0.0
4981,0.0,0.0,0.0,0.0,0.0,0.0,0.0,0.0,0.0
4982,0.0,0.0,0.0,0.0,0.0,0.0,0.0,0.0,0.0
4983,0.0,0.0,0.0,0.0,0.0,0.0,0.0,0.0,0.0
4984,0.0,0.0,0.0,0.0,0.0,0.0,0.0,0.0,0.0
4985,0.0,0.0,0.0,0.0,0.0,0.0,0.0,0.0,0.0
4986,0.0,0.0,0.0,0.0,0.0,0.0,0.0,0.0,0.0
4987,0.0,0.0,0.0,0.0,0.0,0.0,0.0,0.0,0.0
4988,0.0,0.0,0.0,0.0,0.0,0.0,0.0,0.0,0.0
4989,0.0,0.0,0.0,0.0,0.0,0.0,0.0,0.0,0.0
4990,0.0,0.0,0.0,0.0,0.0,0.0,0.0,0.0,0.0
4991,0.0,0.0,0.0,0.0,0.0,0.0,0.0,0.0,0.0
4992,0.0,0.0,0.0,0.0,0.0,0.0,0.0,0.0,0.0
4993,0.0,0.0,0.0,0.0,0.0,0.0,0.0,0.0,0.0
4994,0.0,0.0,0.0,0.0,0.0,0.0,0.0,0.0,0.0
4995,0.0,0.0,0.0,0.0,0.0,0.0,0.0,0.0,0.0
4996,0.0,0.0,0.0,0.0,0.0,0.0,0.0,0.0,0.0
4997,0.0,0.0,0.0,0.0,0.0,0.0,0.0,0.0,0.0
4998,0.0,0.0,0.0,0.0,0.0,0.0,0.0,0.0,0.0
4999,0.0,0.0,0.0,0.0,0.0,0.0,0.0,0.0,0.0
5000,0.0,0.0,0.0,0.0,0.0,0.0,0.0,0.0,0.0
